F,DT,T,Pos_X,Pos_Y,Pos_Z,Rot_X,Rot_Y,Rot_Z,Rot_W,Grip_pos,Grip_vel,Grip_eff
148310,0.0217079,0.0217078998684883,0.1221355,0.2541265,0.3946263,0.004053768,0.01767109,0.9991713,0.0364423,0.0398379974067211,0,0
148312,0.0166698,0.0383777003735304,0.1221355,0.2541265,0.3946263,0.004053768,0.01767109,0.9991713,0.0364423,0.0398379974067211,0,0
148314,0.0166654,0.0550430994480848,0.122156,0.2541706,0.3946739,0.004057164,0.01788511,0.9991712,0.03633915,0.0398379974067211,0,0
148320,0.0166669,0.0717099998146296,0.122156,0.2541706,0.3946739,0.004057164,0.01788511,0.9991712,0.03633915,0.0398379974067211,0,0
148324,0.0166662,0.0883761998265982,0.1221744,0.2542177,0.3947275,0.004055872,0.01811112,0.999171,0.03623202,0.0398379974067211,0,0
148326,0.0196164,0.107992600649595,0.1221744,0.2542177,0.3947275,0.004055872,0.01811112,0.999171,0.03623202,0.0398379974067211,0,0
148332,0.0166679,0.124660501256585,0.1221744,0.2542177,0.3947275,0.004055872,0.01811112,0.999171,0.03623202,0.0398379974067211,0,0
148334,0.0187482,0.143408700823784,0.1221972,0.2542782,0.394792,0.004052041,0.0183629,0.9991708,0.03611299,0.0398379974067211,0,0
148336,0.0166679,0.160076601430774,0.1221972,0.2542782,0.394792,0.004052041,0.0183629,0.9991708,0.03611299,0.0398379974067211,0,0
148342,0.0166669,0.176743501797318,0.1222812,0.2544314,0.3949483,0.004082395,0.01902045,0.9991695,0.03580229,0.0398379974067211,0,0
148344,0.0180773,0.194820802658796,0.1222812,0.2544314,0.3949483,0.004082395,0.01902045,0.9991695,0.03580229,0.0398379974067211,0,0
148348,0.0166682,0.211489003151655,0.1222812,0.2544314,0.3949483,0.004082395,0.01902045,0.9991695,0.03580229,0.0398379974067211,0,0
148352,0.0192656,0.230754602700472,0.122321,0.2545202,0.3950277,0.004089774,0.01936146,0.9991688,0.03564007,0.0398379974067211,0,0
148354,0.0166684,0.247423002496362,0.1223605,0.2546121,0.3950981,0.004105192,0.01969073,0.9991679,0.03548012,0.0398379974067211,0,0
148358,0.0166672,0.264090202748775,0.1223605,0.2546121,0.3950981,0.004105192,0.01969073,0.9991679,0.03548012,0.0398379974067211,0,0
148362,0.0166665,0.280756702646613,0.1224059,0.2547199,0.3951805,0.004117475,0.02008811,0.9991668,0.03528617,0.0398379974067211,0,0
148364,0.0221824,0.302939102053642,0.1224059,0.2547199,0.3951805,0.004117475,0.02008811,0.9991668,0.03528617,0.0398379974067211,0,0
148370,0.0166672,0.319606302306056,0.1224475,0.2548164,0.3952526,0.004132581,0.02045376,0.9991657,0.03510705,0.0398379974067211,0,0
148372,0.0166666,0.336272902786732,0.1224475,0.2548164,0.3952526,0.004132581,0.02045376,0.9991657,0.03510705,0.0398379974067211,0,0
148376,0.0166686,0.352941501885653,0.1224475,0.2548164,0.3952526,0.004132581,0.02045376,0.9991657,0.03510705,0.0398379974067211,0,0
148378,0.0166647,0.369606202468276,0.1224475,0.2548164,0.3952526,0.004132581,0.02045376,0.9991657,0.03510705,0.0398386530578136,0,0
148384,0.0166676,0.386273803189397,0.1224893,0.2549242,0.3953279,0.00414089,0.0208284,0.9991644,0.03492203,0.0398386530578136,0,0
148386,0.0166654,0.402939202263951,0.1224893,0.2549242,0.3953279,0.00414089,0.0208284,0.9991644,0.03492203,0.0398386530578136,0,0
148390,0.0166679,0.419607102870941,0.1225444,0.2551388,0.3954478,0.004140476,0.02144535,0.9991621,0.03461269,0.0398386530578136,0,0
148392,0.0176232,0.437230302020907,0.1225444,0.2551388,0.3954478,0.004140476,0.02144535,0.9991621,0.03461269,0.0398379974067211,0,0
148396,0.0166756,0.453905902802944,0.1225615,0.2552368,0.395496,0.004132604,0.02168372,0.9991611,0.0344927,0.0398379974067211,0,0
148398,0.0166608,0.470566703006625,0.1225615,0.2552368,0.395496,0.004132604,0.02168372,0.9991611,0.0344927,0.0398379974067211,0,0
148404,0.0166676,0.487234303727746,0.1225776,0.2553199,0.3955354,0.004127057,0.02188532,0.9991603,0.03438875,0.0398379974067211,0,0
148406,0.0166664,0.503900703042746,0.1225776,0.2553199,0.3955354,0.004127057,0.02188532,0.9991603,0.03438875,0.0398379974067211,0,0
148410,0.0166676,0.520568303763866,0.1225897,0.2553932,0.3955717,0.004120768,0.02206432,0.9991596,0.03429772,0.0398379974067211,0,0
148412,0.0180343,0.538602603599429,0.1225897,0.2553932,0.3955717,0.004120768,0.02206432,0.9991596,0.03429772,0.0398379974067211,0,0
148416,0.0166683,0.555270902812481,0.1225978,0.2554648,0.3956126,0.004107703,0.02225674,0.9991587,0.03420034,0.0398379974067211,0,0
148420,0.0166655,0.571936402469873,0.1225978,0.2554648,0.3956126,0.004107703,0.02225674,0.9991587,0.03420034,0.0398379974067211,0,0
148424,0.0166683,0.588604701682925,0.1225978,0.2554648,0.3956126,0.004107703,0.02225674,0.9991587,0.03420034,0.0398379974067211,0,0
148426,0.0198166,0.608421301469207,0.1226158,0.2555463,0.3956464,0.004105656,0.02243619,0.9991578,0.03410893,0.0398379974067211,0,0
148430,0.0166675,0.62508880160749,0.1226158,0.2555463,0.3956464,0.004105656,0.02243619,0.9991578,0.03410893,0.0398379974067211,0,0
148432,0.0166696,0.641758400946856,0.1226158,0.2555463,0.3956464,0.004105656,0.02243619,0.9991578,0.03410893,0.0398379974067211,0,0
148436,0.0166677,0.658426100388169,0.1226516,0.2557392,0.3957115,0.004107025,0.02278433,0.9991561,0.03392878,0.0398379974067211,0,0
148440,0.0166655,0.675091600045562,0.1226516,0.2557392,0.3957115,0.004107025,0.02278433,0.9991561,0.03392878,0.0398373417556286,0,0
148444,0.0166677,0.691759299486876,0.1226656,0.2558762,0.3957438,0.004095551,0.02297558,0.9991552,0.03382521,0.0398373417556286,0,0
148446,0.0166665,0.708425799384713,0.1226825,0.2559995,0.3957703,0.004092549,0.02313219,0.9991545,0.03374012,0.0398373417556286,0,0
148450,0.0166671,0.725092899054289,0.1226825,0.2559995,0.3957703,0.004092549,0.02313219,0.9991545,0.03374012,0.0398373417556286,0,0
148452,0.016667,0.741759898141027,0.1226825,0.2559995,0.3957703,0.004092549,0.02313219,0.9991545,0.03374012,0.0398379974067211,0,0
148458,0.016667,0.758426897227764,0.1226962,0.2561118,0.3957931,0.004088505,0.02327856,0.9991538,0.0336616,0.0398379974067211,0,0
148462,0.0166657,0.775092598050833,0.1226962,0.2561118,0.3957931,0.004088505,0.02327856,0.9991538,0.0336616,0.0398379974067211,0,0
148464,0.0190816,0.794174198061228,0.1227081,0.2562064,0.3958152,0.004084077,0.02340977,0.9991531,0.03359025,0.0398379974067211,0,0
148468,0.0166679,0.810842098668218,0.1227081,0.2562064,0.3958152,0.004084077,0.02340977,0.9991531,0.03359025,0.0398379974067211,0,0
148470,0.0190988,0.829940898343921,0.1227081,0.2562064,0.3958152,0.004084077,0.02340977,0.9991531,0.03359025,0.0398379974067211,0,0
148476,0.016668,0.846608897671103,0.1227317,0.2563309,0.3958572,0.004085699,0.02363701,0.9991517,0.03347326,0.0398379974067211,0,0
148478,0.0166657,0.863274598494172,0.1227317,0.2563309,0.3958572,0.004085699,0.02363701,0.9991517,0.03347326,0.0398379974067211,0,0
148480,0.0166681,0.879942698404193,0.1227317,0.2563309,0.3958572,0.004085699,0.02363701,0.9991517,0.03347326,0.0398379974067211,0,0
148484,0.0166684,0.896611098200083,0.1227437,0.2563726,0.3958773,0.004087388,0.0237469,0.9991509,0.03341816,0.0398379974067211,0,0
148486,0.0166654,0.913276497274637,0.122752,0.2564025,0.3958944,0.00408513,0.0238312,0.9991504,0.0333749,0.0398379974067211,0,0
148490,0.0166669,0.929943397641182,0.122752,0.2564025,0.3958944,0.00408513,0.0238312,0.9991504,0.0333749,0.0398379974067211,0,0
148494,0.0166671,0.946610497310758,0.1227607,0.2564273,0.3959114,0.004088245,0.02391484,0.9991497,0.03333416,0.0398379974067211,0,0
148498,0.0166669,0.963277397677302,0.1227607,0.2564273,0.3959114,0.004088245,0.02391484,0.9991497,0.03333416,0.0398379974067211,0,0
148502,0.0166665,0.97994389757514,0.1227607,0.2564273,0.3959114,0.004088245,0.02391484,0.9991497,0.03333416,0.0398379974067211,0,0
148504,0.016667,0.996610896661878,0.1227615,0.2564532,0.3959311,0.004079461,0.0240092,0.9991491,0.03328615,0.0398379974067211,0,0
148508,0.0166675,1.01327839680016,0.1227615,0.2564532,0.3959311,0.004079461,0.0240092,0.9991491,0.03328615,0.0398379974067211,0,0
148512,0.0180225,1.0313008967787,0.1227536,0.256484,0.3959559,0.004055715,0.02411255,0.9991484,0.03323416,0.0398379974067211,0,0
148516,0.0166683,1.04796919599175,0.1227536,0.256484,0.3959559,0.004055715,0.02411255,0.9991484,0.03323416,0.0398379974067211,0,0
148518,0.0171708,1.06513999588788,0.1227536,0.256484,0.3959559,0.004055715,0.02411255,0.9991484,0.03323416,0.0398379974067211,0,0
148522,0.0166674,1.08180739544332,0.1226559,0.2565445,0.3960236,0.00391216,0.02429014,0.9991477,0.03314464,0.0398379974067211,0,0
148524,0.0168203,1.09862769581378,0.1226559,0.2565445,0.3960236,0.00391216,0.02429014,0.9991477,0.03314464,0.0398379974067211,0,0
148530,0.0166683,1.11529599502683,0.1225915,0.2565704,0.3960553,0.003822454,0.02435216,0.9991476,0.03311255,0.0398379974067211,0,0
148532,0.0192855,1.13458149507642,0.1225915,0.2565704,0.3960553,0.003822454,0.02435216,0.9991476,0.03311255,0.0398379974067211,0,0
148536,0.0166689,1.15125039592385,0.122528,0.2566023,0.3960877,0.003734809,0.02442701,0.9991474,0.03307371,0.0398379974067211,0,0
148538,0.0166652,1.16791559569538,0.122528,0.2566023,0.3960877,0.003734809,0.02442701,0.9991474,0.03307371,0.0398379974067211,0,0
148544,0.0166681,1.1845836956054,0.1224411,0.256638,0.39613,0.003615744,0.0245118,0.9991472,0.03302978,0.0398379974067211,0,0
148546,0.0177191,1.20230279490352,0.1224411,0.256638,0.39613,0.003615744,0.0245118,0.9991472,0.03302978,0.0398379974067211,0,0
148550,0.0166683,1.21897109411657,0.1223626,0.2566575,0.3961539,0.003515268,0.0245695,0.9991472,0.03299623,0.0398379974067211,0,0
148552,0.0196176,1.23858869448304,0.1223626,0.2566575,0.3961539,0.003515268,0.0245695,0.9991472,0.03299623,0.0398386530578136,0,0
148556,0.0166679,1.25525659509003,0.1223626,0.2566575,0.3961539,0.003515268,0.0245695,0.9991472,0.03299623,0.0398386530578136,0,0
148560,0.0166657,1.2719222959131,0.1221595,0.2566552,0.3962023,0.003261252,0.02462861,0.9991479,0.03295826,0.0398386530578136,0,0
148564,0.016668,1.28859029524028,0.1221595,0.2566552,0.3962023,0.003261252,0.02462861,0.9991479,0.03295826,0.0398386530578136,0,0
148566,0.0182031,1.30679339542985,0.1221595,0.2566552,0.3962023,0.003261252,0.02462861,0.9991479,0.03295826,0.0398386530578136,0,0
148570,0.0166671,1.32346049509943,0.1220739,0.2566563,0.3962316,0.003152337,0.02466785,0.999148,0.03293791,0.0398386530578136,0,0
148572,0.0166673,1.34012779593468,0.1220739,0.2566563,0.3962316,0.003152337,0.02466785,0.999148,0.03293791,0.0398386530578136,0,0
148576,0.0166676,1.3567953966558,0.1219975,0.2566625,0.3962629,0.003051933,0.02471411,0.9991479,0.03291469,0.0398386530578136,0,0
148580,0.0174891,1.37428449653089,0.1219975,0.2566625,0.3962629,0.003051933,0.02471411,0.9991479,0.03291469,0.0398386530578136,0,0
148584,0.0166687,1.39095319621265,0.1219387,0.2566704,0.3962887,0.002972907,0.0247709,0.9991477,0.03288604,0.0398386530578136,0,0
148586,0.0166661,1.40761929564178,0.1219387,0.2566704,0.3962887,0.002972907,0.0247709,0.9991477,0.03288604,0.0398386530578136,0,0
148590,0.0166676,1.4242868963629,0.1218914,0.2566794,0.3963154,0.002911692,0.0248337,0.9991473,0.03285521,0.0398379974067211,0,0
148592,0.0171782,1.4414650965482,0.1218914,0.2566794,0.3963154,0.002911692,0.0248337,0.9991473,0.03285521,0.0398379974067211,0,0
148596,0.0166678,1.45813289657235,0.1218914,0.2566794,0.3963154,0.002911692,0.0248337,0.9991473,0.03285521,0.0398379974067211,0,0
148598,0.0166674,1.4748002961278,0.1218914,0.2566794,0.3963154,0.002911692,0.0248337,0.9991473,0.03285521,0.0398379974067211,0,0
148602,0.0166663,1.4914665967226,0.1218129,0.2566898,0.3963531,0.002805995,0.0248976,0.9991471,0.03282452,0.0398379974067211,0,0
148606,0.0166669,1.50813349708915,0.1218129,0.2566898,0.3963531,0.002805995,0.0248976,0.9991471,0.03282452,0.0398379974067211,0,0
148608,0.0166675,1.52480099722743,0.1217915,0.2566978,0.39637,0.002774774,0.02493723,0.9991468,0.03280593,0.0398379974067211,0,0
148612,0.0166667,1.5414676964283,0.1217915,0.2566978,0.39637,0.002774774,0.02493723,0.9991468,0.03280593,0.0398379974067211,0,0
148616,0.016667,1.55813469551504,0.1217712,0.2567054,0.3963834,0.0027454,0.02496855,0.9991466,0.03279029,0.0398379974067211,0,0
148618,0.0166669,1.57480159588158,0.1217712,0.2567054,0.3963834,0.0027454,0.02496855,0.9991466,0.03279029,0.0398379974067211,0,0
148624,0.0166666,1.59146819636226,0.1217533,0.2567142,0.3963994,0.002715636,0.02500943,0.9991462,0.0327711,0.0398379974067211,0,0
148630,0.0166674,1.6081355959177,0.1217336,0.2567218,0.3964147,0.002689418,0.02505324,0.9991459,0.03275007,0.0398379974067211,0,0
148634,0.0247653,1.63290089555085,0.1217336,0.2567218,0.3964147,0.002689418,0.02505324,0.9991459,0.03275007,0.0398379974067211,0,0
148638,0.0229618,1.65586269646883,0.1217336,0.2567218,0.3964147,0.002689418,0.02505324,0.9991459,0.03275007,0.0398379974067211,0,0
148642,0.0237513,1.67961399629712,0.1216944,0.256737,0.3964457,0.002633179,0.02513201,0.9991453,0.03271221,0.0398379974067211,0,0
148644,0.0174882,1.69710219651461,0.1216944,0.256737,0.3964457,0.002633179,0.02513201,0.9991453,0.03271221,0.0398379974067211,0,0
148646,0.0166684,1.7137705963105,0.1216944,0.256737,0.3964457,0.002633179,0.02513201,0.9991453,0.03271221,0.0398379974067211,0,0
148650,0.0166665,1.73043709620833,0.121674,0.2567416,0.3964583,0.002601878,0.02515979,0.9991452,0.03269914,0.0398379974067211,0,0
148654,0.0166668,1.74710389599204,0.1216658,0.256746,0.396466,0.002591942,0.02518121,0.9991449,0.0326893,0.0398379974067211,0,0
148658,0.0166673,1.76377119682729,0.1216658,0.256746,0.396466,0.002591942,0.02518121,0.9991449,0.0326893,0.0398379974067211,0,0
148660,0.0166667,1.78043789602816,0.1216658,0.256746,0.396466,0.002591942,0.02518121,0.9991449,0.0326893,0.0398379974067211,0,0
148664,0.0166672,1.79710509628057,0.1216398,0.2567505,0.3964793,0.002556267,0.02519996,0.9991449,0.0326808,0.0398379974067211,0,0
148666,0.0166666,1.81377169676125,0.1216398,0.2567505,0.3964793,0.002556267,0.02519996,0.9991449,0.0326808,0.0398379974067211,0,0
148670,0.0183636,1.83213529735804,0.1216045,0.2567532,0.3964936,0.002510936,0.02521245,0.9991449,0.03267471,0.0398379974067211,0,0
148674,0.0166679,1.84880319796503,0.1216045,0.2567532,0.3964936,0.002510936,0.02521245,0.9991449,0.03267471,0.0398379974067211,0,0
148678,0.0166664,1.86546959728003,0.1216045,0.2567532,0.3964936,0.002510936,0.02521245,0.9991449,0.03267471,0.0398379974067211,0,0
148682,0.0167088,1.8821783978492,0.1215531,0.2567557,0.3965124,0.002443708,0.02522549,0.9991449,0.03266861,0.0398379974067211,0,0
148686,0.0166645,1.89884289726615,0.1215531,0.2567557,0.3965124,0.002443708,0.02522549,0.9991449,0.03266861,0.0398379974067211,0,0
148690,0.0232555,1.92209839634597,0.1214117,0.2567743,0.3965761,0.00225747,0.02530327,0.9991445,0.03263291,0.0398379974067211,0,0
148694,0.0166677,1.93876609578729,0.1214117,0.2567743,0.3965761,0.00225747,0.02530327,0.9991445,0.03263291,0.0398379974067211,0,0
148698,0.0166657,1.95543179661036,0.1213148,0.2567868,0.3966215,0.002129189,0.0253644,0.9991441,0.03260467,0.0398379974067211,0,0
148702,0.0234291,1.97886089608073,0.1212367,0.2568018,0.3966641,0.002022044,0.02543738,0.9991437,0.03257078,0.0398379974067211,0,0
148704,0.0166673,1.99552819691598,0.1212367,0.2568018,0.3966641,0.002022044,0.02543738,0.9991437,0.03257078,0.0398379974067211,0,0
148706,0.0166678,2.01219599694014,0.1212367,0.2568018,0.3966641,0.002022044,0.02543738,0.9991437,0.03257078,0.0398379974067211,0,0
148710,0.0166671,2.02886309660971,0.1211443,0.2568156,0.3967092,0.001901224,0.025491,0.9991433,0.03254648,0.0398379974067211,0,0
148712,0.0166663,2.04552939720452,0.1211443,0.2568156,0.3967092,0.001901224,0.025491,0.9991433,0.03254648,0.0398379974067211,0,0
148718,0.0166671,2.06219649687409,0.1210382,0.2568313,0.3967618,0.001759975,0.02556404,0.9991428,0.03251279,0.0398379974067211,0,0
148720,0.0166676,2.07886409759521,0.1210382,0.2568313,0.3967618,0.001759975,0.02556404,0.9991428,0.03251279,0.0398379974067211,0,0
148724,0.0166665,2.09553059749305,0.1210382,0.2568313,0.3967618,0.001759975,0.02556404,0.9991428,0.03251279,0.0398379974067211,0,0
148726,0.0166666,2.11219719797373,0.1208563,0.2568604,0.3968509,0.001518901,0.02569495,0.9991418,0.03245274,0.0398379974067211,0,0
148730,0.016667,2.12886419706047,0.1208563,0.2568604,0.3968509,0.001518901,0.02569495,0.9991418,0.03245274,0.0398379974067211,0,0
148732,0.0166665,2.1455306969583,0.1208563,0.2568604,0.3968509,0.001518901,0.02569495,0.9991418,0.03245274,0.0398379974067211,0,0
148738,0.0166672,2.16219789721072,0.1207763,0.256877,0.396894,0.001409381,0.02575939,0.9991412,0.03242353,0.0398379974067211,0,0
148740,0.0166663,2.17886419780552,0.1206972,0.2568837,0.3969286,0.001309008,0.02580367,0.9991409,0.03240309,0.0398379974067211,0,0
148744,0.0166677,2.19553189724684,0.1206972,0.2568837,0.3969286,0.001309008,0.02580367,0.9991409,0.03240309,0.0398379974067211,0,0
148746,0.0166808,2.21221269667149,0.1206972,0.2568837,0.3969286,0.001309008,0.02580367,0.9991409,0.03240309,0.0398379974067211,0,0
148750,0.0166674,2.22888009622693,0.1206056,0.2568918,0.3969659,0.001192975,0.02583244,0.9991407,0.0323909,0.0398379974067211,0,0
148752,0.0166661,2.24554619565606,0.1206056,0.2568918,0.3969659,0.001192975,0.02583244,0.9991407,0.0323909,0.0398386530578136,0,0
148758,0.0166674,2.26221359521151,0.1205174,0.2568982,0.3970005,0.001092529,0.02586536,0.9991404,0.03237612,0.0398386530578136,0,0
148760,0.0166668,2.27888039499521,0.1205174,0.2568982,0.3970005,0.001092529,0.02586536,0.9991404,0.03237612,0.0398386530578136,0,0
148764,0.0166685,2.29554889537394,0.1205174,0.2568982,0.3970005,0.001092529,0.02586536,0.9991404,0.03237612,0.0398386530578136,0,0
148766,0.0166668,2.31221569515765,0.1204266,0.2569007,0.3970327,0.0009839318,0.02588229,0.9991403,0.03236905,0.0398386530578136,0,0
148770,0.0166663,2.32888199575245,0.1204266,0.2569007,0.3970327,0.0009839318,0.02588229,0.9991403,0.03236905,0.0398386530578136,0,0
148772,0.0166662,2.34554819576442,0.1204266,0.2569007,0.3970327,0.0009839318,0.02588229,0.9991403,0.03236905,0.0398386530578136,0,0
148778,0.0166675,2.36221569590271,0.1203049,0.2569027,0.3970761,0.0008377565,0.02589411,0.9991403,0.03236639,0.0398386530578136,0,0
148780,0.0166672,2.37888289615512,0.1203049,0.2569027,0.3970761,0.0008377565,0.02589411,0.9991403,0.03236639,0.0398386530578136,0,0
148784,0.0166676,2.39555049687624,0.1202923,0.2569003,0.3970801,0.0008208098,0.02589583,0.9991402,0.0323658,0.0398386530578136,0,0
148786,0.0166656,2.41221609711647,0.1202888,0.2568951,0.3970794,0.0008177799,0.02589322,0.9991403,0.03236686,0.0398386530578136,0,0
148790,0.0166674,2.42888349667192,0.1202888,0.2568951,0.3970794,0.0008177799,0.02589322,0.9991403,0.03236686,0.0398386530578136,0,0
148792,0.0166664,2.44554989598691,0.1202888,0.2568951,0.3970794,0.0008177799,0.02589322,0.9991403,0.03236686,0.0398379974067211,0,0
148798,0.0166678,2.46221769601107,0.120284,0.2568952,0.3970804,0.0008125292,0.02589462,0.9991403,0.03236602,0.0398379974067211,0,0
148800,0.0166657,2.47888339683414,0.120284,0.2568952,0.3970804,0.0008125292,0.02589462,0.9991403,0.03236602,0.0398379974067211,0,0
148804,0.0166681,2.49555149674416,0.1202839,0.2568935,0.3970807,0.0008117905,0.02589584,0.9991403,0.03236568,0.0398379974067211,0,0
148806,0.0166691,2.51222059689462,0.1202839,0.2568935,0.3970807,0.0008117905,0.02589584,0.9991403,0.03236568,0.0398379974067211,0,0
148810,0.0166648,2.52888539619744,0.120275,0.2568929,0.3970842,0.0008016052,0.02589869,0.9991402,0.03236473,0.0398379974067211,0,0
148814,0.0166661,2.54555149562657,0.120275,0.2568929,0.3970842,0.0008016052,0.02589869,0.9991402,0.03236473,0.0398379974067211,0,0
148818,0.0166692,2.56222069635987,0.120275,0.2568929,0.3970842,0.0008016052,0.02589869,0.9991402,0.03236473,0.0398379974067211,0,0
148820,0.0166644,2.57888509705663,0.120275,0.2568929,0.3970842,0.0008016052,0.02589869,0.9991402,0.03236473,0.0398379974067211,0,0
148824,0.0166677,2.59555279649794,0.1202347,0.2568897,0.3970972,0.0007513433,0.0258989,0.9991402,0.03236502,0.0398379974067211,0,0
148826,0.0166665,2.61221929639578,0.1202347,0.2568897,0.3970972,0.0007513433,0.0258989,0.9991402,0.03236502,0.0398379974067211,0,0
148832,0.0166683,2.62888759560883,0.120194,0.2568829,0.3971086,0.0007035726,0.0258913,0.9991403,0.03236992,0.0398379974067211,0,0
148834,0.0166655,2.64555309526622,0.120111,0.2568633,0.3971319,0.0006133983,0.0258719,0.9991404,0.03238209,0.0398379974067211,0,0
148838,0.0166689,2.66222199611366,0.120111,0.2568633,0.3971319,0.0006133983,0.0258719,0.9991404,0.03238209,0.0398373417556286,0,0
148842,0.0202251,2.68244709633291,0.1199882,0.256803,0.3971588,0.0004902132,0.02580657,0.999141,0.03241958,0.0398373417556286,0,0
148844,0.0166669,2.69911399669945,0.1199882,0.256803,0.3971588,0.0004902132,0.02580657,0.999141,0.03241958,0.0398373417556286,0,0
148846,0.0166685,2.71578249707818,0.1199882,0.256803,0.3971588,0.0004902132,0.02580657,0.999141,0.03241958,0.0398373417556286,0,0
148852,0.0166662,2.73244869709015,0.1198102,0.2566962,0.3971951,0.0003936387,0.02569147,0.9991419,0.03248618,0.0398373417556286,0,0
148854,0.0166672,2.74911589734256,0.1198102,0.2566962,0.3971951,0.0003936387,0.02569147,0.9991419,0.03248618,0.0398373417556286,0,0
148858,0.0166671,2.76578299701214,0.1198102,0.2566962,0.3971951,0.0003936387,0.02569147,0.9991419,0.03248618,0.0398379974067211,0,0
148860,0.0166672,2.78245019726455,0.1194719,0.2564002,0.39726,0.0002351561,0.02546316,0.9991432,0.0326237,0.0398379974067211,0,0
148866,0.0166668,2.79911699704826,0.1194719,0.2564002,0.39726,0.0002351561,0.02546316,0.9991432,0.0326237,0.0398379974067211,0,0
148868,0.0166663,2.81578329764307,0.1193078,0.2561684,0.3972747,0.0002209232,0.02526483,0.9991446,0.0327377,0.0398379974067211,0,0
148870,0.0166672,2.83245049789548,0.1193078,0.2561684,0.3972747,0.0002209232,0.02526483,0.9991446,0.0327377,0.0398379974067211,0,0
148874,0.0166727,2.84912319853902,0.1191883,0.2559494,0.3972867,0.0002060321,0.02511124,0.9991454,0.03283071,0.0398379974067211,0,0
148876,0.0166616,2.86578479781747,0.1191883,0.2559494,0.3972867,0.0002060321,0.02511124,0.9991454,0.03283071,0.0398379974067211,0,0
148880,0.0166679,2.88245269842446,0.1191883,0.2559494,0.3972867,0.0002060321,0.02511124,0.9991454,0.03283071,0.0398379974067211,0,0
148884,0.0166659,2.89911859855056,0.1190976,0.2557519,0.3972991,0.0001904024,0.0250227,0.9991457,0.03288829,0.0398379974067211,0,0
148886,0.0166683,2.91578689776361,0.1190976,0.2557519,0.3972991,0.0001904024,0.0250227,0.9991457,0.03288829,0.0398379974067211,0,0
148890,0.0166661,2.93245299719274,0.1190442,0.2555938,0.3972844,0.0001763505,0.02491339,0.9991465,0.0329494,0.0398379974067211,0,0
148894,0.0166674,2.94912039674819,0.1190442,0.2555938,0.3972844,0.0001763505,0.02491339,0.9991465,0.0329494,0.0398379974067211,0,0
148898,0.0166667,2.96578709594905,0.1190442,0.2555938,0.3972844,0.0001763505,0.02491339,0.9991465,0.0329494,0.0398379974067211,0,0
148902,0.0166669,2.9824539963156,0.1189812,0.2554711,0.3972853,0.0001597061,0.0248825,0.9991466,0.03296795,0.0398379974067211,0,0
148904,0.0166657,2.99911969713867,0.1189812,0.2554711,0.3972853,0.0001597061,0.0248825,0.9991466,0.03296795,0.0398379974067211,0,0
148906,0.0166676,3.01578729785979,0.1189812,0.2554711,0.3972853,0.0001597061,0.0248825,0.9991466,0.03296795,0.0398379974067211,0,0
148910,0.0166672,3.0324544981122,0.118958,0.2554879,0.3973063,0.0001630577,0.0249373,0.9991461,0.03294249,0.0398379974067211,0,0
148914,0.0166703,3.04912479780614,0.1189189,0.2554923,0.3973276,0.0001581964,0.02498207,0.9991456,0.03292213,0.0398379974067211,0,0
148918,0.0166639,3.06578869745135,0.1189189,0.2554923,0.3973276,0.0001581964,0.02498207,0.9991456,0.03292213,0.0398379974067211,0,0
148920,0.0166686,3.08245729655027,0.1189189,0.2554923,0.3973276,0.0001581964,0.02498207,0.9991456,0.03292213,0.0398379974067211,0,0
148924,0.0166653,3.09912259690464,0.1188476,0.2555113,0.397367,0.0001410608,0.02504335,0.999145,0.03289464,0.0398379974067211,0,0
148926,0.0166676,3.11579019762576,0.1188476,0.2555113,0.397367,0.0001410608,0.02504335,0.999145,0.03289464,0.0398379974067211,0,0
148932,0.0166666,3.13245679810643,0.1187451,0.2555229,0.3974143,7.714812E-05,0.02510778,0.9991443,0.03286611,0.0398379974067211,0,0
148934,0.0174614,3.14991819858551,0.1187451,0.2555229,0.3974143,7.714812E-05,0.02510778,0.9991443,0.03286611,0.0398379974067211,0,0
148938,0.0166664,3.16658459790051,0.1187451,0.2555229,0.3974143,7.714812E-05,0.02510778,0.9991443,0.03286611,0.0398379974067211,0,0
148940,0.016667,3.18325159698725,0.1186623,0.2555429,0.3974617,3.859358E-05,0.02519857,0.9991434,0.03282413,0.0398379974067211,0,0
148944,0.0166666,3.19991819746792,0.1186623,0.2555429,0.3974617,3.859358E-05,0.02519857,0.9991434,0.03282413,0.0398379974067211,0,0
148948,0.0166676,3.21658579818904,0.1186623,0.2555429,0.3974617,3.859358E-05,0.02519857,0.9991434,0.03282413,0.0398379974067211,0,0
148950,0.0166674,3.23325319774449,0.1186055,0.2555719,0.3975118,6.82986E-05,0.02533808,0.9991421,0.0327593,0.0398379974067211,0,0
148954,0.0166666,3.24991979822516,0.1186055,0.2555719,0.3975118,6.82986E-05,0.02533808,0.9991421,0.0327593,0.0398379974067211,0,0
148958,0.0166666,3.26658639870584,0.1186055,0.2555719,0.3975118,6.82986E-05,0.02533808,0.9991421,0.0327593,0.0398379974067211,0,0
148960,0.0166669,3.28325329907238,0.1185988,0.2555965,0.3975426,0.0001567913,0.02547306,0.9991407,0.03269561,0.0398379974067211,0,0
148964,0.0166669,3.29992019943893,0.1185988,0.2555965,0.3975426,0.0001567913,0.02547306,0.9991407,0.03269561,0.0398379974067211,0,0
148968,0.0166678,3.31658799946308,0.1185988,0.2555965,0.3975426,0.0001567913,0.02547306,0.9991407,0.03269561,0.0398379974067211,0,0
148972,0.0166659,3.33325389958918,0.1185621,0.2555967,0.3975541,0.000167017,0.02550373,0.9991404,0.03267946,0.0398379974067211,0,0
148974,0.0166667,3.34992059879005,0.1185621,0.2555967,0.3975541,0.000167017,0.02550373,0.9991404,0.03267946,0.0398379974067211,0,0
148978,0.016667,3.36658759787679,0.1184928,0.2556045,0.3975824,0.0001925253,0.02555487,0.9991399,0.03265495,0.0398379974067211,0,0
148980,0.0166676,3.38325519859791,0.1184928,0.2556045,0.3975824,0.0001925253,0.02555487,0.9991399,0.03265495,0.0398379974067211,0,0
148986,0.016666,3.39992119930685,0.1183845,0.255614,0.3976214,0.000202376,0.02562711,0.9991392,0.03261802,0.0398379974067211,0,0
148988,0.0166672,3.41658839955926,0.1183845,0.255614,0.3976214,0.000202376,0.02562711,0.9991392,0.03261802,0.0398379974067211,0,0
148990,0.0166678,3.43325619958341,0.1183845,0.255614,0.3976214,0.000202376,0.02562711,0.9991392,0.03261802,0.0398379974067211,0,0
148994,0.0166662,3.44992239959538,0.1180428,0.2555822,0.3976799,0.0003917292,0.02568357,0.9991391,0.03257706,0.0398379974067211,0,0
148996,0.016667,3.46658939868212,0.1180428,0.2555822,0.3976799,0.0003917292,0.02568357,0.9991391,0.03257706,0.0398379974067211,0,0
149000,0.0166671,3.48325649835169,0.1180428,0.2555822,0.3976799,0.0003917292,0.02568357,0.9991391,0.03257706,0.0398379974067211,0,0
149004,0.0166677,3.49992419779301,0.1178469,0.2555462,0.3976921,0.0004943017,0.02570131,0.9991393,0.03255524,0.0398379974067211,0,0
149008,0.0166656,3.51658979803324,0.1176256,0.2554886,0.3976844,0.0006190896,0.02567368,0.9991401,0.0325486,0.0398379974067211,0,0
149012,0.0166669,3.53325669839978,0.1176256,0.2554886,0.3976844,0.0006190896,0.02567368,0.9991401,0.0325486,0.0398379974067211,0,0
149014,0.0166674,3.54992409795523,0.1174298,0.255437,0.3976746,0.0007680936,0.02565685,0.9991408,0.03253863,0.0398379974067211,0,0
149018,0.0166668,3.56659089773893,0.1174298,0.255437,0.3976746,0.0007680936,0.02565685,0.9991408,0.03253863,0.0398379974067211,0,0
149020,0.0166679,3.58325879834592,0.1174298,0.255437,0.3976746,0.0007680936,0.02565685,0.9991408,0.03253863,0.0398379974067211,0,0
149024,0.0166665,3.59992529824376,0.117184,0.2553593,0.3976535,0.000954254,0.02558959,0.9991421,0.03254782,0.0398379974067211,0,0
149026,0.0166674,3.61659269779921,0.117184,0.2553593,0.3976535,0.000954254,0.02558959,0.9991421,0.03254782,0.0398379974067211,0,0
149030,0.0166685,3.63326119817793,0.117184,0.2553593,0.3976535,0.000954254,0.02558959,0.9991421,0.03254782,0.0398379974067211,0,0
149034,0.0166652,3.64992639794946,0.1169184,0.2552727,0.3976282,0.001103499,0.02551404,0.9991434,0.03256046,0.0398379974067211,0,0
149038,0.0166663,3.66659269854426,0.1169184,0.2552727,0.3976282,0.001103499,0.02551404,0.9991434,0.03256046,0.0398379974067211,0,0
149040,0.0166674,3.68326009809971,0.1169184,0.2552727,0.3976282,0.001103499,0.02551404,0.9991434,0.03256046,0.0398379974067211,0,0
149046,0.0166665,3.69992659799755,0.1163684,0.255102,0.3975841,0.001443811,0.02535507,0.9991462,0.03258847,0.0398379974067211,0,0
149048,0.0166664,3.71659299731255,0.1163684,0.255102,0.3975841,0.001443811,0.02535507,0.9991462,0.03258847,0.0398379974067211,0,0
149052,0.0166674,3.73326039686799,0.116105,0.2549977,0.3975394,0.001671412,0.02527507,0.9991475,0.03259636,0.0398379974067211,0,0
149054,0.0166666,3.74992699734867,0.1158862,0.2548957,0.3974833,0.001931876,0.02519206,0.9991488,0.03260815,0.0398379974067211,0,0
149060,0.0166674,3.76659439690411,0.1158862,0.2548957,0.3974833,0.001931876,0.02519206,0.9991488,0.03260815,0.0398379974067211,0,0
149062,0.017454,3.78404839709401,0.1156906,0.2547845,0.397411,0.002209898,0.02512472,0.9991499,0.03260854,0.0398379974067211,0,0
149066,0.0166677,3.80071609653533,0.1156906,0.2547845,0.397411,0.002209898,0.02512472,0.9991499,0.03260854,0.0398379974067211,0,0
149068,0.016666,3.81738209724426,0.1156906,0.2547845,0.397411,0.002209898,0.02512472,0.9991499,0.03260854,0.0398379974067211,0,0
149074,0.0166679,3.83404999785125,0.1154915,0.2546867,0.3973498,0.002480172,0.02515381,0.9991502,0.03255952,0.0398379974067211,0,0
149076,0.0207426,3.85479259863496,0.1154915,0.2546867,0.3973498,0.002480172,0.02515381,0.9991502,0.03255952,0.0398379974067211,0,0
149080,0.0166681,3.87146069854498,0.1152857,0.2545825,0.3972861,0.002723376,0.02512179,0.9991509,0.03254267,0.0398379974067211,0,0
149082,0.0166671,3.88812779821455,0.1152857,0.2545825,0.3972861,0.002723376,0.02512179,0.9991509,0.03254267,0.0398379974067211,0,0
149086,0.0166682,3.90479599870741,0.1152857,0.2545825,0.3972861,0.002723376,0.02512179,0.9991509,0.03254267,0.0398379974067211,0,0
149088,0.0166661,3.92146209813654,0.114756,0.2544292,0.397242,0.003054466,0.02511142,0.9991517,0.03249504,0.0398379974067211,0,0
149092,0.0214766,3.94293869845569,0.114756,0.2544292,0.397242,0.003054466,0.02511142,0.9991517,0.03249504,0.0398379974067211,0,0
149096,0.016668,3.95960669778287,0.114756,0.2544292,0.397242,0.003054466,0.02511142,0.9991517,0.03249504,0.0398379974067211,0,0
149100,0.016667,3.97627369686961,0.1141582,0.2543369,0.3972577,0.003483146,0.0251551,0.9991512,0.03243449,0.0398379974067211,0,0
149102,0.0166708,3.9929444976151,0.1141582,0.2543369,0.3972577,0.003483146,0.0251551,0.9991512,0.03243449,0.0398379974067211,0,0
149106,0.0166631,4.00960759818554,0.1141582,0.2543369,0.3972577,0.003483146,0.0251551,0.9991512,0.03243449,0.0398379974067211,0,0
149108,0.0166721,4.02627969905734,0.1139207,0.2543428,0.3972787,0.00365424,0.02523972,0.9991503,0.03237765,0.0398379974067211,0,0
149112,0.0166627,4.04294239915907,0.1139207,0.2543428,0.3972787,0.00365424,0.02523972,0.9991503,0.03237765,0.0398379974067211,0,0
149116,0.0166684,4.05961079895496,0.113725,0.2543808,0.3973092,0.003837307,0.02535911,0.9991488,0.03230796,0.0398379974067211,0,0
149120,0.0166648,4.07627559825778,0.113725,0.2543808,0.3973092,0.003837307,0.02535911,0.9991488,0.03230796,0.0398379974067211,0,0
149124,0.0166688,4.09294439852238,0.113725,0.2543808,0.3973092,0.003837307,0.02535911,0.9991488,0.03230796,0.0398379974067211,0,0
149126,0.017567,4.1105113979429,0.1135694,0.254432,0.3973421,0.003961074,0.0254632,0.9991476,0.03224926,0.0398379974067211,0,0
149130,0.0166692,4.1271805986762,0.1135694,0.254432,0.3973421,0.003961074,0.0254632,0.9991476,0.03224926,0.0398379974067211,0,0
149134,0.0166653,4.14384589903057,0.1133222,0.2545369,0.3974175,0.004214304,0.02566092,0.9991448,0.03214692,0.0398379974067211,0,0
149138,0.0166679,4.16051379963756,0.1133222,0.2545369,0.3974175,0.004214304,0.02566092,0.9991448,0.03214692,0.0398379974067211,0,0
149140,0.0173041,4.17781789973378,0.1133222,0.2545369,0.3974175,0.004214304,0.02566092,0.9991448,0.03214692,0.0398379974067211,0,0
149144,0.0166678,4.19448569975793,0.1132139,0.2545719,0.3974513,0.004322814,0.02574827,0.9991435,0.03210295,0.0398379974067211,0,0
149148,0.0200588,4.21454449929297,0.1131331,0.2545962,0.3974671,0.004480604,0.02582311,0.9991422,0.03206277,0.0398379974067211,0,0
149152,0.016668,4.23121249862015,0.1131331,0.2545962,0.3974671,0.004480604,0.02582311,0.9991422,0.03206277,0.0398379974067211,0,0
149154,0.0166665,4.24787899851799,0.1130776,0.2545944,0.3974463,0.004569959,0.0258726,0.9991417,0.03202523,0.0398379974067211,0,0
149158,0.0166671,4.26454609818757,0.1130776,0.2545944,0.3974463,0.004569959,0.0258726,0.9991417,0.03202523,0.0398379974067211,0,0
149160,0.0166659,4.28121199831367,0.1130776,0.2545944,0.3974463,0.004569959,0.0258726,0.9991417,0.03202523,0.0398379974067211,0,0
149166,0.0166681,4.29788009822369,0.1130196,0.2545775,0.3973891,0.004680242,0.02591473,0.9991416,0.03197928,0.0398379974067211,0,0
149168,0.0177767,4.3156567979604,0.1130196,0.2545775,0.3973891,0.004680242,0.02591473,0.9991416,0.03197928,0.0398379974067211,0,0
149172,0.0166691,4.33232589811087,0.1129693,0.2545438,0.3973104,0.004790076,0.02594316,0.9991418,0.03193412,0.0398379974067211,0,0
149174,0.0181721,4.35049799829721,0.1129693,0.2545438,0.3973104,0.004790076,0.02594316,0.9991418,0.03193412,0.0398379974067211,0,0
149176,0.016668,4.3671659976244,0.1129693,0.2545438,0.3973104,0.004790076,0.02594316,0.9991418,0.03193412,0.0398379974067211,0,0
149180,0.0166673,4.38383329845965,0.1127959,0.2543665,0.3970309,0.004958229,0.02581906,0.9991453,0.03189596,0.0398379974067211,0,0
149184,0.0166668,4.40050009824336,0.1127959,0.2543665,0.3970309,0.004958229,0.02581906,0.9991453,0.03189596,0.0398379974067211,0,0
149186,0.0166673,4.41716739907861,0.1127959,0.2543665,0.3970309,0.004958229,0.02581906,0.9991453,0.03189596,0.0398379974067211,0,0
149190,0.0166668,4.43383419886231,0.1126824,0.25418,0.3968075,0.005126748,0.02568685,0.9991482,0.03188813,0.0398379974067211,0,0
149194,0.0166668,4.45050099864602,0.1125049,0.2538982,0.3965094,0.00518403,0.02552991,0.9991527,0.03186487,0.0398379974067211,0,0
149198,0.0166664,4.46716739796102,0.1125049,0.2538982,0.3965094,0.00518403,0.02552991,0.9991527,0.03186487,0.0398379974067211,0,0
149200,0.0166662,4.48383359797299,0.1125049,0.2538982,0.3965094,0.00518403,0.02552991,0.9991527,0.03186487,0.0398379974067211,0,0
149206,0.0166676,4.50050119869411,0.1122701,0.253519,0.3961189,0.00525189,0.02530566,0.9991586,0.03184551,0.0398379974067211,0,0
149208,0.0166657,4.51716689951718,0.1122701,0.253519,0.3961189,0.00525189,0.02530566,0.9991586,0.03184551,0.0398379974067211,0,0
149212,0.016667,4.53383389860392,0.1119522,0.2529845,0.3955746,0.005372241,0.02500676,0.9991665,0.03181297,0.0398379974067211,0,0
149214,0.0166668,4.55050069838762,0.1119522,0.2529845,0.3955746,0.005372241,0.02500676,0.9991665,0.03181297,0.0398379974067211,0,0
149218,0.0166673,4.56716799922287,0.1119522,0.2529845,0.3955746,0.005372241,0.02500676,0.9991665,0.03181297,0.0398379974067211,0,0
149220,0.0166665,4.58383449912071,0.1115207,0.252369,0.3949627,0.005468631,0.02462008,0.9991761,0.03179648,0.0398379974067211,0,0
149226,0.0166668,4.60050129890442,0.1115207,0.252369,0.3949627,0.005468631,0.02462008,0.9991761,0.03179648,0.0398379974067211,0,0
149228,0.0166671,4.61716839857399,0.1102768,0.250881,0.3935122,0.005710896,0.02363878,0.9991995,0.0317651,0.0398379974067211,0,0
149234,0.0166678,4.63383619859815,0.1102768,0.250881,0.3935122,0.005710896,0.02363878,0.9991995,0.0317651,0.0398379974067211,0,0
149234,0.0222633,4.65609949827194,0.1102768,0.250881,0.3935122,0.005710896,0.02363878,0.9991995,0.0317651,0.0398379974067211,0,0
149240,0.0166686,4.67276809737086,0.1086398,0.2491496,0.391862,0.00596457,0.02266182,0.9992245,0.03164186,0.0398379974067211,0,0
149242,0.0166666,4.68943469785154,0.1086398,0.2491496,0.391862,0.00596457,0.02266182,0.9992245,0.03164186,0.0398379974067211,0,0
149246,0.016667,4.70610169693828,0.1086398,0.2491496,0.391862,0.00596457,0.02266182,0.9992245,0.03164186,0.0398379974067211,0,0
149248,0.0166669,4.72276859730482,0.1077048,0.2481629,0.3909033,0.006197928,0.02223964,0.9992371,0.03149807,0.0398379974067211,0,0
149252,0.0166673,4.73943589814007,0.1077048,0.2481629,0.3909033,0.006197928,0.02223964,0.9992371,0.03149807,0.0398379974067211,0,0
149254,0.0166669,4.75610279850662,0.1077048,0.2481629,0.3909033,0.006197928,0.02223964,0.9992371,0.03149807,0.0398379974067211,0,0
149260,0.016667,4.77276979759336,0.1067878,0.2470752,0.3898023,0.006514071,0.0218494,0.99925,0.03129831,0.0398379974067211,0,0
149262,0.0166672,4.78943699784577,0.1067878,0.2470752,0.3898023,0.006514071,0.0218494,0.99925,0.03129831,0.0398379974067211,0,0
149266,0.0166661,4.8061030972749,0.1058042,0.2455939,0.3882207,0.006915545,0.02125516,0.9992678,0.03105241,0.0398379974067211,0,0
149270,0.0179067,4.82400979660451,0.1058042,0.2455939,0.3882207,0.006915545,0.02125516,0.9992678,0.03105241,0.0398379974067211,0,0
149274,0.0191513,4.84316109679639,0.1058042,0.2455939,0.3882207,0.006915545,0.02125516,0.9992678,0.03105241,0.0398379974067211,0,0
149276,0.0166679,4.85982899740338,0.104096,0.2413682,0.3833519,0.007777919,0.01959091,0.9993183,0.03030931,0.0398379974067211,0,0
149280,0.0166668,4.87649579718709,0.104096,0.2413682,0.3833519,0.007777919,0.01959091,0.9993183,0.03030931,0.0398379974067211,0,0
149282,0.0166687,4.89316449686885,0.104096,0.2413682,0.3833519,0.007777919,0.01959091,0.9993183,0.03030931,0.0398379974067211,0,0
149286,0.0166655,4.90982999652624,0.1025349,0.2354452,0.3764356,0.008650979,0.01700954,0.9993837,0.02946168,0.0398379974067211,0,0
149288,0.0166696,4.92649959586561,0.1025349,0.2354452,0.3764356,0.008650979,0.01700954,0.9993837,0.02946168,0.0398379974067211,0,0
149292,0.0166644,4.94316399656236,0.1025349,0.2354452,0.3764356,0.008650979,0.01700954,0.9993837,0.02946168,0.0398379974067211,0,0
149296,0.0166669,4.95983089692891,0.1016384,0.2322199,0.3728816,0.008993012,0.0159134,0.9994144,0.02892647,0.0398379974067211,0,0
149300,0.016667,4.97649789601564,0.1016384,0.2322199,0.3728816,0.008993012,0.0159134,0.9994144,0.02892647,0.0398373417556286,0,0
149302,0.0166679,4.99316579662263,0.1016384,0.2322199,0.3728816,0.008993012,0.0159134,0.9994144,0.02892647,0.0398373417556286,0,0
149306,0.0166659,5.00983169674873,0.1006112,0.2289577,0.3695847,0.009288561,0.01488622,0.9994413,0.02844662,0.0398373417556286,0,0
149308,0.0166672,5.02649889700115,0.1006112,0.2289577,0.3695847,0.009288561,0.01488622,0.9994413,0.02844662,0.0398373417556286,0,0
149312,0.0166668,5.04316569678485,0.09935125,0.2255058,0.3664953,0.009555765,0.01391708,0.999465,0.02801167,0.0398373417556286,0,0
149316,0.0166692,5.05983489751816,0.09935125,0.2255058,0.3664953,0.009555765,0.01391708,0.999465,0.02801167,0.0398373417556286,0,0
149322,0.0166647,5.07649959810078,0.09706348,0.2193749,0.3620717,0.01028058,0.0134659,0.9994911,0.02702762,0.0398373417556286,0,0
149326,0.0226758,5.09917539730668,0.09706348,0.2193749,0.3620717,0.01028058,0.0134659,0.9994911,0.02702762,0.0398373417556286,0,0
149332,0.0248545,5.12402989715338,0.0961083,0.216429,0.3602858,0.01079526,0.01346086,0.9994967,0.02662021,0.0398373417556286,0,0
149336,0.0203058,5.14433569647372,0.09533411,0.2137237,0.3587583,0.01121833,0.01384045,0.9995,0.02612203,0.0398373417556286,0,0
149338,0.022,5.16633569635451,0.09533411,0.2137237,0.3587583,0.01121833,0.01384045,0.9995,0.02612203,0.0398373417556286,0,0
149340,0.0166672,5.18300289660692,0.09475623,0.211203,0.3574421,0.01166634,0.01455735,0.9994996,0.02554322,0.0398373417556286,0,0
149346,0.0166678,5.19967069663107,0.09475623,0.211203,0.3574421,0.01166634,0.01455735,0.9994996,0.02554322,0.0398373417556286,0,0
149348,0.0177308,5.21740149706602,0.09475623,0.211203,0.3574421,0.01166634,0.01455735,0.9994996,0.02554322,0.0398373417556286,0,0
149352,0.0166682,5.23406969755888,0.09426285,0.2085947,0.3561379,0.01224511,0.01544032,0.9994953,0.02491781,0.0398379974067211,0,0
149354,0.0203387,5.25440839678049,0.09426285,0.2085947,0.3561379,0.01224511,0.01544032,0.9994953,0.02491781,0.0398379974067211,0,0
149360,0.0166686,5.27107699587941,0.09363846,0.2042379,0.3543904,0.01392151,0.01890743,0.999457,0.02311729,0.0398379974067211,0,0
149362,0.016666,5.28774299658835,0.09363846,0.2042379,0.3543904,0.01392151,0.01890743,0.999457,0.02311729,0.0398379974067211,0,0
149366,0.0166689,5.30441189743578,0.09363846,0.2042379,0.3543904,0.01392151,0.01890743,0.999457,0.02311729,0.0398379974067211,0,0
149368,0.0174878,5.32189969718456,0.09363846,0.2042379,0.3543904,0.01392151,0.01890743,0.999457,0.02311729,0.0398379974067211,0,0
149372,0.0166693,5.33856899663806,0.09326416,0.2009596,0.3535221,0.01616165,0.02362716,0.9993702,0.02097109,0.0398379974067211,0,0
149374,0.0166666,5.35523559711874,0.09326416,0.2009596,0.3535221,0.01616165,0.02362716,0.9993702,0.02097109,0.0398379974067211,0,0
149380,0.0166675,5.37190309725702,0.09326416,0.2009596,0.3535221,0.01616165,0.02362716,0.9993702,0.02097109,0.0398379974067211,0,0
149382,0.0166658,5.38856889680028,0.09309149,0.199466,0.3531747,0.01753441,0.02673066,0.999297,0.01958617,0.0398379974067211,0,0
149386,0.0166679,5.40523679740727,0.09309149,0.199466,0.3531747,0.01753441,0.02673066,0.999297,0.01958617,0.0398379974067211,0,0
149388,0.0166663,5.42190309800208,0.09309149,0.199466,0.3531747,0.01753441,0.02673066,0.999297,0.01958617,0.0398379974067211,0,0
149392,0.0166674,5.43857049755752,0.0929528,0.1983629,0.35295,0.01873761,0.02964786,0.9992172,0.01829885,0.0398379974067211,0,0
149394,0.0166663,5.45523679815233,0.0929528,0.1983629,0.35295,0.01873761,0.02964786,0.9992172,0.01829885,0.0398379974067211,0,0
149400,0.0166679,5.47190469875932,0.09281529,0.1973706,0.3527009,0.02028143,0.03295119,0.9991094,0.01683328,0.0398379974067211,0,0
149402,0.0166665,5.48857119865716,0.09281529,0.1973706,0.3527009,0.02028143,0.03295119,0.9991094,0.01683328,0.0398379974067211,0,0
149406,0.0166672,5.50523839890957,0.09281529,0.1973706,0.3527009,0.02028143,0.03295119,0.9991094,0.01683328,0.0398379974067211,0,0
149408,0.0166665,5.52190489880741,0.09251522,0.1959417,0.3523135,0.02315339,0.03980538,0.9988437,0.01381143,0.0398379974067211,0,0
149412,0.0166673,5.53857219964266,0.09251522,0.1959417,0.3523135,0.02315339,0.03980538,0.9988437,0.01381143,0.0398379974067211,0,0
149414,0.016666,5.5552382003516,0.09251522,0.1959417,0.3523135,0.02315339,0.03980538,0.9988437,0.01381143,0.0398379974067211,0,0
149420,0.0166676,5.57190580107272,0.09239081,0.1954019,0.3519945,0.02598419,0.04676659,0.9985102,0.01072717,0.0398379974067211,0,0
149422,0.0166663,5.58857210166752,0.09239081,0.1954019,0.3519945,0.02598419,0.04676659,0.9985102,0.01072717,0.0398379974067211,0,0
149426,0.0166688,5.60524090193212,0.09239081,0.1954019,0.3519945,0.02598419,0.04676659,0.9985102,0.01072717,0.0398379974067211,0,0
149428,0.016665,5.62190590240061,0.09241882,0.1954732,0.3518542,0.02727086,0.04996398,0.9983354,0.009293976,0.0398379974067211,0,0
149432,0.0166681,5.63857400231063,0.09241882,0.1954732,0.3518542,0.02727086,0.04996398,0.9983354,0.009293976,0.0398379974067211,0,0
149436,0.0166663,5.65524030290544,0.09250187,0.1957279,0.3516705,0.02861744,0.05335263,0.9981355,0.007751594,0.0398379974067211,0,0
149440,0.0166667,5.67190700210631,0.09250187,0.1957279,0.3516705,0.02861744,0.05335263,0.9981355,0.007751594,0.0398379974067211,0,0
149442,0.0166672,5.68857420235872,0.09250187,0.1957279,0.3516705,0.02861744,0.05335263,0.9981355,0.007751594,0.0398379974067211,0,0
149446,0.0166677,5.70524190180004,0.09256876,0.1959859,0.3514462,0.02987424,0.05651601,0.9979348,0.006302861,0.0398379974067211,0,0
149448,0.016666,5.72190790250897,0.09256876,0.1959859,0.3514462,0.02987424,0.05651601,0.9979348,0.006302861,0.0398379974067211,0,0
149452,0.0166668,5.73857470229268,0.09281982,0.1964272,0.3509612,0.03231157,0.0621678,0.9975356,0.003720283,0.0398379974067211,0,0
149456,0.0166661,5.75524080172181,0.09281982,0.1964272,0.3509612,0.03231157,0.0621678,0.9975356,0.003720283,0.0398379974067211,0,0
149460,0.0166678,5.77190860174596,0.09281982,0.1964272,0.3509612,0.03231157,0.0621678,0.9975356,0.003720283,0.0398379974067211,0,0
149462,0.016667,5.7885756008327,0.09281982,0.1964272,0.3509612,0.03231157,0.0621678,0.9975356,0.003720283,0.0398379974067211,0,0
149466,0.0166674,5.80524300038815,0.09312396,0.1968064,0.3508283,0.03435812,0.06728874,0.9971406,0.00152034,0.0398379974067211,0,0
149468,0.0166656,5.82190860062838,0.09312396,0.1968064,0.3508283,0.03435812,0.06728874,0.9971406,0.00152034,0.0398379974067211,0,0
149472,0.016668,5.83857659995556,0.09328716,0.1968595,0.3508573,0.03528469,0.06961479,0.9969496,0.0005848503,0.0398379974067211,0,0
149474,0.0166664,5.85524299927056,0.09328716,0.1968595,0.3508573,0.03528469,0.06961479,0.9969496,0.0005848503,0.0398379974067211,0,0
149480,0.0166679,5.87191089987755,0.09328716,0.1968595,0.3508573,0.03528469,0.06961479,0.9969496,0.0005848503,0.0398379974067211,0,0
149482,0.0166669,5.88857780024409,0.09328716,0.1968595,0.3508573,0.03528469,0.06961479,0.9969496,0.0005848503,0.0398379974067211,0,0
149484,0.0166674,5.90524519979954,0.09345253,0.1967653,0.3509243,0.03631392,0.07180171,0.9967576,-0.0002494311,0.0398379974067211,0,0
149490,0.0166658,5.9219109993428,0.09345253,0.1967653,0.3509243,0.03631392,0.07180171,0.9967576,-0.0002494311,0.0398379974067211,0,0
149492,0.0166671,5.93857809901237,0.09366094,0.1964994,0.3511067,0.03745492,0.07396127,0.996557,-0.0009978992,0.0398379974067211,0,0
149496,0.0166669,5.95524499937892,0.09366094,0.1964994,0.3511067,0.03745492,0.07396127,0.996557,-0.0009978992,0.0398379974067211,0,0
149500,0.016667,5.97191199846566,0.09366094,0.1964994,0.3511067,0.03745492,0.07396127,0.996557,-0.0009978992,0.0398379974067211,0,0
149502,0.0166664,5.98857839778066,0.09436451,0.1956036,0.3513825,0.03968361,0.07768583,0.9961852,-0.002279889,0.0398379974067211,0,0
149506,0.0166696,6.00524799712002,0.09436451,0.1956036,0.3513825,0.03968361,0.07768583,0.9961852,-0.002279889,0.0398379974067211,0,0
149508,0.0166646,6.02191259711981,0.09436451,0.1956036,0.3513825,0.03968361,0.07768583,0.9961852,-0.002279889,0.0398379974067211,0,0
149512,0.0166666,6.03857919760048,0.09566273,0.1941877,0.3516353,0.04200053,0.08147437,0.9957833,-0.003680871,0.0398379974067211,0,0
149514,0.0166674,6.05524659715593,0.09566273,0.1941877,0.3516353,0.04200053,0.08147437,0.9957833,-0.003680871,0.0398379974067211,0,0
149520,0.0166662,6.0719127971679,0.09566273,0.1941877,0.3516353,0.04200053,0.08147437,0.9957833,-0.003680871,0.0398379974067211,0,0
149522,0.0166673,6.08858009800315,0.09658985,0.1933617,0.3518537,0.04337343,0.08307618,0.9955897,-0.004265962,0.0398379974067211,0,0
149526,0.0166667,6.10524679720402,0.09658985,0.1933617,0.3518537,0.04337343,0.08307618,0.9955897,-0.004265962,0.0398379974067211,0,0
149528,0.0166673,6.12191409803927,0.09658985,0.1933617,0.3518537,0.04337343,0.08307618,0.9955897,-0.004265962,0.0398379974067211,0,0
149532,0.0166678,6.13858189806342,0.0976483,0.1925251,0.3522969,0.04480497,0.08470204,0.9953868,-0.004808595,0.0398379974067211,0,0
149536,0.0166659,6.15524779818952,0.0976483,0.1925251,0.3522969,0.04480497,0.08470204,0.9953868,-0.004808595,0.0398379974067211,0,0
149540,0.0166675,6.1719152983278,0.09989279,0.1903126,0.3531848,0.04791884,0.08728982,0.9950141,-0.005591445,0.0398379974067211,0,0
149542,0.0166667,6.18858199752867,0.09989279,0.1903126,0.3531848,0.04791884,0.08728982,0.9950141,-0.005591445,0.0398379974067211,0,0
149546,0.0166663,6.20524829812348,0.09989279,0.1903126,0.3531848,0.04791884,0.08728982,0.9950141,-0.005591445,0.0398379974067211,0,0
149548,0.0166669,6.22191519849002,0.1009311,0.188662,0.3534934,0.04948946,0.08820152,0.9948555,-0.005819779,0.0398379974067211,0,0
149552,0.016668,6.23858319781721,0.1019482,0.1868454,0.3538585,0.05104321,0.08913732,0.9946923,-0.00603047,0.0398379974067211,0,0
149554,0.0166658,6.25524899736047,0.1019482,0.1868454,0.3538585,0.05104321,0.08913732,0.9946923,-0.00603047,0.0398379974067211,0,0
149560,0.0166669,6.27191589772701,0.1019482,0.1868454,0.3538585,0.05104321,0.08913732,0.9946923,-0.00603047,0.0398379974067211,0,0
149562,0.0166666,6.28858249820769,0.1028868,0.1848565,0.3542536,0.05251995,0.08998781,0.9945379,-0.006175787,0.0398379974067211,0,0
149566,0.0166677,6.305250197649,0.1028868,0.1848565,0.3542536,0.05251995,0.08998781,0.9945379,-0.006175787,0.0398379974067211,0,0
149568,0.0168945,6.32214469835162,0.1036971,0.1825864,0.3545429,0.05390483,0.09065139,0.9944031,-0.0062499,0.0398379974067211,0,0
149574,0.0166707,6.33881539851427,0.1036971,0.1825864,0.3545429,0.05390483,0.09065139,0.9944031,-0.0062499,0.0398379974067211,0,0
149576,0.0180706,6.35688599944115,0.1036971,0.1825864,0.3545429,0.05390483,0.09065139,0.9944031,-0.0062499,0.0398379974067211,0,0
149580,0.0174837,6.37436969950795,0.104421,0.180364,0.3548404,0.05517329,0.09141243,0.9942631,-0.00637135,0.0398379974067211,0,0
149582,0.016668,6.39103769883513,0.104421,0.180364,0.3548404,0.05517329,0.09141243,0.9942631,-0.00637135,0.0398379974067211,0,0
149586,0.0166672,6.40770489908755,0.1055434,0.1755595,0.3552575,0.05739254,0.09287648,0.9940001,-0.006615721,0.0398379974067211,0,0
149590,0.0166658,6.42437069863081,0.1055434,0.1755595,0.3552575,0.05739254,0.09287648,0.9940001,-0.006615721,0.0398379974067211,0,0
149592,0.0166681,6.44103879854083,0.1055434,0.1755595,0.3552575,0.05739254,0.09287648,0.9940001,-0.006615721,0.0398379974067211,0,0
149596,0.0166667,6.4577054977417,0.1060868,0.1730953,0.3554974,0.0585512,0.0939231,0.9938324,-0.006881925,0.0398379974067211,0,0
149600,0.0174252,6.4751306977123,0.1064274,0.1709341,0.355593,0.05946346,0.09520867,0.9936529,-0.007304387,0.0398379974067211,0,0
149602,0.0175677,6.4926983974874,0.1064274,0.1709341,0.355593,0.05946346,0.09520867,0.9936529,-0.007304387,0.0398379974067211,0,0
149608,0.0166683,6.50936669670045,0.1065575,0.169113,0.3555618,0.06039242,0.0964129,0.9934778,-0.007687378,0.0398379974067211,0,0
149610,0.0178174,6.52718409709632,0.1065575,0.169113,0.3555618,0.06039242,0.0964129,0.9934778,-0.007687378,0.0398379974067211,0,0
149614,0.0166669,6.54385099746287,0.1065575,0.169113,0.3555618,0.06039242,0.0964129,0.9934778,-0.007687378,0.0398379974067211,0,0
149616,0.0178427,6.5616936981678,0.1065132,0.1675807,0.3553603,0.06124374,0.09783333,0.9932828,-0.00819288,0.0398379974067211,0,0
149620,0.0179699,6.57966359890997,0.1065132,0.1675807,0.3553603,0.06124374,0.09783333,0.9932828,-0.00819288,0.0398379974067211,0,0
149622,0.0166669,6.59633049927652,0.1065132,0.1675807,0.3553603,0.06124374,0.09783333,0.9932828,-0.00819288,0.0398379974067211,0,0
149628,0.0166679,6.61299839988351,0.1064465,0.1663665,0.3550074,0.06206831,0.09937982,0.9930727,-0.008822846,0.0398379974067211,0,0
149632,0.0166657,6.62966410070658,0.1064465,0.1663665,0.3550074,0.06206831,0.09937982,0.9930727,-0.008822846,0.0398379974067211,0,0
149634,0.0203635,6.65002760104835,0.1062103,0.1650219,0.3538913,0.06363413,0.1028531,0.992604,-0.01045027,0.0398379974067211,0,0
149640,0.0166678,6.6666954010725,0.1062103,0.1650219,0.3538913,0.06363413,0.1028531,0.992604,-0.01045027,0.0398379974067211,0,0
149642,0.0174153,6.68411070108414,0.1062103,0.1650219,0.3538913,0.06363413,0.1028531,0.992604,-0.01045027,0.0398379974067211,0,0
149646,0.0166678,6.70077850110829,0.1054716,0.164735,0.3516259,0.06522861,0.1063847,0.9921052,-0.01244452,0.0398379974067211,0,0
149648,0.0215466,6.72232510149479,0.1054716,0.164735,0.3516259,0.06522861,0.1063847,0.9921052,-0.01244452,0.0398379974067211,0,0
149652,0.0166682,6.73899330198765,0.1054716,0.164735,0.3516259,0.06522861,0.1063847,0.9921052,-0.01244452,0.0398379974067211,0,0
149654,0.0166677,6.75566100142896,0.1054716,0.164735,0.3516259,0.06522861,0.1063847,0.9921052,-0.01244452,0.0398379974067211,0,0
149660,0.0166663,6.77232730202377,0.1047139,0.1644241,0.3500609,0.0658791,0.1074362,0.9919395,-0.01317215,0.0398379974067211,0,0
149662,0.0166653,6.78899260237813,0.1047139,0.1644241,0.3500609,0.0658791,0.1074362,0.9919395,-0.01317215,0.0398379974067211,0,0
149666,0.0166685,6.80566110275686,0.1035892,0.1640455,0.3481506,0.0666112,0.108673,0.9917449,-0.01396684,0.0398379974067211,0,0
149668,0.0166661,6.82232720218599,0.1035892,0.1640455,0.3481506,0.0666112,0.108673,0.9917449,-0.01396684,0.0398379974067211,0,0
149674,0.016668,6.83899520151317,0.102491,0.1638498,0.3465421,0.06743859,0.1101405,0.9915159,-0.01474386,0.0398379974067211,0,0
149676,0.016665,6.85566020198166,0.102491,0.1638498,0.3465421,0.06743859,0.1101405,0.9915159,-0.01474386,0.0398379974067211,0,0
149680,0.016668,6.87232820130885,0.102491,0.1638498,0.3465421,0.06743859,0.1101405,0.9915159,-0.01474386,0.0398379974067211,0,0
149682,0.0166662,6.88899440132082,0.1008139,0.1643188,0.3440554,0.0693156,0.1144241,0.9908687,-0.01678059,0.0398379974067211,0,0
149686,0.0166685,6.90566290169954,0.1008139,0.1643188,0.3440554,0.0693156,0.1144241,0.9908687,-0.01678059,0.0398379974067211,0,0
149688,0.016665,6.92232790216804,0.09991506,0.1646453,0.3428067,0.07015789,0.1165223,0.990548,-0.01775174,0.0398379974067211,0,0
149694,0.0166696,6.9389975015074,0.09876845,0.1649593,0.3414185,0.07100689,0.1184154,0.990248,-0.01856664,0.0398353710770607,0,0
149696,0.0166639,6.95566140115261,0.09876845,0.1649593,0.3414185,0.07100689,0.1184154,0.990248,-0.01856664,0.0398353710770607,0,0
149700,0.0166694,6.97233080118895,0.09876845,0.1649593,0.3414185,0.07100689,0.1184154,0.990248,-0.01856664,0.0398353710770607,0,0
149702,0.0182527,6.99058350175619,0.09733715,0.1654016,0.3400204,0.07164323,0.1203122,0.9899602,-0.01926115,0.0398353710770607,0,0
149706,0.0177417,7.00832520239055,0.09733715,0.1654016,0.3400204,0.07164323,0.1203122,0.9899602,-0.01926115,0.0398353710770607,0,0
149710,0.0166653,7.02499050274491,0.09733715,0.1654016,0.3400204,0.07164323,0.1203122,0.9899602,-0.01926115,0.0398353710770607,0,0
149714,0.0166677,7.04165820218623,0.0956833,0.1660242,0.3389876,0.07195698,0.1223197,0.9896815,-0.01976011,0.0398353710770607,0,0
149716,0.0180083,7.05966650135815,0.0956833,0.1660242,0.3389876,0.07195698,0.1223197,0.9896815,-0.01976011,0.0398353710770607,0,0
149722,0.0166679,7.07633440196514,0.09150784,0.167271,0.337341,0.0719777,0.1256321,0.9892629,-0.01986571,0.0398353710770607,0,0
149724,0.0189461,7.09528050199151,0.09150784,0.167271,0.337341,0.0719777,0.1256321,0.9892629,-0.01986571,0.0398353710770607,0,0
149728,0.0166664,7.11194690130651,0.08954126,0.1678099,0.3367138,0.0718387,0.1269849,0.9891028,-0.01973956,0.0398353710770607,0,0
149730,0.0172281,7.12917500175536,0.08954126,0.1678099,0.3367138,0.0718387,0.1269849,0.9891028,-0.01973956,0.0398353710770607,0,0
149734,0.0166674,7.1458424013108,0.08774543,0.1683213,0.3362027,0.0715075,0.1281413,0.98898,-0.01962277,0.0398353710770607,0,0
149738,0.0166663,7.16250870190561,0.08774543,0.1683213,0.3362027,0.0715075,0.1281413,0.98898,-0.01962277,0.0398353710770607,0,0
149740,0.0166683,7.17917700111866,0.08644971,0.1687437,0.3358512,0.07100078,0.1288087,0.9889315,-0.01953831,0.0398353710770607,0,0
149744,0.0177633,7.19694030098617,0.08644971,0.1687437,0.3358512,0.07100078,0.1288087,0.9889315,-0.01953831,0.0398353710770607,0,0
149748,0.016668,7.21360830031335,0.08644971,0.1687437,0.3358512,0.07100078,0.1288087,0.9889315,-0.01953831,0.0398353710770607,0,0
149750,0.0166657,7.23027400113642,0.08563167,0.1691647,0.3356583,0.07031761,0.1292062,0.9889279,-0.01956438,0.0398353710770607,0,0
149754,0.0166683,7.24694230034947,0.08563167,0.1691647,0.3356583,0.07031761,0.1292062,0.9889279,-0.01956438,0.0398353710770607,0,0
149756,0.0166664,7.26360869966447,0.08563167,0.1691647,0.3356583,0.07031761,0.1292062,0.9889279,-0.01956438,0.0398353710770607,0,0
149762,0.0166674,7.28027609921992,0.08514745,0.1693789,0.3353237,0.06972863,0.1291569,0.9889753,-0.01960165,0.0398353710770607,0,0
149764,0.0171854,7.29746149852872,0.08514745,0.1693789,0.3353237,0.06972863,0.1291569,0.9889753,-0.01960165,0.0398353710770607,0,0
149768,0.0166677,7.31412919797003,0.08451686,0.1699956,0.3351811,0.06870815,0.1293065,0.9890255,-0.0196859,0.0398353710770607,0,0
149770,0.0174134,7.33154259808362,0.08451686,0.1699956,0.3351811,0.06870815,0.1293065,0.9890255,-0.0196859,0.0398353710770607,0,0
149774,0.0166679,7.34821049869061,0.08451686,0.1699956,0.3351811,0.06870815,0.1293065,0.9890255,-0.0196859,0.0398353710770607,0,0
149776,0.0166666,7.36487709917128,0.08413345,0.1703574,0.3351024,0.0681003,0.129064,0.9891009,-0.01960414,0.0398353710770607,0,0
149780,0.0166706,7.38154769875109,0.08393862,0.1708408,0.3350241,0.06772143,0.1289066,0.9891472,-0.01961408,0.039392776787281,0,0
149782,0.0166655,7.39821319840848,0.08393862,0.1708408,0.3350241,0.06772143,0.1289066,0.9891472,-0.01961408,0.039392776787281,0,0
149786,0.0166657,7.41487889923155,0.08393862,0.1708408,0.3350241,0.06772143,0.1289066,0.9891472,-0.01961408,0.039392776787281,0,0
149790,0.01667,7.43154889903963,0.08381566,0.1715198,0.3347998,0.06728932,0.1284064,0.9892419,-0.01960643,0.039392776787281,0,0
149792,0.0166661,7.44821499846876,0.08381566,0.1715198,0.3347998,0.06728932,0.1284064,0.9892419,-0.01960643,0.023993942886591,0,0
149798,0.0166647,7.46487969905138,0.08339673,0.1721399,0.334691,0.06659256,0.1273907,0.9894267,-0.01928363,0.023993942886591,0,0
149800,0.0166673,7.48154699988663,0.08339673,0.1721399,0.334691,0.06659256,0.1273907,0.9894267,-0.01928363,0.023993942886591,0,0
149802,0.0166651,7.49821209907532,0.08339673,0.1721399,0.334691,0.06659256,0.1273907,0.9894267,-0.01928363,0.023993942886591,0,0
149808,0.0166685,7.51488059945405,0.08253586,0.1736451,0.3343673,0.06508023,0.124757,0.9898774,-0.01852041,0.023993942886591,0,0
149812,0.0166658,7.53154639899731,0.08253586,0.1736451,0.3343673,0.06508023,0.124757,0.9898774,-0.01852041,0.023993942886591,0,0
149818,0.0214567,7.55300309881568,0.0821412,0.1746555,0.3344011,0.0642854,0.1230681,0.9901503,-0.01799959,0.023993942886591,0,0
149820,0.0223892,7.5753922984004,0.08190684,0.1758213,0.3345502,0.06365458,0.121573,0.9903834,-0.01757297,0.023993942886591,0,0
149822,0.0166676,7.59205989912152,0.08190684,0.1758213,0.3345502,0.06365458,0.121573,0.9903834,-0.01757297,0.023993942886591,0,0
149826,0.0166669,7.60872679948807,0.08190684,0.1758213,0.3345502,0.06365458,0.121573,0.9903834,-0.01757297,0.023993942886591,0,0
149830,0.0167318,7.62545859999955,0.08173215,0.1771041,0.334543,0.06301624,0.1195246,0.9906825,-0.01705529,0.023993942886591,0,0
149834,0.016667,7.64212559908628,0.08173215,0.1771041,0.334543,0.06301624,0.1195246,0.9906825,-0.01705529,0.0244030468165874,0,0
149836,0.0166667,7.65879229828715,0.08165453,0.1783454,0.3344564,0.06252736,0.1176461,0.9909455,-0.01663551,0.0244030468165874,0,0
149840,0.0166677,7.67545999772847,0.08165453,0.1783454,0.3344564,0.06252736,0.1176461,0.9909455,-0.01663551,0.0244030468165874,0,0
149842,0.0176053,7.69306529685855,0.08165453,0.1783454,0.3344564,0.06252736,0.1176461,0.9909455,-0.01663551,0.0244030468165874,0,0
149848,0.0166687,7.70973399654031,0.0815892,0.1800662,0.3345254,0.06186926,0.1156255,0.9912319,-0.01619561,0.0244030468165874,0,0
149850,0.0174027,7.72713669575751,0.0815892,0.1800662,0.3345254,0.06186926,0.1156255,0.9912319,-0.01619561,0.0244030468165874,0,0
149854,0.0166676,7.74380429647863,0.08144019,0.1835274,0.3342244,0.06085168,0.1113214,0.991801,-0.01534546,0.0244030468165874,0,0
149856,0.0191176,7.76292189583182,0.08144019,0.1835274,0.3342244,0.06085168,0.1113214,0.991801,-0.01534546,0.0244030468165874,0,0
149862,0.0166676,7.77958949655294,0.08144019,0.1835274,0.3342244,0.06085168,0.1113214,0.991801,-0.01534546,0.0244030468165874,0,0
149864,0.0166665,7.79625599645078,0.0813897,0.1855766,0.3340878,0.06035075,0.1092377,0.9920687,-0.01498544,0.0244030468165874,0,0
149868,0.0166669,7.81292289681733,0.08129007,0.1876687,0.3337446,0.05984857,0.1071142,0.9923353,-0.01467901,0.0244030468165874,0,0
149870,0.0166665,7.82958939671516,0.08129007,0.1876687,0.3337446,0.05984857,0.1071142,0.9923353,-0.01467901,0.0244030468165874,0,0
149874,0.0166675,7.84625689685345,0.0811184,0.1899039,0.3333265,0.0592321,0.10514,0.9925865,-0.01446502,0.0244030468165874,0,0
149876,0.0166666,7.86292349733412,0.0811184,0.1899039,0.3333265,0.0592321,0.10514,0.9925865,-0.01446502,0.0244030468165874,0,0
149882,0.0166676,7.87959109805524,0.0811184,0.1899039,0.3333265,0.0592321,0.10514,0.9925865,-0.01446502,0.0244030468165874,0,0
149884,0.0173616,7.89695269800723,0.08075741,0.1926075,0.3329073,0.0583251,0.1030735,0.9928598,-0.01426678,0.0244030468165874,0,0
149888,0.0166683,7.91362099722028,0.08075741,0.1926075,0.3329073,0.0583251,0.1030735,0.9928598,-0.01426678,0.0244030468165874,0,0
149890,0.0166655,7.93028649687767,0.08075741,0.1926075,0.3329073,0.0583251,0.1030735,0.9928598,-0.01426678,0.0244148671627045,0,0
149894,0.0166691,7.94695559702814,0.07903834,0.1980716,0.3316411,0.05601478,0.09882536,0.9934308,-0.01382656,0.0244148671627045,0,0
149896,0.0166653,7.9636208973825,0.07903834,0.1980716,0.3316411,0.05601478,0.09882536,0.9934308,-0.01382656,0.0244148671627045,0,0
149902,0.0166672,7.98028809763491,0.07903834,0.1980716,0.3316411,0.05601478,0.09882536,0.9934308,-0.01382656,0.0244148671627045,0,0
149904,0.0166675,7.99695559777319,0.07757122,0.2005414,0.3305243,0.0548812,0.09598271,0.9937787,-0.01338827,0.0244148671627045,0,0
149906,0.0166678,8.01362339779735,0.07553069,0.2034445,0.3294585,0.0536365,0.09340961,0.9940966,-0.01303062,0.0244148671627045,0,0
149912,0.0166679,8.03029129840434,0.07553069,0.2034445,0.3294585,0.0536365,0.09340961,0.9940966,-0.01303062,0.0244148671627045,0,0
149916,0.0166658,8.0469570979476,0.07268517,0.2068002,0.3289405,0.05231947,0.09148429,0.9943501,-0.01269234,0.0244148671627045,0,0
149918,0.019238,8.06619509868324,0.07268517,0.2068002,0.3289405,0.05231947,0.09148429,0.9943501,-0.01269234,0.0244181491434574,0,0
149922,0.016668,8.08286309801042,0.07268517,0.2068002,0.3289405,0.05231947,0.09148429,0.9943501,-0.01269234,0.0244181491434574,0,0
149924,0.0166664,8.09952949732542,0.06900252,0.2103869,0.3288763,0.0512614,0.08938522,0.9946034,-0.01210767,0.0244181491434574,0,0
149928,0.0166719,8.11620139703155,0.06900252,0.2103869,0.3288763,0.0512614,0.08938522,0.9946034,-0.01210767,0.0244181491434574,0,0
149930,0.0166637,8.13286509737372,0.06900252,0.2103869,0.3288763,0.0512614,0.08938522,0.9946034,-0.01210767,0.0244181491434574,0,0
149936,0.0166667,8.14953179657459,0.06440894,0.2143771,0.3292741,0.05026663,0.08753701,0.9948259,-0.01148725,0.0244181491434574,0,0
149938,0.0166651,8.16619689576328,0.06440894,0.2143771,0.3292741,0.05026663,0.08753701,0.9948259,-0.01148725,0.0244181491434574,0,0
149942,0.0166678,8.18286469578743,0.05402729,0.2229006,0.3309139,0.04908993,0.08426882,0.9951792,-0.0103611,0.0244181491434574,0,0
149944,0.0166669,8.19953159615397,0.05402729,0.2229006,0.3309139,0.04908993,0.08426882,0.9951792,-0.0103611,0.0244181491434574,0,0
149948,0.0166666,8.21619819663465,0.05402729,0.2229006,0.3309139,0.04908993,0.08426882,0.9951792,-0.0103611,0.0244181491434574,0,0
149950,0.016667,8.23286519572139,0.04842252,0.2274195,0.3318593,0.04891529,0.0827873,0.9953159,-0.009992643,0.0244181491434574,0,0
149954,0.0166669,8.24953209608793,0.04334039,0.2312152,0.3325073,0.04912049,0.08118873,0.9954402,-0.009714601,0.0244227461516857,0,0
149958,0.0166661,8.26619819551706,0.04334039,0.2312152,0.3325073,0.04912049,0.08118873,0.9954402,-0.009714601,0.0244227461516857,0,0
149962,0.0166684,8.28286659531295,0.03821624,0.2351157,0.3330505,0.04955517,0.07940461,0.995564,-0.009569697,0.0244227461516857,0,0
149966,0.0179928,8.30085939541459,0.03821624,0.2351157,0.3330505,0.04955517,0.07940461,0.995564,-0.009569697,0.0244227461516857,0,0
149968,0.0205346,8.32139399461448,0.03821624,0.2351157,0.3330505,0.04955517,0.07940461,0.995564,-0.009569697,0.0244227461516857,0,0
149974,0.0166685,8.33806249499321,0.03309,0.2390927,0.3336118,0.05013445,0.07741304,0.995692,-0.009554389,0.0244227461516857,0,0
149976,0.0172885,8.35535099543631,0.03309,0.2390927,0.3336118,0.05013445,0.07741304,0.995692,-0.009554389,0.0244227461516857,0,0
149978,0.0166685,8.37201949581504,0.03309,0.2390927,0.3336118,0.05013445,0.07741304,0.995692,-0.009554389,0.0244227461516857,0,0
149982,0.0166667,8.38868619501591,0.02819827,0.2428778,0.3342448,0.05134434,0.07570947,0.9957615,-0.009535244,0.0244227461516857,0,0
149984,0.0166669,8.40535309538245,0.02819827,0.2428778,0.3342448,0.05134434,0.07570947,0.9957615,-0.009535244,0.0244227461516857,0,0
149988,0.0166667,8.42201979458332,0.01891826,0.2501436,0.3358532,0.05313636,0.07115971,0.9960028,-0.009555886,0.0244227461516857,0,0
149992,0.0166682,8.43868799507618,0.01891826,0.2501436,0.3358532,0.05313636,0.07115971,0.9960028,-0.009555886,0.0244227461516857,0,0
149994,0.0166666,8.45535459555686,0.01413722,0.2536895,0.3369509,0.05413389,0.06891327,0.9961066,-0.009604532,0.0244227461516857,0,0
149998,0.016667,8.47202159464359,0.01413722,0.2536895,0.3369509,0.05413389,0.06891327,0.9961066,-0.009604532,0.0244161803275347,0,0
150002,0.0166669,8.48868849501014,0.009681265,0.2571067,0.3381312,0.05575705,0.06623597,0.9961988,-0.009584322,0.0244161803275347,0,0
150004,0.0166677,8.50535619445145,0.009681265,0.2571067,0.3381312,0.05575705,0.06623597,0.9961988,-0.009584322,0.0244161803275347,0,0
150008,0.0166661,8.52202229388058,0.005511421,0.2601351,0.3393698,0.05713956,0.06390422,0.9962725,-0.009612058,0.0244161803275347,0,0
150012,0.016668,8.53869029320776,0.005511421,0.2601351,0.3393698,0.05713956,0.06390422,0.9962725,-0.009612058,0.0244161803275347,0,0
150016,0.0166658,8.55535609275103,0.001306425,0.2632571,0.3408482,0.05858201,0.06128555,0.9963534,-0.009598525,0.0244161803275347,0,0
150020,0.016667,8.57202309183776,0.001306425,0.2632571,0.3408482,0.05858201,0.06128555,0.9963534,-0.009598525,0.0244161803275347,0,0
150022,0.0166652,8.58868829160929,0.001306425,0.2632571,0.3408482,0.05858201,0.06128555,0.9963534,-0.009598525,0.0244161803275347,0,0
150026,0.0166686,8.60535689070821,-0.002925441,0.2661505,0.3424059,0.06029104,0.05870172,0.9964082,-0.009480926,0.0244161803275347,0,0
150028,0.0179117,8.62326859124005,-0.002925441,0.2661505,0.3424059,0.06029104,0.05870172,0.9964082,-0.009480926,0.0244161803275347,0,0
150034,0.0166686,8.63993719033897,-0.01127552,0.2714656,0.3457513,0.06393475,0.05272612,0.9965188,-0.009087216,0.0244161803275347,0,0
150036,0.0182219,8.65815909020603,-0.01127552,0.2714656,0.3457513,0.06393475,0.05272612,0.9965188,-0.009087216,0.0244161803275347,0,0
150040,0.0166683,8.67482738941908,-0.01127552,0.2714656,0.3457513,0.06393475,0.05272612,0.9965188,-0.009087216,0.0244161803275347,0,0
150044,0.0193148,8.69414218887687,-0.01483347,0.2735463,0.3473141,0.06582198,0.04970502,0.9965532,-0.008866557,0.0244161803275347,0,0
150048,0.0166676,8.71080978959799,-0.0182658,0.2752616,0.3488513,0.0675897,0.0466805,0.9965841,-0.008529549,0.0244161803275347,0,0
150050,0.0213185,8.73212829045951,-0.0182658,0.2752616,0.3488513,0.0675897,0.0466805,0.9965841,-0.008529549,0.0244161803275347,0,0
150054,0.0166682,8.74879649095237,-0.02169546,0.2767164,0.3504324,0.0695807,0.0433664,0.9966007,-0.008057828,0.0244161803275347,0,0
150056,0.0166667,8.76546319015324,-0.02169546,0.2767164,0.3504324,0.0695807,0.0433664,0.9966007,-0.008057828,0.0244161803275347,0,0
150062,0.016667,8.78213018923998,-0.02169546,0.2767164,0.3504324,0.0695807,0.0433664,0.9966007,-0.008057828,0.0244161803275347,0,0
150064,0.0166669,8.79879708960652,-0.02492053,0.2780023,0.351916,0.07168269,0.03975923,0.9966058,-0.007598818,0.0244161803275347,0,0
150068,0.016667,8.81546408869326,-0.02492053,0.2780023,0.351916,0.07168269,0.03975923,0.9966058,-0.007598818,0.0244161803275347,0,0
150070,0.0166668,8.83213088847697,-0.02492053,0.2780023,0.351916,0.07168269,0.03975923,0.9966058,-0.007598818,0.0244161803275347,0,0
150074,0.0166676,8.84879848919809,-0.02772649,0.2788682,0.3531509,0.07352398,0.0363969,0.996603,-0.007206512,0.0244161803275347,0,0
150076,0.0166658,8.86546428874135,-0.02772649,0.2788682,0.3531509,0.07352398,0.0363969,0.996603,-0.007206512,0.0244161803275347,0,0
150082,0.0166677,8.88213198818266,-0.03317108,0.2796971,0.3554493,0.07771581,0.02868415,0.9965424,-0.00637925,0.0244161803275347,0,0
150084,0.0176011,8.89973308891058,-0.03317108,0.2796971,0.3554493,0.07771581,0.02868415,0.9965424,-0.00637925,0.0244161803275347,0,0
150088,0.0166684,8.91640148870647,-0.03317108,0.2796971,0.3554493,0.07771581,0.02868415,0.9965424,-0.00637925,0.0244161803275347,0,0
150090,0.0166658,8.93306728824973,-0.03317108,0.2796971,0.3554493,0.07771581,0.02868415,0.9965424,-0.00637925,0.024415522813797,0,0
150094,0.0166682,8.94973548874259,-0.03818183,0.2792645,0.3579083,0.08163021,0.02153451,0.9964166,-0.00517912,0.024415522813797,0,0
150098,0.0166656,8.96640108898282,-0.03818183,0.2792645,0.3579083,0.08163021,0.02153451,0.9964166,-0.00517912,0.024415522813797,0,0
150102,0.0166678,8.98306888900697,-0.04030279,0.278502,0.3593885,0.08390924,0.01784896,0.9963046,-0.004227052,0.024415522813797,0,0
150104,0.0166663,8.99973518960178,-0.04030279,0.278502,0.3593885,0.08390924,0.01784896,0.9963046,-0.004227052,0.024415522813797,0,0
150108,0.0166681,9.0164032895118,-0.04030279,0.278502,0.3593885,0.08390924,0.01784896,0.9963046,-0.004227052,0.024415522813797,0,0
150110,0.0166654,9.03306868858635,-0.04201097,0.2775856,0.3608949,0.08589828,0.01442302,0.9961946,-0.003130165,0.024415522813797,0,0
150114,0.0166686,9.04973728768528,-0.04201097,0.2775856,0.3608949,0.08589828,0.01442302,0.9961946,-0.003130165,0.024415522813797,0,0
150118,0.0166656,9.06640288792551,-0.04201097,0.2775856,0.3608949,0.08589828,0.01442302,0.9961946,-0.003130165,0.024415522813797,0,0
150122,0.0166679,9.0830707885325,-0.04337422,0.2765182,0.3623996,0.0878352,0.011469,0.9960672,-0.001898888,0.024415522813797,0,0
150124,0.0166658,9.09973658807576,-0.04337422,0.2765182,0.3623996,0.0878352,0.011469,0.9960672,-0.001898888,0.024415522813797,0,0
150128,0.0166692,9.11640578880906,-0.04337422,0.2765182,0.3623996,0.0878352,0.011469,0.9960672,-0.001898888,0.024415522813797,0,0
150132,0.0166647,9.13307048939168,-0.04524212,0.2737143,0.3654448,0.09156032,0.00656075,0.9957774,0.001027206,0.024415522813797,0,0
150134,0.0166675,9.14973798952997,-0.04567911,0.272535,0.3668137,0.09309364,0.004690947,0.9956435,0.002353599,0.024415522813797,0,0
150138,0.0166662,9.16640418954194,-0.04567911,0.272535,0.3668137,0.09309364,0.004690947,0.9956435,0.002353599,0.024415522813797,0,0
150142,0.0166679,9.18307209014893,-0.04589117,0.2714191,0.368196,0.09468457,0.003204349,0.9954954,0.003653712,0.024415522813797,0,0
150144,0.0166659,9.19973799027503,-0.04589117,0.2714191,0.368196,0.09468457,0.003204349,0.9954954,0.003653712,0.024415522813797,0,0
150148,0.0166685,9.21640649065375,-0.04585981,0.270805,0.3694809,0.09609149,0.00246846,0.9953583,0.004715217,0.024415522813797,0,0
150150,0.0166649,9.23307139053941,-0.04585981,0.270805,0.3694809,0.09609149,0.00246846,0.9953583,0.004715217,0.024415522813797,0,0
150154,0.0169292,9.25000059045851,-0.04585981,0.270805,0.3694809,0.09609149,0.00246846,0.9953583,0.004715217,0.024415522813797,0,0
150158,0.0166678,9.26666839048266,-0.0456011,0.2704342,0.3707142,0.09753917,0.002277952,0.9952129,0.00567003,0.024415522813797,0,0
150162,0.0166671,9.28333549015224,-0.0456011,0.2704342,0.3707142,0.09753917,0.002277952,0.9952129,0.00567003,0.024415522813797,0,0
150164,0.0166662,9.30000169016421,-0.0456011,0.2704342,0.3707142,0.09753917,0.002277952,0.9952129,0.00567003,0.024415522813797,0,0
150168,0.0166676,9.31666929088533,-0.0441468,0.2706312,0.3726,0.1005489,0.003328834,0.9949028,0.006869807,0.024415522813797,0,0
150170,0.0166658,9.33333509042859,-0.0441468,0.2706312,0.3726,0.1005489,0.003328834,0.9949028,0.006869807,0.024415522813797,0,0
150174,0.0166679,9.35000299103558,-0.04306342,0.2710545,0.3731834,0.1021163,0.004403681,0.9947371,0.007143495,0.024415522813797,0,0
150178,0.016666,9.36666899174452,-0.04306342,0.2710545,0.3731834,0.1021163,0.004403681,0.9947371,0.007143495,0.024415522813797,0,0
150182,0.0166682,9.38333719223738,-0.04179918,0.2715481,0.3735985,0.1038086,0.005813241,0.9945536,0.007284213,0.024415522813797,0,0
150184,0.0166658,9.40000299178064,-0.04179918,0.2715481,0.3735985,0.1038086,0.005813241,0.9945536,0.007284213,0.024415522813797,0,0
150188,0.0166682,9.4166711922735,-0.04064424,0.2720766,0.3740092,0.1053295,0.007390802,0.9943824,0.007391032,0.024415522813797,0,0
150190,0.0166654,9.43333659134805,-0.04064424,0.2720766,0.3740092,0.1053295,0.007390802,0.9943824,0.007391032,0.024415522813797,0,0
150194,0.0166715,9.45000809058547,-0.04064424,0.2720766,0.3740092,0.1053295,0.007390802,0.9943824,0.007391032,0.024415522813797,0,0
150198,0.0166643,9.46667239069939,-0.03930954,0.2726825,0.3743923,0.1070555,0.009326071,0.9941812,0.007481996,0.024415522813797,0,0
150202,0.0166668,9.48333919048309,-0.03930954,0.2726825,0.3743923,0.1070555,0.009326071,0.9941812,0.007481996,0.024415522813797,0,0
150204,0.0166654,9.50000458955765,-0.03930954,0.2726825,0.3743923,0.1070555,0.009326071,0.9941812,0.007481996,0.024415522813797,0,0
150208,0.0166676,9.51667219027877,-0.03663935,0.2736103,0.3746729,0.1103752,0.01334186,0.9937719,0.007528421,0.024415522813797,0,0
150210,0.0166659,9.53333809040487,-0.03663935,0.2736103,0.3746729,0.1103752,0.01334186,0.9937719,0.007528421,0.024415522813797,0,0
150214,0.0166686,9.55000668950379,-0.03523617,0.2739674,0.3746302,0.1119921,0.01560242,0.9935584,0.007486549,0.024415522813797,0,0
150216,0.0166661,9.56667278893292,-0.03523617,0.2739674,0.3746302,0.1119921,0.01560242,0.9935584,0.007486549,0.024415522813797,0,0
150222,0.016667,9.58333978801966,-0.03364218,0.2743015,0.3744247,0.1136901,0.01812228,0.9933237,0.007364283,0.024415522813797,0,0
150224,0.0166676,9.60000738874078,-0.03364218,0.2743015,0.3744247,0.1136901,0.01812228,0.9933237,0.007364283,0.024415522813797,0,0
150228,0.0166684,9.61667578853667,-0.03186,0.2746031,0.3741322,0.1154566,0.02083041,0.9930679,0.007217677,0.024415522813797,0,0
150230,0.0166642,9.63333998806775,-0.03186,0.2746031,0.3741322,0.1154566,0.02083041,0.9930679,0.007217677,0.0391425862908363,0,0
150234,0.0166677,9.65000768750906,-0.0304405,0.2748604,0.3737905,0.1168498,0.02296968,0.9928592,0.007010037,0.0391425862908363,0,0
150238,0.0171809,9.66718858666718,-0.0304405,0.2748604,0.3737905,0.1168498,0.02296968,0.9928592,0.007010037,0.0391425862908363,0,0
150242,0.0166682,9.68385678716004,-0.0304405,0.2748604,0.3737905,0.1168498,0.02296968,0.9928592,0.007010037,0.0391425862908363,0,0
150244,0.0166659,9.70052268728614,-0.0304405,0.2748604,0.3737905,0.1168498,0.02296968,0.9928592,0.007010037,0.0391425862908363,0,0
150248,0.0166746,9.71719728782773,-0.02743664,0.2755342,0.3728381,0.1199251,0.02762756,0.9923783,0.006327122,0.0391425862908363,0,0
150250,0.0166661,9.73386338725686,-0.02743664,0.2755342,0.3728381,0.1199251,0.02762756,0.9923783,0.006327122,0.0391425862908363,0,0
150256,0.0166677,9.75053108669817,-0.02579074,0.2757559,0.3721607,0.1214116,0.02981458,0.9921368,0.005897418,0.0391425862908363,0,0
150258,0.0172607,9.76779178716242,-0.02579074,0.2757559,0.3721607,0.1214116,0.02981458,0.9921368,0.005897418,0.0391425862908363,0,0
150262,0.0166694,9.78446118719876,-0.02403549,0.275815,0.3714222,0.1227177,0.03177637,0.9919177,0.005464221,0.0391425862908363,0,0
150264,0.017709,9.80217018723488,-0.02403549,0.275815,0.3714222,0.1227177,0.03177637,0.9919177,0.005464221,0.0391425862908363,0,0
150270,0.0166675,9.81883768737316,-0.02194271,0.2756785,0.370582,0.1239547,0.03358328,0.9917067,0.005026283,0.0391425862908363,0,0
150272,0.0166665,9.835504187271,-0.02194271,0.2756785,0.370582,0.1239547,0.03358328,0.9917067,0.005026283,0.0391425862908363,0,0
150276,0.0166679,9.85217208787799,-0.01930427,0.2753138,0.3696344,0.1251319,0.03529202,0.9915017,0.004570628,0.0391425862908363,0,0
150278,0.0209271,9.87309918738902,-0.01930427,0.2753138,0.3696344,0.1251319,0.03529202,0.9915017,0.004570628,0.0391425862908363,0,0
150282,0.0166681,9.88976728729904,-0.01930427,0.2753138,0.3696344,0.1251319,0.03529202,0.9915017,0.004570628,0.0391425862908363,0,0
150284,0.0166667,9.90643398649991,-0.01253376,0.2740294,0.3678207,0.1269262,0.0379352,0.9911785,0.003998988,0.0391425862908363,0,0
150290,0.0166668,9.92310078628361,-0.01253376,0.2740294,0.3678207,0.1269262,0.0379352,0.9911785,0.003998988,0.0391425862908363,0,0
150292,0.0168983,9.93999908678234,-0.01253376,0.2740294,0.3678207,0.1269262,0.0379352,0.9911785,0.003998988,0.0391425862908363,0,0
150296,0.0166674,9.95666648633778,-0.007922786,0.2732473,0.3670154,0.1274296,0.03910463,0.9910687,0.003910481,0.0391425862908363,0,0
150298,0.0166667,9.97333318553865,-0.003679626,0.2725936,0.366347,0.1274324,0.04004342,0.9910308,0.00393759,0.0391425862908363,0,0
150304,0.0166669,9.99000008590519,-0.003679626,0.2725936,0.366347,0.1274324,0.04004342,0.9910308,0.00393759,0.0391425862908363,0,0
150306,0.0167287,10.0067287851125,-0.003679626,0.2725936,0.366347,0.1274324,0.04004342,0.9910308,0.00393759,0.0391425862908363,0,0
150310,0.0166674,10.0233961846679,0.001893088,0.2717246,0.3655775,0.1273987,0.04103232,0.9909941,0.004070777,0.0391425862908363,0,0
150312,0.0166666,10.0400627851486,0.001893088,0.2717246,0.3655775,0.1273987,0.04103232,0.9909941,0.004070777,0.039868202060461,0,0
150314,0.016668,10.0567307844758,0.007138312,0.2707635,0.3648576,0.1270937,0.04163812,0.9910073,0.004241302,0.039868202060461,0,0
150320,0.0166666,10.0733973849565,0.007138312,0.2707635,0.3648576,0.1270937,0.04163812,0.9910073,0.004241302,0.039868202060461,0,0
150326,0.0212153,10.0946126841009,0.01218401,0.2697058,0.3642201,0.1262822,0.04214912,0.9910885,0.004457271,0.039868202060461,0,0
150328,0.0222848,10.1168974842876,0.01218401,0.2697058,0.3642201,0.1262822,0.04214912,0.9910885,0.004457271,0.039868202060461,0,0
150332,0.0166672,10.13356468454,0.01218401,0.2697058,0.3642201,0.1262822,0.04214912,0.9910885,0.004457271,0.039868202060461,0,0
150336,0.0183426,10.1519072838128,0.02203574,0.2669046,0.363286,0.1242158,0.04236133,0.991336,0.005377176,0.039868202060461,0,0
150342,0.022653,10.174560284242,0.02203574,0.2669046,0.363286,0.1242158,0.04236133,0.991336,0.005377176,0.039868202060461,0,0
150344,0.0218238,10.1963840834796,0.02632858,0.2654111,0.3630967,0.1229694,0.04220802,0.9914947,0.005943758,0.039868202060461,0,0
150346,0.016668,10.2130520828068,0.0301743,0.2637535,0.363004,0.1216346,0.04218069,0.9916565,0.006571631,0.039868202060461,0,0
150350,0.0166726,10.2297246828675,0.0301743,0.2637535,0.363004,0.1216346,0.04218069,0.9916565,0.006571631,0.0398688614368439,0,0
150354,0.0166665,10.2463911827654,0.03381343,0.2617287,0.3628619,0.1199606,0.04201544,0.9918622,0.00731381,0.0398688614368439,0,0
150358,0.0193078,10.2656989824027,0.03381343,0.2617287,0.3628619,0.1199606,0.04201544,0.9918622,0.00731381,0.0398688614368439,0,0
150362,0.0166672,10.2823661826551,0.03381343,0.2617287,0.3628619,0.1199606,0.04201544,0.9918622,0.00731381,0.0398688614368439,0,0
150364,0.0169658,10.2993319835514,0.03747433,0.2595475,0.3628396,0.1183484,0.04212821,0.992045,0.008102254,0.0398688614368439,0,0
150368,0.0166683,10.3160002827644,0.03747433,0.2595475,0.3628396,0.1183484,0.04212821,0.992045,0.008102254,0.0398688614368439,0,0
150370,0.0167391,10.3327393829823,0.04058431,0.2574508,0.3629327,0.1164936,0.04213641,0.9922577,0.008861387,0.0398688614368439,0,0
150376,0.0166691,10.3494084831327,0.04058431,0.2574508,0.3629327,0.1164936,0.04213641,0.9922577,0.008861387,0.0398688614368439,0,0
150378,0.0177622,10.3671706840396,0.04058431,0.2574508,0.3629327,0.1164936,0.04213641,0.9922577,0.008861387,0.0398688614368439,0,0
150382,0.0166688,10.3838394843042,0.04620443,0.2532877,0.3637576,0.1125126,0.04230138,0.9926946,0.01044235,0.0398688614368439,0,0
150384,0.0166659,10.4005053844303,0.04620443,0.2532877,0.3637576,0.1125126,0.04230138,0.9926946,0.01044235,0.0398688614368439,0,0
150390,0.0166677,10.4171730838716,0.04620443,0.2532877,0.3637576,0.1125126,0.04230138,0.9926946,0.01044235,0.0398688614368439,0,0
150392,0.0178969,10.4350699838251,0.04835602,0.2514455,0.3643625,0.1107369,0.04260157,0.9928733,0.01118207,0.0398688614368439,0,0
150396,0.016668,10.4517379831523,0.05039192,0.2493303,0.3650846,0.1084963,0.04298197,0.993095,0.01197264,0.0398688614368439,0,0
150398,0.0187109,10.4704488832504,0.05039192,0.2493303,0.3650846,0.1084963,0.04298197,0.993095,0.01197264,0.0398688614368439,0,0
150402,0.0179265,10.4883753824979,0.05234968,0.2474512,0.365885,0.10668,0.04348104,0.993261,0.01270074,0.0398688614368439,0,0
150406,0.0175845,10.5059598833323,0.05234968,0.2474512,0.365885,0.10668,0.04348104,0.993261,0.01270074,0.0398688614368439,0,0
150410,0.0166678,10.5226276833564,0.05439218,0.2456584,0.3667036,0.1047679,0.04392099,0.9934361,0.01339239,0.0398688614368439,0,0
150412,0.0166668,10.5392944831401,0.05439218,0.2456584,0.3667036,0.1047679,0.04392099,0.9934361,0.01339239,0.0398688614368439,0,0
150416,0.0166675,10.5559619832784,0.05439218,0.2456584,0.3667036,0.1047679,0.04392099,0.9934361,0.01339239,0.0398688614368439,0,0
150418,0.0183891,10.5743510834873,0.05871721,0.2426412,0.3684422,0.1010846,0.04561571,0.9937274,0.01438853,0.0398688614368439,0,0
150424,0.0166686,10.5910196825862,0.05871721,0.2426412,0.3684422,0.1010846,0.04561571,0.9937274,0.01438853,0.0398688614368439,0,0
150426,0.0172822,10.6083018817008,0.05871721,0.2426412,0.3684422,0.1010846,0.04561571,0.9937274,0.01438853,0.0398688614368439,0,0
150430,0.0166679,10.6249697823077,0.06078881,0.2413832,0.3691556,0.09935559,0.04651206,0.9938554,0.01471998,0.0398688614368439,0,0
150432,0.0166658,10.641635581851,0.06078881,0.2413832,0.3691556,0.09935559,0.04651206,0.9938554,0.01471998,0.0398688614368439,0,0
150434,0.0166681,10.658303681761,0.06314602,0.2402941,0.3699833,0.09743169,0.04797418,0.9939734,0.0149154,0.0398688614368439,0,0
150438,0.0166671,10.6749707814306,0.06314602,0.2402941,0.3699833,0.09743169,0.04797418,0.9939734,0.0149154,0.0398688614368439,0,0
150442,0.0166675,10.6916382815689,0.0651123,0.239546,0.3707463,0.09570838,0.04905232,0.9940853,0.01510799,0.0398688614368439,0,0
150444,0.0166664,10.7083046808839,0.0651123,0.239546,0.3707463,0.09570838,0.04905232,0.9940853,0.01510799,0.0398688614368439,0,0
150448,0.0166672,10.7249718811363,0.0651123,0.239546,0.3707463,0.09570838,0.04905232,0.9940853,0.01510799,0.0398688614368439,0,0
150452,0.0166669,10.7416387815028,0.06710873,0.2389988,0.3715675,0.09391236,0.05024167,0.9941955,0.01521378,0.0398688614368439,0,0
150456,0.0166674,10.7583061810583,0.06710873,0.2389988,0.3715675,0.09391236,0.05024167,0.9941955,0.01521378,0.0398688614368439,0,0
150458,0.0166683,10.7749744802713,0.06710873,0.2389988,0.3715675,0.09391236,0.05024167,0.9941955,0.01521378,0.0398688614368439,0,0
150464,0.0166656,10.7916400805116,0.06934408,0.2385323,0.3723886,0.09201696,0.05143707,0.9943111,0.01525021,0.0398688614368439,0,0
150468,0.017922,10.8095620796084,0.07313194,0.2376341,0.3735813,0.08881548,0.05359508,0.9944918,0.01501215,0.0398688614368439,0,0
150470,0.022463,10.8320250790566,0.07313194,0.2376341,0.3735813,0.08881548,0.05359508,0.9944918,0.01501215,0.0398688614368439,0,0
150474,0.0166685,10.8486935794353,0.07497567,0.2368438,0.374013,0.08663315,0.05457911,0.994634,0.01480065,0.0398688614368439,0,0
150478,0.0166652,10.8653587792069,0.07497567,0.2368438,0.374013,0.08663315,0.05457911,0.994634,0.01480065,0.0398688614368439,0,0
150482,0.0192927,10.88465147838,0.07650576,0.2358768,0.3743419,0.08492779,0.0553114,0.9947418,0.01472014,0.0398688614368439,0,0
150484,0.0166661,10.9013175778091,0.07650576,0.2358768,0.3743419,0.08492779,0.0553114,0.9947418,0.01472014,0.0398688614368439,0,0
150488,0.0166669,10.9179844781756,0.0779053,0.2345416,0.3746738,0.08285399,0.05587367,0.9948852,0.01472454,0.0398688614368439,0,0
150490,0.0166666,10.9346510786563,0.0779053,0.2345416,0.3746738,0.08285399,0.05587367,0.9948852,0.01472454,0.0398688614368439,0,0
150494,0.0166672,10.9513182789087,0.07925615,0.232787,0.3751745,0.08074805,0.05650877,0.9950209,0.0148298,0.0398688614368439,0,0
150498,0.0166786,10.9679968785495,0.07925615,0.232787,0.3751745,0.08074805,0.05650877,0.9950209,0.0148298,0.0398688614368439,0,0
150502,0.0166676,10.9846644792706,0.07925615,0.232787,0.3751745,0.08074805,0.05650877,0.9950209,0.0148298,0.0398688614368439,0,0
150504,0.0166661,11.0013305786997,0.07925615,0.232787,0.3751745,0.08074805,0.05650877,0.9950209,0.0148298,0.0398688614368439,0,0
150508,0.0166669,11.0179974790663,0.08091059,0.2295251,0.3772675,0.07685127,0.05764417,0.9952548,0.01545568,0.0398688614368439,0,0
150512,0.016666,11.0346634797752,0.08091059,0.2295251,0.3772675,0.07685127,0.05764417,0.9952548,0.01545568,0.0398688614368439,0,0
150516,0.0166677,11.0513311792165,0.08132989,0.2275534,0.3789075,0.07474194,0.05848824,0.9953591,0.01591066,0.0398688614368439,0,0
150518,0.0205238,11.0718549787998,0.08155904,0.225791,0.3808076,0.07283775,0.05960713,0.9954267,0.01635006,0.0398688614368439,0,0
150522,0.0166708,11.0885257795453,0.08155904,0.225791,0.3808076,0.07283775,0.05960713,0.9954267,0.01635006,0.0398688614368439,0,0
150524,0.0166673,11.1051930803806,0.08155904,0.225791,0.3808076,0.07283775,0.05960713,0.9954267,0.01635006,0.0398688614368439,0,0
150530,0.0166681,11.1218611802906,0.08173719,0.2238944,0.3828871,0.07094201,0.06091707,0.9954767,0.0168066,0.0398688614368439,0,0
150532,0.017824,11.1396851800382,0.08173719,0.2238944,0.3828871,0.07094201,0.06091707,0.9954767,0.0168066,0.0398688614368439,0,0
150536,0.0166676,11.1563527807593,0.0817573,0.2223289,0.384874,0.06936193,0.06230675,0.9954956,0.01718226,0.0398688614368439,0,0
150538,0.0179707,11.1743234805763,0.0817573,0.2223289,0.384874,0.06936193,0.06230675,0.9954956,0.01718226,0.0398688614368439,0,0
150544,0.0166682,11.1909916810691,0.0817573,0.2223289,0.384874,0.06936193,0.06230675,0.9954956,0.01718226,0.0398688614368439,0,0
150546,0.0195993,11.210590980947,0.0814754,0.2206681,0.3870646,0.06779339,0.0636734,0.9955086,0.01767624,0.0398688614368439,0,0
150550,0.0166682,11.2272591814399,0.0814754,0.2206681,0.3870646,0.06779339,0.0636734,0.9955086,0.01767624,0.0398688614368439,0,0
150552,0.0166657,11.2439248822629,0.0814754,0.2206681,0.3870646,0.06779339,0.0636734,0.9955086,0.01767624,0.0398688614368439,0,0
150556,0.0166687,11.2605935819447,0.07995918,0.2176227,0.3914194,0.06480204,0.06742351,0.9954485,0.01835794,0.0398688614368439,0,0
150558,0.0166665,11.2772600818425,0.07995918,0.2176227,0.3914194,0.06480204,0.06742351,0.9954485,0.01835794,0.0398688614368439,0,0
150564,0.0166673,11.2939273826778,0.0788953,0.2160494,0.3932947,0.06346311,0.06917376,0.9954088,0.01867652,0.0398688614368439,0,0
150566,0.0166663,11.3105936832726,0.0788953,0.2160494,0.3932947,0.06346311,0.06917376,0.9954088,0.01867652,0.0398688614368439,0,0
150570,0.0166673,11.3272609841079,0.07785439,0.2146585,0.3949592,0.0621912,0.07088625,0.995364,0.01891692,0.0398688614368439,0,0
150572,0.0166663,11.3439272847027,0.07785439,0.2146585,0.3949592,0.0621912,0.07088625,0.995364,0.01891692,0.0398688614368439,0,0
150576,0.0166675,11.3605947848409,0.07690031,0.213176,0.3965802,0.06106441,0.07261711,0.9953044,0.01915775,0.0398688614368439,0,0
150578,0.0166661,11.3772608842701,0.07690031,0.213176,0.3965802,0.06106441,0.07261711,0.9953044,0.01915775,0.0398688614368439,0,0
150584,0.016668,11.3939288835973,0.07611343,0.2116766,0.3980187,0.06014704,0.07425848,0.9952352,0.01936353,0.0398688614368439,0,0
150586,0.016666,11.4105948843062,0.07611343,0.2116766,0.3980187,0.06014704,0.07425848,0.9952352,0.01936353,0.0398688614368439,0,0
150590,0.0166684,11.4272632841021,0.07537387,0.2102801,0.3996593,0.05924625,0.07630833,0.9951317,0.01949014,0.0398688614368439,0,0
150592,0.016665,11.4439282845706,0.07537387,0.2102801,0.3996593,0.05924625,0.07630833,0.9951317,0.01949014,0.0398688614368439,0,0
150596,0.0166692,11.4605974853039,0.07537387,0.2102801,0.3996593,0.05924625,0.07630833,0.9951317,0.01949014,0.0398688614368439,0,0
150600,0.0169143,11.4775117859244,0.07399596,0.2075471,0.4029968,0.05769346,0.08016303,0.9949127,0.01984909,0.0398688614368439,0,0
150604,0.0166676,11.4941793866456,0.07399596,0.2075471,0.4029968,0.05769346,0.08016303,0.9949127,0.01984909,0.0398688614368439,0,0
150606,0.0167002,11.5108795873821,0.07399596,0.2075471,0.4029968,0.05769346,0.08016303,0.9949127,0.01984909,0.0398688614368439,0,0
150610,0.0166667,11.5275462865829,0.07343998,0.2063232,0.4048076,0.05706056,0.08233068,0.9947695,0.01998308,0.0398688614368439,0,0
150612,0.0166668,11.5442130863667,0.07305417,0.20518,0.4063041,0.05657778,0.08441151,0.9946222,0.02000796,0.0398688614368439,0,0
150616,0.0166682,11.5608812868595,0.07305417,0.20518,0.4063041,0.05657778,0.08441151,0.9946222,0.02000796,0.0398688614368439,0,0
150620,0.0166659,11.5775471869856,0.07305417,0.20518,0.4063041,0.05657778,0.08441151,0.9946222,0.02000796,0.0398688614368439,0,0
150624,0.016668,11.5942151863128,0.07277459,0.2039459,0.4075751,0.05620353,0.08669365,0.9944496,0.01988726,0.0398688614368439,0,0
150626,0.0166658,11.6108809858561,0.07277459,0.2039459,0.4075751,0.05620353,0.08669365,0.9944496,0.01988726,0.0398688614368439,0,0
150630,0.016668,11.6275489851832,0.07256991,0.2029037,0.4086003,0.05588866,0.08886769,0.9942794,0.01968042,0.0398688614368439,0,0
150632,0.0172369,11.6447858847678,0.07256991,0.2029037,0.4086003,0.05588866,0.08886769,0.9942794,0.01968042,0.0398688614368439,0,0
150636,0.0166686,11.6614544838667,0.07256991,0.2029037,0.4086003,0.05588866,0.08886769,0.9942794,0.01968042,0.0398688614368439,0,0
150638,0.0166653,11.6781197842211,0.07244669,0.2019591,0.409307,0.05565634,0.09105947,0.994101,0.01933089,0.0398688614368439,0,0
150644,0.0166684,11.6947881840169,0.07244669,0.2019591,0.409307,0.05565634,0.09105947,0.994101,0.01933089,0.0398688614368439,0,0
150646,0.016665,11.7114531844854,0.07244669,0.2019591,0.409307,0.05565634,0.09105947,0.994101,0.01933089,0.0398688614368439,0,0
150650,0.0166679,11.7281210850924,0.07225518,0.2005764,0.4099383,0.0552971,0.09529453,0.9937431,0.01832479,0.0398688614368439,0,0
150652,0.0166653,11.7447863854468,0.07225518,0.2005764,0.4099383,0.0552971,0.09529453,0.9937431,0.01832479,0.0398688614368439,0,0
150656,0.016668,11.761454384774,0.07216465,0.2001568,0.4101535,0.05508795,0.09759036,0.9935434,0.01768911,0.0398688614368439,0,0
150660,0.0166659,11.7781202849001,0.07216465,0.2001568,0.4101535,0.05508795,0.09759036,0.9935434,0.01768911,0.0398688614368439,0,0
150664,0.0166686,11.794788883999,0.07204313,0.1999008,0.4102839,0.05487935,0.09957712,0.993368,0.01711072,0.0398688614368439,0,0
150666,0.0166656,11.8114544842392,0.07204313,0.1999008,0.4102839,0.05487935,0.09957712,0.993368,0.01711072,0.0398688614368439,0,0
150670,0.0166681,11.8281225841492,0.07192574,0.1997589,0.4103812,0.05464982,0.1012357,0.9932214,0.01661361,0.0398688614368439,0,0
150672,0.0166658,11.8447883836925,0.07192574,0.1997589,0.4103812,0.05464982,0.1012357,0.9932214,0.01661361,0.0398688614368439,0,0
150676,0.0166693,11.861457683146,0.07185865,0.1996163,0.4103179,0.0544541,0.1031892,0.9930419,0.01595355,0.0398695170879364,0,0
150678,0.0166647,11.8781223837286,0.07185865,0.1996163,0.4103179,0.0544541,0.1031892,0.9930419,0.01595355,0.0398695170879364,0,0
150684,0.016668,11.8947903830558,0.07185865,0.1996163,0.4103179,0.0544541,0.1031892,0.9930419,0.01595355,0.0398695170879364,0,0
150686,0.0172049,11.9119952823967,0.07182418,0.1994375,0.4100877,0.05430963,0.1047451,0.9928962,0.01536516,0.0398695170879364,0,0
150690,0.0166666,11.9286618828774,0.07182418,0.1994375,0.4100877,0.05430963,0.1047451,0.9928962,0.01536516,0.0398695170879364,0,0
150694,0.0166666,11.945328483358,0.07186235,0.1989472,0.4094202,0.05411291,0.1079805,0.9925794,0.01407676,0.0398695170879364,0,0
150698,0.0188781,11.9642065837979,0.07186235,0.1989472,0.4094202,0.05411291,0.1079805,0.9925794,0.01407676,0.0398695170879364,0,0
150700,0.0170618,11.9812683835626,0.07186235,0.1989472,0.4094202,0.05411291,0.1079805,0.9925794,0.01407676,0.0398695170879364,0,0
150704,0.0166678,11.9979361835867,0.07193662,0.1982134,0.4084126,0.05406908,0.1108394,0.9922836,0.01282087,0.0398695170879364,0,0
150706,0.0171925,12.0151286832988,0.07193662,0.1982134,0.4084126,0.05406908,0.1108394,0.9922836,0.01282087,0.0398695170879364,0,0
150712,0.0166706,12.0317992828786,0.07193662,0.1982134,0.4084126,0.05406908,0.1108394,0.9922836,0.01282087,0.0398688614368439,0,0
150714,0.0166637,12.0484629832208,0.07201527,0.1979346,0.4079874,0.0541283,0.1121951,0.9921354,0.01223505,0.0398688614368439,0,0
150718,0.0166685,12.0651314835995,0.07201527,0.1979346,0.4079874,0.0541283,0.1121951,0.9921354,0.01223505,0.0398688614368439,0,0
150720,0.0166655,12.0817969832569,0.07201527,0.1979346,0.4079874,0.0541283,0.1121951,0.9921354,0.01223505,0.0398688614368439,0,0
150722,0.0166673,12.0984642840922,0.07213345,0.1976165,0.407377,0.05425325,0.1137765,0.9919572,0.01150257,0.0398688614368439,0,0
150726,0.0166675,12.1151317842305,0.07213345,0.1976165,0.407377,0.05425325,0.1137765,0.9919572,0.01150257,0.0398688614368439,0,0
150730,0.0166667,12.1317984834313,0.07213345,0.1976165,0.407377,0.05425325,0.1137765,0.9919572,0.01150257,0.0398688614368439,0,0
150734,0.0166665,12.1484649833292,0.07229668,0.1972853,0.4067866,0.05446032,0.1150852,0.9918022,0.01086193,0.0398688614368439,0,0
150738,0.0166666,12.1651315838099,0.07229668,0.1972853,0.4067866,0.05446032,0.1150852,0.9918022,0.01086193,0.0398688614368439,0,0
150744,0.0205644,12.1856959834695,0.07289312,0.1966339,0.4051968,0.05512825,0.1179098,0.9914493,0.009298466,0.0398688614368439,0,0
150746,0.0230452,12.208741184324,0.07289312,0.1966339,0.4051968,0.05512825,0.1179098,0.9914493,0.009298466,0.0398688614368439,0,0
150750,0.0166684,12.2254095841199,0.07321058,0.196276,0.4042922,0.05552976,0.1189811,0.9913053,0.008588109,0.0398688614368439,0,0
150752,0.0166657,12.242075284943,0.07321058,0.196276,0.4042922,0.05552976,0.1189811,0.9913053,0.008588109,0.0398688614368439,0,0
150756,0.016668,12.2587432842702,0.07354838,0.1958858,0.4033108,0.05603275,0.119917,0.9911699,0.007904076,0.0398688614368439,0,0
150758,0.0166673,12.2754105851054,0.07354838,0.1958858,0.4033108,0.05603275,0.119917,0.9911699,0.007904076,0.0398688614368439,0,0
150764,0.0166661,12.2920766845346,0.07386832,0.1955449,0.4024284,0.05650108,0.1209037,0.9910285,0.007240285,0.0398688614368439,0,0
150766,0.0166659,12.3087425846606,0.07386832,0.1955449,0.4024284,0.05650108,0.1209037,0.9910285,0.007240285,0.0398688614368439,0,0
150770,0.0166677,12.325410284102,0.07386832,0.1955449,0.4024284,0.05650108,0.1209037,0.9910285,0.007240285,0.0398688614368439,0,0
150772,0.0172297,12.342639984563,0.07420447,0.1950473,0.4014706,0.05705865,0.1218314,0.9908875,0.006592391,0.0398688614368439,0,0
150776,0.0166674,12.3593073841184,0.07420447,0.1950473,0.4014706,0.05705865,0.1218314,0.9908875,0.006592391,0.0398695170879364,0,0
150780,0.0166662,12.3759735841304,0.07489932,0.1936492,0.3995508,0.05830399,0.1233925,0.9906287,0.00546163,0.0398695170879364,0,0
150784,0.016669,12.392642583698,0.07489932,0.1936492,0.3995508,0.05830399,0.1233925,0.9906287,0.00546163,0.0398695170879364,0,0
150786,0.018333,12.4109755828977,0.07489932,0.1936492,0.3995508,0.05830399,0.1233925,0.9906287,0.00546163,0.0398695170879364,0,0
150788,0.016669,12.4276445824653,0.07530006,0.1927169,0.3985555,0.05905467,0.1241035,0.9904981,0.004941364,0.0398695170879364,0,0
150794,0.0166662,12.4443107824773,0.07576492,0.1916807,0.3976218,0.0598831,0.1246779,0.9903783,0.004494393,0.0398695170879364,0,0
150798,0.0181584,12.4624691829085,0.07576492,0.1916807,0.3976218,0.0598831,0.1246779,0.9903783,0.004494393,0.0398695170879364,0,0
150800,0.0176571,12.4801262822002,0.07576492,0.1916807,0.3976218,0.0598831,0.1246779,0.9903783,0.004494393,0.0398695170879364,0,0
150804,0.016668,12.4967942815274,0.0762331,0.1906441,0.3967135,0.06066144,0.1251989,0.990267,0.004070445,0.0398695170879364,0,0
150806,0.0166661,12.5134603809565,0.0762331,0.1906441,0.3967135,0.06066144,0.1251989,0.990267,0.004070445,0.0398695170879364,0,0
150810,0.0166674,12.530127780512,0.0767001,0.1896178,0.3958249,0.06147068,0.1258837,0.9901322,0.003600019,0.0398695170879364,0,0
150812,0.0166672,12.5467949807644,0.0767001,0.1896178,0.3958249,0.06147068,0.1258837,0.9901322,0.003600019,0.0398695170879364,0,0
150816,0.0166666,12.5634615812451,0.0767001,0.1896178,0.3958249,0.06147068,0.1258837,0.9901322,0.003600019,0.0398695170879364,0,0
150820,0.0166681,12.5801296811551,0.07705355,0.1886131,0.3949906,0.06218489,0.1264907,0.9900116,0.003189425,0.0398695170879364,0,0
150824,0.0166672,12.5967968814075,0.07705355,0.1886131,0.3949906,0.06218489,0.1264907,0.9900116,0.003189425,0.0398695170879364,0,0
150826,0.0166661,12.6134629808366,0.07705355,0.1886131,0.3949906,0.06218489,0.1264907,0.9900116,0.003189425,0.0398695170879364,0,0
150832,0.0166677,12.6301306802779,0.07740798,0.1867965,0.3934478,0.0631498,0.1278652,0.9897762,0.002386902,0.0398701727390289,0,0
150834,0.01748,12.6476106811315,0.07740798,0.1867965,0.3934478,0.0631498,0.1278652,0.9897762,0.002386902,0.0398701727390289,0,0
150836,0.0166681,12.6642787810415,0.07739776,0.185927,0.3928421,0.06339458,0.1284538,0.989685,0.002098998,0.0398701727390289,0,0
150840,0.0166681,12.6809468809515,0.07733947,0.185276,0.3924157,0.06353253,0.1291291,0.9895888,0.001824036,0.0398701727390289,0,0
150842,0.016666,12.6976128816605,0.07733947,0.185276,0.3924157,0.06353253,0.1291291,0.9895888,0.001824036,0.0398701727390289,0,0
150846,0.0166672,12.7142800819129,0.07733947,0.185276,0.3924157,0.06353253,0.1291291,0.9895888,0.001824036,0.0398701727390289,0,0
150850,0.0166668,12.7309468816966,0.07730206,0.1846817,0.3920694,0.06369612,0.1297732,0.9894944,0.001580615,0.0398701727390289,0,0
150854,0.0166668,12.7476136814803,0.07730206,0.1846817,0.3920694,0.06369612,0.1297732,0.9894944,0.001580615,0.0398701727390289,0,0
150856,0.0166669,12.7642805818468,0.07724496,0.1840906,0.3917558,0.06383478,0.13028,0.9894192,0.001398446,0.0398701727390289,0,0
150860,0.0166664,12.7809469811618,0.07724496,0.1840906,0.3917558,0.06383478,0.13028,0.9894192,0.001398446,0.0398701727390289,0,0
150864,0.0166672,12.7976141814142,0.07724496,0.1840906,0.3917558,0.06383478,0.13028,0.9894192,0.001398446,0.0398701727390289,0,0
150866,0.0166667,12.8142808806151,0.07711574,0.1829263,0.3910711,0.06428852,0.1309392,0.9893031,0.00115607,0.0398688614368439,0,0
150870,0.016667,12.8309478797019,0.07711574,0.1829263,0.3910711,0.06428852,0.1309392,0.9893031,0.00115607,0.0398688614368439,0,0
150872,0.0166666,12.8476144801825,0.07711574,0.1829263,0.3910711,0.06428852,0.1309392,0.9893031,0.00115607,0.0398688614368439,0,0
150876,0.0166673,12.8642817810178,0.07704943,0.1822173,0.3907295,0.06451497,0.1311009,0.989267,0.001105231,0.0398688614368439,0,0
150880,0.0166679,12.8809496816248,0.07697374,0.1814691,0.3903092,0.06477208,0.1312488,0.9892306,0.001041053,0.0398688614368439,0,0
150884,0.0166665,12.8976161815226,0.07697374,0.1814691,0.3903092,0.06477208,0.1312488,0.9892306,0.001041053,0.0398688614368439,0,0
150886,0.0166659,12.9142820816487,0.07697374,0.1814691,0.3903092,0.06477208,0.1312488,0.9892306,0.001041053,0.0398688614368439,0,0
150890,0.0166679,12.9309499822557,0.0768837,0.1806195,0.3897984,0.06501199,0.1314561,0.9891875,0.0009378878,0.0398688614368439,0,0
150894,0.0166654,12.9476153813303,0.0768837,0.1806195,0.3897984,0.06501199,0.1314561,0.9891875,0.0009378878,0.0398688614368439,0,0
150898,0.0166678,12.9642831813544,0.07678953,0.1796063,0.389137,0.06529605,0.1315294,0.9891591,0.0008477411,0.0398688614368439,0,0
150900,0.0173141,12.9815972819924,0.07678953,0.1796063,0.389137,0.06529605,0.1315294,0.9891591,0.0008477411,0.0398688614368439,0,0
150904,0.0166694,12.9982666820288,0.07678953,0.1796063,0.389137,0.06529605,0.1315294,0.9891591,0.0008477411,0.0398688614368439,0,0
150906,0.0176901,13.0159567818046,0.07656474,0.1776926,0.3875137,0.06565204,0.131772,0.9891035,0.000501428,0.0398688614368439,0,0
150912,0.0166684,13.0326251816005,0.07656474,0.1776926,0.3875137,0.06565204,0.131772,0.9891035,0.000501428,0.0398688614368439,0,0
150914,0.017594,13.0502191819251,0.07656474,0.1776926,0.3875137,0.06565204,0.131772,0.9891035,0.000501428,0.0398688614368439,0,0
150918,0.0192505,13.0694696810097,0.07627294,0.1760664,0.3854872,0.06597423,0.1321338,0.9890339,-4.565004E-05,0.0398688614368439,0,0
150920,0.0166673,13.0861369818449,0.07627294,0.1760664,0.3854872,0.06597423,0.1321338,0.9890339,-4.565004E-05,0.0398688614368439,0,0
150926,0.0166673,13.1028042826802,0.07627294,0.1760664,0.3854872,0.06597423,0.1321338,0.9890339,-4.565004E-05,0.0398688614368439,0,0
150928,0.0166663,13.119470583275,0.07611369,0.1754369,0.3843919,0.06610234,0.1322599,0.9890084,-0.000350045,0.0398688614368439,0,0
150932,0.0166676,13.1361381839961,0.07611369,0.1754369,0.3843919,0.06610234,0.1322599,0.9890084,-0.000350045,0.0398688614368439,0,0
150934,0.0166661,13.1528042834252,0.07611369,0.1754369,0.3843919,0.06610234,0.1322599,0.9890084,-0.000350045,0.0398688614368439,0,0
150938,0.016667,13.169471282512,0.07597081,0.1748911,0.3833534,0.06622922,0.1323679,0.9889854,-0.0006422703,0.0398688614368439,0,0
150940,0.0166661,13.1861373819411,0.07597081,0.1748911,0.3833534,0.06622922,0.1323679,0.9889854,-0.0006422703,0.0398688614368439,0,0
150944,0.0166676,13.2028049826622,0.07583266,0.1743965,0.3823972,0.06630535,0.1323775,0.9889787,-0.0008845869,0.0398688614368439,0,0
150948,0.0166671,13.2194720823318,0.07583266,0.1743965,0.3823972,0.06630535,0.1323775,0.9889787,-0.0008845869,0.0398688614368439,0,0
150954,0.0166668,13.2361388821155,0.07561157,0.1735791,0.3811411,0.06652557,0.1325311,0.9889431,-0.001197864,0.0398688614368439,0,0
150958,0.0261051,13.2622439824045,0.07561157,0.1735791,0.3811411,0.06652557,0.1325311,0.9889431,-0.001197864,0.0398688614368439,0,0
150962,0.0211856,13.283429581672,0.07561157,0.1735791,0.3811411,0.06652557,0.1325311,0.9889431,-0.001197864,0.0398688614368439,0,0
150968,0.022768,13.3061975818127,0.07521989,0.1728131,0.3809071,0.06655825,0.1325317,0.988941,-0.001023395,0.0398688614368439,0,0
150972,0.0220431,13.3282406814396,0.07521989,0.1728131,0.3809071,0.06655825,0.1325317,0.988941,-0.001023395,0.0398688614368439,0,0
150974,0.0225165,13.3507571816444,0.07521989,0.1728131,0.3809071,0.06655825,0.1325317,0.988941,-0.001023395,0.0398688614368439,0,0
150978,0.0166683,13.3674254808575,0.07487396,0.1723717,0.3808536,0.06655119,0.1324887,0.9889474,-0.0008239412,0.0398688614368439,0,0
150980,0.017747,13.3851724807173,0.07487396,0.1723717,0.3808536,0.06655119,0.1324887,0.9889474,-0.0008239412,0.0398688614368439,0,0
150986,0.0166673,13.4018397815526,0.07446534,0.1717914,0.3808321,0.06662853,0.1323839,0.9889565,-0.0005371892,0.0398688614368439,0,0
150988,0.0166663,13.4185060821474,0.07446534,0.1717914,0.3808321,0.06662853,0.1323839,0.9889565,-0.0005371892,0.0398688614368439,0,0
150992,0.0166667,13.4351727813482,0.07446534,0.1717914,0.3808321,0.06662853,0.1323839,0.9889565,-0.0005371892,0.0398695170879364,0,0
150994,0.0166669,13.4518396817148,0.07377746,0.1703867,0.3810818,0.06672499,0.1319823,0.9890038,0.0001501494,0.0398695170879364,0,0
150998,0.0166681,13.4685077816248,0.07377746,0.1703867,0.3810818,0.06672499,0.1319823,0.9890038,0.0001501494,0.0398695170879364,0,0
151000,0.0166661,13.4851738810539,0.07352015,0.1695324,0.3815208,0.0667511,0.1318212,0.9890233,0.0005708752,0.0398695170879364,0,0
151006,0.0166823,13.5018561817706,0.07339279,0.1686908,0.3820891,0.06686246,0.1317295,0.9890277,0.0009730554,0.0398695170879364,0,0
151008,0.0166672,13.518523382023,0.07339279,0.1686908,0.3820891,0.06686246,0.1317295,0.9890277,0.0009730554,0.0398695170879364,0,0
151010,0.0166681,13.535191481933,0.07339279,0.1686908,0.3820891,0.06686246,0.1317295,0.9890277,0.0009730554,0.0398695170879364,0,0
151014,0.0166673,13.5518587827683,0.07339279,0.1686908,0.3820891,0.06686246,0.1317295,0.9890277,0.0009730554,0.0398695170879364,0,0
151016,0.0166663,13.5685250833631,0.07334469,0.1678406,0.3828206,0.06699847,0.1317392,0.9890167,0.001375716,0.0398695170879364,0,0
151020,0.0166672,13.5851922836155,0.07334469,0.1678406,0.3828206,0.06699847,0.1317392,0.9890167,0.001375716,0.0398695170879364,0,0
151024,0.0166685,13.6018607839942,0.07337413,0.1669477,0.3837562,0.06721199,0.1319746,0.9889702,0.001766072,0.0398695170879364,0,0
151028,0.0166652,13.6185259837657,0.07337413,0.1669477,0.3837562,0.06721199,0.1319746,0.9889702,0.001766072,0.0398695170879364,0,0
151032,0.0166673,13.635193284601,0.0734372,0.1663059,0.3846183,0.06740411,0.1323242,0.9889099,0.002048507,0.0398688614368439,0,0
151034,0.016666,13.6518592853099,0.0734372,0.1663059,0.3846183,0.06740411,0.1323242,0.9889099,0.002048507,0.0398688614368439,0,0
151038,0.0178892,13.6697484850883,0.0734372,0.1663059,0.3846183,0.06740411,0.1323242,0.9889099,0.002048507,0.0398688614368439,0,0
151042,0.0166664,13.6864148844033,0.07353896,0.1652456,0.3861624,0.06770467,0.1331907,0.9887721,0.002467679,0.0398688614368439,0,0
151046,0.0198705,13.7062853835523,0.07353896,0.1652456,0.3861624,0.06770467,0.1331907,0.9887721,0.002467679,0.0398688614368439,0,0
151050,0.0166686,13.7229539826512,0.07352845,0.1648807,0.3867137,0.06764288,0.1335342,0.9887296,0.00260699,0.0398688614368439,0,0
151052,0.0180971,13.7410510834306,0.07352845,0.1648807,0.3867137,0.06764288,0.1335342,0.9887296,0.00260699,0.0398688614368439,0,0
151056,0.016668,13.7577190827578,0.07340298,0.1645426,0.3869838,0.06733263,0.1335203,0.9887522,0.002775674,0.0398688614368439,0,0
151058,0.0178551,13.7755741830915,0.07340298,0.1645426,0.3869838,0.06733263,0.1335203,0.9887522,0.002775674,0.0398688614368439,0,0
151064,0.0166688,13.7922429833561,0.07318354,0.1641638,0.3870796,0.06662159,0.1332064,0.9888421,0.002971984,0.0398688614368439,0,0
151066,0.0175744,13.8098173830658,0.07318354,0.1641638,0.3870796,0.06662159,0.1332064,0.9888421,0.002971984,0.0398688614368439,0,0
151070,0.0166676,13.8264849837869,0.07300898,0.1638918,0.3869647,0.0656606,0.1328412,0.9889553,0.003035272,0.0398688614368439,0,0
151072,0.0166663,13.8431512843817,0.07300898,0.1638918,0.3869647,0.0656606,0.1328412,0.9889553,0.003035272,0.0398688614368439,0,0
151078,0.0166689,13.8598201852292,0.07300898,0.1638918,0.3869647,0.0656606,0.1328412,0.9889553,0.003035272,0.0398688614368439,0,0
151080,0.0184013,13.8782214857638,0.07277216,0.1634935,0.3867415,0.0630442,0.1313763,0.9893206,0.003237386,0.0398688614368439,0,0
151082,0.0166686,13.8948900848627,0.07277216,0.1634935,0.3867415,0.0630442,0.1313763,0.9893206,0.003237386,0.0398688614368439,0,0
151086,0.0166664,13.9115564841777,0.07262255,0.1632141,0.386555,0.06137529,0.1300473,0.9896002,0.003484199,0.0398688614368439,0,0
151090,0.0166656,13.9282220844179,0.07262255,0.1632141,0.386555,0.06137529,0.1300473,0.9896002,0.003484199,0.0398688614368439,0,0
151092,0.0166864,13.9449084848166,0.07244024,0.1629127,0.3863377,0.05952334,0.1283669,0.9899314,0.003833021,0.0398688614368439,0,0
151096,0.0166689,13.961577385664,0.07244024,0.1629127,0.3863377,0.05952334,0.1283669,0.9899314,0.003833021,0.0398688614368439,0,0
151100,0.0166667,13.9782440848649,0.07226525,0.1626395,0.3860938,0.05745688,0.1263701,0.9903087,0.004243021,0.0398688614368439,0,0
151104,0.0166654,13.9949094839394,0.07226525,0.1626395,0.3860938,0.05745688,0.1263701,0.9903087,0.004243021,0.0398688614368439,0,0
151106,0.0177677,14.0126771833748,0.07226525,0.1626395,0.3860938,0.05745688,0.1263701,0.9903087,0.004243021,0.0398688614368439,0,0
151110,0.0166675,14.029344683513,0.07245034,0.1626148,0.3859455,0.05546266,0.1248099,0.9906197,0.004373166,0.0398688614368439,0,0
151114,0.0166677,14.0460123829544,0.07245034,0.1626148,0.3859455,0.05546266,0.1248099,0.9906197,0.004373166,0.0295854602009058,0,0
151118,0.0166654,14.0626777820289,0.07245034,0.1626148,0.3859455,0.05546266,0.1248099,0.9906197,0.004373166,0.0295854602009058,0,0
151120,0.0182508,14.0809285826981,0.07375629,0.1630434,0.3859775,0.05316865,0.1237802,0.9908769,0.003806739,0.0295854602009058,0,0
151124,0.0166684,14.097596982494,0.07375629,0.1630434,0.3859775,0.05316865,0.1237802,0.9908769,0.003806739,0.0295854602009058,0,0
151128,0.0206095,14.1182064823806,0.07570913,0.1645885,0.3867759,0.04823333,0.1218844,0.9913667,0.003121354,0.0295854602009058,0,0
151132,0.0166681,14.1348745822906,0.07570913,0.1645885,0.3867759,0.04823333,0.1218844,0.9913667,0.003121354,0.0295854602009058,0,0
151134,0.0166676,14.1515421830118,0.07570913,0.1645885,0.3867759,0.04823333,0.1218844,0.9913667,0.003121354,0.0295854602009058,0,0
151138,0.0166664,14.1682085823268,0.0756298,0.165465,0.3867362,0.04364889,0.1182101,0.9920217,0.003763289,0.0295854602009058,0,0
151140,0.0166656,14.184874182567,0.0756298,0.165465,0.3867362,0.04364889,0.1182101,0.9920217,0.003763289,0.0295854602009058,0,0
151146,0.0166685,14.2015426829457,0.0756298,0.165465,0.3867362,0.04364889,0.1182101,0.9920217,0.003763289,0.0295854602009058,0,0
151148,0.0166661,14.2182087823749,0.07563531,0.1660154,0.3867519,0.0413174,0.1166015,0.9923109,0.003992832,0.0295854602009058,0,0
151152,0.0173091,14.2355178818107,0.07563531,0.1660154,0.3867519,0.0413174,0.1166015,0.9923109,0.003992832,0.0259107537567616,0,0
151154,0.0166674,14.2521852813661,0.07569423,0.1665313,0.3867265,0.03919996,0.1150484,0.9925773,0.004197894,0.0259107537567616,0,0
151158,0.0166668,14.2688520811498,0.07569423,0.1665313,0.3867265,0.03919996,0.1150484,0.9925773,0.004197894,0.0259107537567616,0,0
151160,0.0166666,14.2855186816305,0.07569423,0.1665313,0.3867265,0.03919996,0.1150484,0.9925773,0.004197894,0.0259107537567616,0,0
151166,0.0166674,14.3021860811859,0.07580283,0.1669904,0.3866754,0.0367598,0.1131839,0.9928838,0.004464231,0.0259107537567616,0,0
151168,0.0166659,14.318851981312,0.07580283,0.1669904,0.3866754,0.0367598,0.1131839,0.9928838,0.004464231,0.0259107537567616,0,0
151172,0.0166682,14.3355201818049,0.07580283,0.1669904,0.3866754,0.0367598,0.1131839,0.9928838,0.004464231,0.0259107537567616,0,0
151174,0.0189159,14.3544360809028,0.07580283,0.1669904,0.3866754,0.0367598,0.1131839,0.9928838,0.004464231,0.0259107537567616,0,0
151178,0.0166691,14.3711051810533,0.07576042,0.1677648,0.3865957,0.03260945,0.1099066,0.9933938,0.005079178,0.0259107537567616,0,0
151182,0.0191062,14.3902113810182,0.07576042,0.1677648,0.3865957,0.03260945,0.1099066,0.9933938,0.005079178,0.0259107537567616,0,0
151186,0.0166683,14.4068796802312,0.07585766,0.1687516,0.3865129,0.0290985,0.1067886,0.9938398,0.005652137,0.0259107537567616,0,0
151188,0.0166673,14.4235469810665,0.07585766,0.1687516,0.3865129,0.0290985,0.1067886,0.9938398,0.005652137,0.0259107537567616,0,0
151192,0.0166664,14.4402133803815,0.07593196,0.1693148,0.3864606,0.02773073,0.1052837,0.9940377,0.005945806,0.0259107537567616,0,0
151194,0.0166671,14.456880480051,0.07593196,0.1693148,0.3864606,0.02773073,0.1052837,0.9940377,0.005945806,0.0259107537567616,0,0
151198,0.016667,14.4735474791378,0.07593196,0.1693148,0.3864606,0.02773073,0.1052837,0.9940377,0.005945806,0.0259035304188728,0,0
151200,0.0166673,14.490214779973,0.07593196,0.1693148,0.3864606,0.02773073,0.1052837,0.9940377,0.005945806,0.0259035304188728,0,0
151206,0.0166664,14.506881179288,0.07594966,0.1700787,0.3864124,0.02620777,0.1036473,0.9942489,0.006278163,0.0259035304188728,0,0
151208,0.0166666,14.5235477797687,0.07594966,0.1700787,0.3864124,0.02620777,0.1036473,0.9942489,0.006278163,0.0259035304188728,0,0
151212,0.0166673,14.540215080604,0.07591847,0.1708927,0.3862766,0.02479761,0.1022442,0.9944288,0.006520825,0.0259035304188728,0,0
151214,0.016666,14.5568810813129,0.07591847,0.1708927,0.3862766,0.02479761,0.1022442,0.9944288,0.006520825,0.0259035304188728,0,0
151218,0.0166675,14.5735485814512,0.07591847,0.1708927,0.3862766,0.02479761,0.1022442,0.9944288,0.006520825,0.0259035304188728,0,0
151220,0.016668,14.5902165807784,0.07580882,0.1729011,0.3851448,0.02262334,0.09932027,0.9947753,0.006768558,0.0258963070809841,0,0
151224,0.0166659,14.6068824809045,0.07580882,0.1729011,0.3851448,0.02262334,0.09932027,0.9947753,0.006768558,0.0258963070809841,0,0
151228,0.0166667,14.6235491801053,0.07580882,0.1729011,0.3851448,0.02262334,0.09932027,0.9947753,0.006768558,0.0258963070809841,0,0
151230,0.0166681,14.6402172800153,0.07570881,0.1743425,0.3843296,0.02167595,0.09813505,0.9949147,0.006663886,0.0258963070809841,0,0
151236,0.0166678,14.6568850800395,0.0754079,0.1763349,0.3831822,0.02077518,0.09730819,0.9950176,0.006277724,0.0258963070809841,0,0
151240,0.0166655,14.6735505796969,0.0754079,0.1763349,0.3831822,0.02077518,0.09730819,0.9950176,0.006277724,0.0258963070809841,0,0
151242,0.0166679,14.6902184803039,0.0748184,0.1787112,0.3817186,0.01961631,0.09683667,0.995091,0.005629948,0.0258963070809841,0,0
151246,0.0166659,14.70688438043,0.0748184,0.1787112,0.3817186,0.01961631,0.09683667,0.995091,0.005629948,0.0258963070809841,0,0
151248,0.0187544,14.7256387807429,0.07398367,0.1814898,0.3800351,0.01825545,0.09643469,0.99516,0.004868711,0.0258963070809841,0,0
151254,0.0166687,14.7423074804246,0.07398367,0.1814898,0.3800351,0.01825545,0.09643469,0.99516,0.004868711,0.0258903969079256,0,0
151256,0.0172904,14.7595978807658,0.07398367,0.1814898,0.3800351,0.01825545,0.09643469,0.99516,0.004868711,0.0258903969079256,0,0
151260,0.0166681,14.7762659806758,0.07270332,0.1846339,0.3781472,0.01694796,0.0963421,0.995196,0.003982847,0.0258903969079256,0,0
151262,0.0192056,14.7954715806991,0.07270332,0.1846339,0.3781472,0.01694796,0.0963421,0.995196,0.003982847,0.0258903969079256,0,0
151268,0.0166692,14.8121407814324,0.06718625,0.1928473,0.3741398,0.0135828,0.09522969,0.9953588,0.002787594,0.0258903969079256,0,0
151270,0.0166644,14.8288051821291,0.06718625,0.1928473,0.3741398,0.0135828,0.09522969,0.9953588,0.002787594,0.0258903969079256,0,0
151274,0.0166673,14.8454724829644,0.06718625,0.1928473,0.3741398,0.0135828,0.09522969,0.9953588,0.002787594,0.0258903969079256,0,0
151276,0.0167786,14.8622510824353,0.06218359,0.1967596,0.3720695,0.0120497,0.09387424,0.9955068,0.002938354,0.0258903969079256,0,0
151282,0.0184433,14.8806943818927,0.05658719,0.2007053,0.3700772,0.01050843,0.09191693,0.9957055,0.003369816,0.0258903969079256,0,0
151284,0.0171875,14.8978818822652,0.05658719,0.2007053,0.3700772,0.01050843,0.09191693,0.9957055,0.003369816,0.0258903969079256,0,0
151288,0.018505,14.9163868818432,0.05133674,0.2045413,0.3684161,0.009804127,0.09013614,0.9958741,0.00375088,0.0258903969079256,0,0
151292,0.0166675,14.9330543819815,0.05133674,0.2045413,0.3684161,0.009804127,0.09013614,0.9958741,0.00375088,0.0258903969079256,0,0
151294,0.0199945,14.9530488811433,0.04601808,0.2084655,0.3670799,0.009154613,0.0878852,0.9960794,0.004266288,0.0258903969079256,0,0
151298,0.0166682,14.9697170816362,0.04601808,0.2084655,0.3670799,0.009154613,0.0878852,0.9960794,0.004266288,0.0238967575132847,0,0
151300,0.0179714,14.9876884818077,0.04601808,0.2084655,0.3670799,0.009154613,0.0878852,0.9960794,0.004266288,0.0238967575132847,0,0
151306,0.0166684,15.0043568816036,0.04171644,0.2121768,0.3662475,0.008912206,0.08588042,0.9962547,0.004652751,0.0238967575132847,0,0
151308,0.0170778,15.0214346814901,0.04171644,0.2121768,0.3662475,0.008912206,0.08588042,0.9962547,0.004652751,0.0238967575132847,0,0
151312,0.0166687,15.0381033811718,0.03307811,0.2203349,0.3654009,0.008516854,0.08122318,0.9966449,0.005398947,0.0239013526588678,0,0
151314,0.0166661,15.054769480601,0.03307811,0.2203349,0.3654009,0.008516854,0.08122318,0.9966449,0.005398947,0.0239013526588678,0,0
151318,0.0166677,15.0714371800423,0.03307811,0.2203349,0.3654009,0.008516854,0.08122318,0.9966449,0.005398947,0.0239013526588678,0,0
151320,0.0166672,15.0881043802947,0.03307811,0.2203349,0.3654009,0.008516854,0.08122318,0.9966449,0.005398947,0.0239013526588678,0,0
151326,0.0166682,15.1047725807875,0.02481677,0.2269398,0.3654014,0.008447357,0.07608507,0.997045,0.006397776,0.0239013526588678,0,0
151328,0.0166649,15.1214374806732,0.02481677,0.2269398,0.3654014,0.008447357,0.07608507,0.997045,0.006397776,0.0239013526588678,0,0
151332,0.0166721,15.138109581545,0.02481677,0.2269398,0.3654014,0.008447357,0.07608507,0.997045,0.006397776,0.0239013526588678,0,0
151334,0.0166669,15.1547764819115,0.01918289,0.2308467,0.3655002,0.008716987,0.07274676,0.9972875,0.007048519,0.0239013526588678,0,0
151338,0.016667,15.1714434809983,0.01918289,0.2308467,0.3655002,0.008716987,0.07274676,0.9972875,0.007048519,0.0239013526588678,0,0
151340,0.016665,15.1881084814668,0.01918289,0.2308467,0.3655002,0.008716987,0.07274676,0.9972875,0.007048519,0.0239013526588678,0,0
151346,0.0166685,15.2047769818455,0.01455193,0.2337777,0.3655936,0.009004967,0.06985595,0.9974874,0.007610999,0.0239013526588678,0,0
151348,0.0171059,15.2218828815967,0.01455193,0.2337777,0.3655936,0.009004967,0.06985595,0.9974874,0.007610999,0.0239013526588678,0,0
151352,0.0166684,15.2385512813926,0.004587872,0.2393933,0.3663454,0.01034687,0.06308324,0.997914,0.009004611,0.0239013526588678,0,0
151354,0.0166659,15.2552171815187,0.004587872,0.2393933,0.3663454,0.01034687,0.06308324,0.997914,0.009004611,0.0239013526588678,0,0
151358,0.0166691,15.2718862816691,0.004587872,0.2393933,0.3663454,0.01034687,0.06308324,0.997914,0.009004611,0.0239013526588678,0,0
151362,0.0166708,15.2885570824146,0.004587872,0.2393933,0.3663454,0.01034687,0.06308324,0.997914,0.009004611,0.0239013526588678,0,0
151366,0.0166663,15.3052233830094,-0.005142164,0.244247,0.3681909,0.01251967,0.05636415,0.9982713,0.01099156,0.0239013526588678,0,0
151368,0.0173036,15.3225269839168,-0.005142164,0.244247,0.3681909,0.01251967,0.05636415,0.9982713,0.01099156,0.0239013526588678,0,0
151372,0.0169722,15.3394991829991,-0.005142164,0.244247,0.3681909,0.01251967,0.05636415,0.9982713,0.01099156,0.023902665823698,0,0
151374,0.0166685,15.3561676833779,-0.009624437,0.2463458,0.3694916,0.01402404,0.05271869,0.9984348,0.01232384,0.023902665823698,0,0
151378,0.0166678,15.372835483402,-0.009624437,0.2463458,0.3694916,0.01402404,0.05271869,0.9984348,0.01232384,0.023902665823698,0,0
151382,0.0166671,15.3895025830716,-0.009624437,0.2463458,0.3694916,0.01402404,0.05271869,0.9984348,0.01232384,0.023902665823698,0,0
151386,0.0166663,15.4061688836664,-0.01396084,0.248164,0.3709815,0.01508067,0.04943312,0.9985698,0.01368044,0.023902665823698,0,0
151388,0.0166665,15.4228353835642,-0.01396084,0.248164,0.3709815,0.01508067,0.04943312,0.9985698,0.01368044,0.023902665823698,0,0
151392,0.0166655,15.4395008832216,-0.01797071,0.2497703,0.3727354,0.01772733,0.04591843,0.9986666,0.01556348,0.023902665823698,0,0
151394,0.016668,15.4561688825488,-0.01797071,0.2497703,0.3727354,0.01772733,0.04591843,0.9986666,0.01556348,0.023902665823698,0,0
151398,0.0166661,15.4728349819779,-0.01797071,0.2497703,0.3727354,0.01772733,0.04591843,0.9986666,0.01556348,0.023902665823698,0,0
151402,0.0173248,15.4901597816497,-0.02527944,0.2521625,0.3761031,0.02039598,0.03956817,0.9988236,0.01923161,0.023902665823698,0,0
151406,0.0166689,15.5068286824971,-0.02527944,0.2521625,0.3761031,0.02039598,0.03956817,0.9988236,0.01923161,0.023902665823698,0,0
151408,0.0166652,15.5234938822687,-0.02527944,0.2521625,0.3761031,0.02039598,0.03956817,0.9988236,0.01923161,0.023902665823698,0,0
151412,0.0166682,15.5401620827615,-0.0278924,0.253065,0.3775341,0.02175209,0.03660871,0.9988728,0.02096874,0.023902665823698,0,0
151414,0.0166665,15.5568285826594,-0.03038914,0.2539736,0.3789986,0.02525003,0.03358235,0.9988518,0.02301768,0.023902665823698,0,0
151418,0.0166672,15.5734957829118,-0.03038914,0.2539736,0.3789986,0.02525003,0.03358235,0.9988518,0.02301768,0.023902665823698,0,0
151422,0.0166664,15.5901621822268,-0.03252519,0.2546906,0.3802186,0.02716634,0.03100952,0.9988472,0.02459065,0.023902665823698,0,0
151426,0.0166672,15.6068293824792,-0.03252519,0.2546906,0.3802186,0.02716634,0.03100952,0.9988472,0.02459065,0.023902665823698,0,0
151428,0.0166664,15.6234957817942,-0.03252519,0.2546906,0.3802186,0.02716634,0.03100952,0.9988472,0.02459065,0.023902665823698,0,0
151432,0.0166672,15.6401629820466,-0.03450789,0.2552272,0.3812596,0.02839228,0.02863667,0.9988504,0.02591586,0.023902665823698,0,0
151434,0.0166674,15.656830381602,-0.03450789,0.2552272,0.3812596,0.02839228,0.02863667,0.9988504,0.02591586,0.023902665823698,0,0
151440,0.0166667,15.6734970808029,-0.03748299,0.2560287,0.383104,0.03325537,0.02381036,0.9987472,0.02882928,0.023902665823698,0,0
151442,0.0166799,15.69017698057,-0.03748299,0.2560287,0.383104,0.03325537,0.02381036,0.9987472,0.02882928,0.023902665823698,0,0
151446,0.0166684,15.7068453803658,-0.03748299,0.2560287,0.383104,0.03325537,0.02381036,0.9987472,0.02882928,0.023902665823698,0,0
151448,0.0166657,15.7235110811889,-0.03866697,0.2561716,0.3838877,0.03500263,0.02182011,0.9986994,0.02997125,0.023902665823698,0,0
151454,0.0166682,15.7401792816818,-0.03959728,0.2561133,0.3846191,0.03755304,0.019914,0.9986098,0.03116958,0.023902665823698,0,0
151456,0.0169298,15.7571090813726,-0.03959728,0.2561133,0.3846191,0.03755304,0.019914,0.9986098,0.03116958,0.023902665823698,0,0
151460,0.0166678,15.7737768813968,-0.03959728,0.2561133,0.3846191,0.03755304,0.019914,0.9986098,0.03116958,0.023902665823698,0,0
151462,0.0169501,15.7907269820571,-0.04020247,0.2559306,0.3853376,0.03967244,0.01852631,0.9985221,0.03219485,0.023902665823698,0,0
151466,0.0166674,15.8073943816125,-0.04020247,0.2559306,0.3853376,0.03967244,0.01852631,0.9985221,0.03219485,0.023902665823698,0,0
151468,0.016666,15.8240603823215,-0.0406328,0.2557528,0.386169,0.0421229,0.0178987,0.9984025,0.03313272,0.023902665823698,0,0
151474,0.0166681,15.8407284822315,-0.0406328,0.2557528,0.386169,0.0421229,0.0178987,0.9984025,0.03313272,0.023902665823698,0,0
151476,0.0184386,15.8591670822352,-0.0406328,0.2557528,0.386169,0.0421229,0.0178987,0.9984025,0.03313272,0.023902665823698,0,0
151480,0.0166671,15.8758341819048,-0.04106314,0.2558224,0.3884574,0.04733815,0.01806171,0.9981114,0.03473489,0.023902665823698,0,0
151482,0.0180838,15.8939179815352,-0.04106314,0.2558224,0.3884574,0.04733815,0.01806171,0.9981114,0.03473489,0.023902665823698,0,0
151486,0.0166675,15.9105854816735,-0.0411699,0.2562219,0.3896062,0.04984012,0.01898039,0.9979523,0.03531254,0.023902665823698,0,0
151488,0.0166673,15.9272527825087,-0.0411699,0.2562219,0.3896062,0.04984012,0.01898039,0.9979523,0.03531254,0.023902665823698,0,0
151492,0.016667,15.9439197815955,-0.0411699,0.2562219,0.3896062,0.04984012,0.01898039,0.9979523,0.03531254,0.023902665823698,0,0
151494,0.0166674,15.9605871811509,-0.04107258,0.2568267,0.3906752,0.05251242,0.02033907,0.9977741,0.03571495,0.023902665823698,0,0
151498,0.0166667,15.9772538803518,-0.04107258,0.2568267,0.3906752,0.05251242,0.02033907,0.9977741,0.03571495,0.023902665823698,0,0
151502,0.0166667,15.9939205795527,-0.04083012,0.2575483,0.3915154,0.05546262,0.02205839,0.9975718,0.03588783,0.023902665823698,0,0
151504,0.0166674,16.0105879791081,-0.04083012,0.2575483,0.3915154,0.05546262,0.02205839,0.9975718,0.03588783,0.023902665823698,0,0
151508,0.0166671,16.0272550787777,-0.04083012,0.2575483,0.3915154,0.05546262,0.02205839,0.9975718,0.03588783,0.023902665823698,0,0
151512,0.0166669,16.0439219791442,-0.04040977,0.2582912,0.3922227,0.05876184,0.02408318,0.9973336,0.03595539,0.023902665823698,0,0
151514,0.0166671,16.0605890788138,-0.04040977,0.2582912,0.3922227,0.05876184,0.02408318,0.9973336,0.03595539,0.023902665823698,0,0
151518,0.0166665,16.0772555787116,-0.03999599,0.2588626,0.3926563,0.06173369,0.02605514,0.9971058,0.03591762,0.023902665823698,0,0
151522,0.0166677,16.0939232781529,-0.03999599,0.2588626,0.3926563,0.06173369,0.02605514,0.9971058,0.03591762,0.023902665823698,0,0
151526,0.016666,16.1105892788619,-0.03999599,0.2588626,0.3926563,0.06173369,0.02605514,0.9971058,0.03591762,0.023902665823698,0,0
151528,0.0166676,16.127256879583,-0.03909513,0.2599294,0.3934719,0.06826923,0.0305699,0.9965557,0.03579655,0.023902665823698,0,0
151532,0.0166664,16.143923278898,-0.03909513,0.2599294,0.3934719,0.06826923,0.0305699,0.9965557,0.03579655,0.0345977954566479,0,0
151534,0.0166671,16.1605903785676,-0.03865315,0.2602797,0.3936614,0.07119136,0.03266251,0.9962892,0.03567693,0.0345977954566479,0,0
151538,0.0166685,16.1772588789463,-0.03814175,0.2605707,0.3937109,0.07451417,0.03499735,0.9959735,0.03548954,0.0345977954566479,0,0
151542,0.0166664,16.1939252782613,-0.03814175,0.2605707,0.3937109,0.07451417,0.03499735,0.9959735,0.03548954,0.0345977954566479,0,0
151546,0.016668,16.2105932775885,-0.03814175,0.2605707,0.3937109,0.07451417,0.03499735,0.9959735,0.03548954,0.0345977954566479,0,0
151548,0.0166667,16.2272599767894,-0.0377484,0.2607014,0.393618,0.07715003,0.0369787,0.9957082,0.03529279,0.0345977954566479,0,0
151552,0.016667,16.2439269758761,-0.0377484,0.2607014,0.393618,0.07715003,0.0369787,0.9957082,0.03529279,0.0345977954566479,0,0
151554,0.0166669,16.2605938762426,-0.0377484,0.2607014,0.393618,0.07715003,0.0369787,0.9957082,0.03529279,0.0345977954566479,0,0
151558,0.0166667,16.2772605754435,-0.03738461,0.2606908,0.3933357,0.08001102,0.03923562,0.9954054,0.03502609,0.0345977954566479,0,0
151562,0.0166672,16.2939277756959,-0.03738461,0.2606908,0.3933357,0.08001102,0.03923562,0.9954054,0.03502609,0.0345977954566479,0,0
151566,0.0166666,16.3105943761766,-0.03738461,0.2606908,0.3933357,0.08001102,0.03923562,0.9954054,0.03502609,0.0345977954566479,0,0
151568,0.0166676,16.3272619768977,-0.03676689,0.2602958,0.3925943,0.08547411,0.04383459,0.994777,0.03451804,0.0345977954566479,0,0
151572,0.016666,16.3439279776067,-0.03676689,0.2602958,0.3925943,0.08547411,0.04383459,0.994777,0.03451804,0.0382908917963505,0,0
151574,0.0166672,16.3605951778591,-0.03643823,0.2599781,0.3921494,0.08805847,0.04605081,0.99446,0.03426909,0.0382908917963505,0,0
151578,0.0166667,16.3772618770599,-0.03615969,0.2597204,0.3917683,0.09033747,0.04808466,0.9941666,0.03405653,0.0382908917963505,0,0
151582,0.0166673,16.3939291778952,-0.03615969,0.2597204,0.3917683,0.09033747,0.04808466,0.9941666,0.03405653,0.0382908917963505,0,0
151586,0.0166675,16.4105966780335,-0.03615969,0.2597204,0.3917683,0.09033747,0.04808466,0.9941666,0.03405653,0.0382908917963505,0,0
151588,0.0166684,16.4272650778294,-0.03586525,0.2595158,0.3914431,0.09259522,0.05044949,0.9938487,0.03384928,0.0382908917963505,0,0
151592,0.0166655,16.4439305774868,-0.03586525,0.2595158,0.3914431,0.09259522,0.05044949,0.9938487,0.03384928,0.0382908917963505,0,0
151594,0.016667,16.4605975765735,-0.03586525,0.2595158,0.3914431,0.09259522,0.05044949,0.9938487,0.03384928,0.0382908917963505,0,0
151598,0.0166667,16.4772642757744,-0.03559743,0.259333,0.3911304,0.09466845,0.05267521,0.9935443,0.03365783,0.0382908917963505,0,0
151602,0.0166668,16.4939310755581,-0.03559743,0.259333,0.3911304,0.09466845,0.05267521,0.9935443,0.03365783,0.0382908917963505,0,0
151606,0.0166668,16.5105978753418,-0.03495551,0.2588013,0.3902999,0.09819257,0.05709628,0.9929736,0.03319002,0.0382908917963505,0,0
151608,0.0166772,16.527275076136,-0.03495551,0.2588013,0.3902999,0.09819257,0.05709628,0.9929736,0.03319002,0.0382908917963505,0,0
151612,0.0166656,16.5439406763762,-0.03495551,0.2588013,0.3902999,0.09819257,0.05709628,0.9929736,0.03319002,0.0396738313138485,0,0
151616,0.0166666,16.5606072768569,-0.03436366,0.2583198,0.3896524,0.09969343,0.05881745,0.9927339,0.03288129,0.0396738313138485,0,0
151620,0.0166673,16.5772745776922,-0.0330306,0.2576474,0.3888216,0.1013873,0.06046179,0.9924769,0.03247256,0.0396738313138485,0,0
151622,0.0166656,16.5939401779324,-0.0330306,0.2576474,0.3888216,0.1013873,0.06046179,0.9924769,0.03247256,0.0396738313138485,0,0
151626,0.016667,16.6106071770191,-0.03070166,0.2567934,0.3878079,0.1036481,0.06210887,0.9921609,0.03187963,0.0396738313138485,0,0
151630,0.0166666,16.6272737774998,-0.03070166,0.2567934,0.3878079,0.1036481,0.06210887,0.9921609,0.03187963,0.0396738313138485,0,0
151634,0.0166677,16.6439414769411,-0.03070166,0.2567934,0.3878079,0.1036481,0.06210887,0.9921609,0.03187963,0.0396738313138485,0,0
151636,0.0166659,16.6606073770672,-0.02768534,0.255874,0.3867592,0.1055767,0.06348226,0.9918921,0.03120345,0.0396738313138485,0,0
151640,0.0166677,16.6772750765085,-0.02768534,0.255874,0.3867592,0.1055767,0.06348226,0.9918921,0.03120345,0.0398452207446098,0,0
151642,0.0188925,16.6961675770581,-0.02768534,0.255874,0.3867592,0.1055767,0.06348226,0.9918921,0.03120345,0.0398452207446098,0,0
151648,0.0166685,16.7128360774368,-0.02317592,0.2547438,0.3854674,0.1074444,0.06480411,0.991634,0.03029988,0.0398452207446098,0,0
151650,0.0183903,16.7312263771892,-0.02317592,0.2547438,0.3854674,0.1074444,0.06480411,0.991634,0.03029988,0.0398452207446098,0,0
151654,0.0166674,16.7478937767446,-0.01188414,0.2526184,0.3830077,0.1101097,0.06633937,0.9912964,0.02839855,0.0398452207446098,0,0
151656,0.0166678,16.7645615767688,-0.01188414,0.2526184,0.3830077,0.1101097,0.06633937,0.9912964,0.02839855,0.0398452207446098,0,0
151660,0.0166667,16.7812282759696,-0.01188414,0.2526184,0.3830077,0.1101097,0.06633937,0.9912964,0.02839855,0.0398452207446098,0,0
151662,0.0166666,16.7978948764503,-0.004969369,0.2516084,0.381804,0.1108437,0.06704015,0.9911974,0.02732998,0.0398452207446098,0,0
151668,0.0166672,16.8145620767027,0.002243038,0.2505677,0.3805912,0.1112152,0.0673641,0.9911614,0.02631155,0.0398452207446098,0,0
151670,0.0166663,16.8312283772975,0.002243038,0.2505677,0.3805912,0.1112152,0.0673641,0.9911614,0.02631155,0.0398452207446098,0,0
151674,0.0166679,16.8478962779045,0.009378668,0.2495244,0.3794706,0.1112108,0.06761698,0.9911689,0.02538505,0.0398452207446098,0,0
151676,0.0166657,16.8645619787276,0.009378668,0.2495244,0.3794706,0.1112108,0.06761698,0.9911689,0.02538505,0.0398452207446098,0,0
151680,0.0166678,16.8812297787517,0.009378668,0.2495244,0.3794706,0.1112108,0.06761698,0.9911689,0.02538505,0.0398452207446098,0,0
151682,0.0166655,16.8978952784091,0.01644742,0.2485806,0.3785482,0.1109209,0.06787187,0.9912052,0.02454024,0.0398452207446098,0,0
151688,0.0166676,16.9145628791302,0.01644742,0.2485806,0.3785482,0.1109209,0.06787187,0.9912052,0.02454024,0.0398452207446098,0,0
151690,0.0166663,16.9312291797251,0.01644742,0.2485806,0.3785482,0.1109209,0.06787187,0.9912052,0.02454024,0.0398452207446098,0,0
151694,0.016668,16.9478971790522,0.02373595,0.2475773,0.3776982,0.1099881,0.06805417,0.9913169,0.02370929,0.0398452207446098,0,0
151696,0.0166662,16.9645633790642,0.02373595,0.2475773,0.3776982,0.1099881,0.06805417,0.9913169,0.02370929,0.0398452207446098,0,0
151698,0.0166674,16.9812307786196,0.02373595,0.2475773,0.3776982,0.1099881,0.06805417,0.9913169,0.02370929,0.0398452207446098,0,0
151702,0.0166672,16.9978979788721,0.0360785,0.2457487,0.3764992,0.107765,0.06851891,0.9915577,0.02247581,0.0398452207446098,0,0
151706,0.0166668,17.0145647786558,0.0360785,0.2457487,0.3764992,0.107765,0.06851891,0.9915577,0.02247581,0.0398452207446098,0,0
151708,0.0166669,17.0312316790223,0.04175793,0.2447971,0.3758928,0.106422,0.068652,0.9917061,0.02191608,0.0398452207446098,0,0
151712,0.0166672,17.0478988792747,0.0468072,0.2438727,0.375313,0.1045804,0.06881189,0.9919035,0.02133781,0.0398452207446098,0,0
151716,0.0166662,17.0645650792867,0.0468072,0.2438727,0.375313,0.1045804,0.06881189,0.9919035,0.02133781,0.0398452207446098,0,0
151720,0.016667,17.0812320783734,0.05140124,0.2430284,0.3747333,0.1026995,0.06905392,0.9920952,0.02077146,0.0398452207446098,0,0
151722,0.0166665,17.0978985782713,0.05140124,0.2430284,0.3747333,0.1026995,0.06905392,0.9920952,0.02077146,0.0398452207446098,0,0
151726,0.0166676,17.1145661789924,0.05140124,0.2430284,0.3747333,0.1026995,0.06905392,0.9920952,0.02077146,0.0398452207446098,0,0
151728,0.0166657,17.1312318798155,0.05516931,0.2423316,0.3742373,0.100776,0.0692675,0.992288,0.02026821,0.0398452207446098,0,0
151734,0.016669,17.1479008793831,0.05516931,0.2423316,0.3742373,0.100776,0.0692675,0.992288,0.02026821,0.0398452207446098,0,0
151738,0.0166653,17.1645661797374,0.05873924,0.2417076,0.3737781,0.09833425,0.06947267,0.9925284,0.01978142,0.0398452207446098,0,0
151740,0.0178295,17.1823956798762,0.05873924,0.2417076,0.3737781,0.09833425,0.06947267,0.9925284,0.01978142,0.0398452207446098,0,0
151744,0.0166694,17.1990650799125,0.05873924,0.2417076,0.3737781,0.09833425,0.06947267,0.9925284,0.01978142,0.0398452207446098,0,0
151746,0.0174699,17.2165349796414,0.06378292,0.2409377,0.3730606,0.09395988,0.07006945,0.9929273,0.01890196,0.0398452207446098,0,0
151750,0.0166697,17.2332046795636,0.06378292,0.2409377,0.3730606,0.09395988,0.07006945,0.9929273,0.01890196,0.0398452207446098,0,0
151754,0.0166655,17.249870179221,0.06545927,0.2407282,0.3728029,0.09170725,0.07035779,0.9931247,0.01852011,0.0398452207446098,0,0
151756,0.0166663,17.2665364798158,0.06545927,0.2407282,0.3728029,0.09170725,0.07035779,0.9931247,0.01852011,0.0398452207446098,0,0
151760,0.0166685,17.2832049801946,0.06695157,0.2405668,0.3725775,0.0891336,0.07069877,0.9933426,0.01809545,0.0398452207446098,0,0
151762,0.0166657,17.2998706810176,0.06695157,0.2405668,0.3725775,0.0891336,0.07069877,0.9933426,0.01809545,0.0398452207446098,0,0
151766,0.0166675,17.3165381811559,0.06789891,0.2404473,0.3724256,0.08703525,0.07088877,0.9935204,0.01780283,0.0398452207446098,0,0
151770,0.0166665,17.3332046810538,0.06789891,0.2404473,0.3724256,0.08703525,0.07088877,0.9935204,0.01780283,0.0398452207446098,0,0
151772,0.0166684,17.3498730808496,0.06789891,0.2404473,0.3724256,0.08703525,0.07088877,0.9935204,0.01780283,0.0398452207446098,0,0
151776,0.0166652,17.3665382806212,0.06865847,0.2403025,0.3723055,0.08477811,0.07105147,0.993709,0.01751575,0.0398452207446098,0,0
151780,0.0166676,17.3832058813423,0.06865847,0.2403025,0.3723055,0.08477811,0.07105147,0.993709,0.01751575,0.0398452207446098,0,0
151782,0.0166668,17.399872681126,0.06865847,0.2403025,0.3723055,0.08477811,0.07105147,0.993709,0.01751575,0.0398452207446098,0,0
151788,0.0166672,17.4165398813784,0.0692118,0.240087,0.3721873,0.08275828,0.07104141,0.9938837,0.01730374,0.0398452207446098,0,0
151790,0.016666,17.4332058820874,0.0692118,0.240087,0.3721873,0.08275828,0.07104141,0.9938837,0.01730374,0.0398452207446098,0,0
151794,0.0166682,17.4498740825802,0.07031379,0.2393755,0.3719274,0.07890608,0.07084412,0.9942172,0.01694261,0.0398458763957024,0,0
151798,0.0166643,17.4665383826941,0.07031379,0.2393755,0.3719274,0.07890608,0.07084412,0.9942172,0.01694261,0.0398458763957024,0,0
151800,0.0206824,17.4872207827866,0.07031379,0.2393755,0.3719274,0.07890608,0.07084412,0.9942172,0.01694261,0.0398458763957024,0,0
151806,0.0166679,17.5038886833936,0.07177191,0.2380668,0.3715269,0.07541981,0.07035611,0.9945271,0.01666505,0.0398458763957024,0,0
151808,0.0180366,17.5219252835959,0.07177191,0.2380668,0.3715269,0.07541981,0.07035611,0.9945271,0.01666505,0.0398458763957024,0,0
151812,0.0166686,17.5385938826948,0.07266892,0.2372049,0.3713285,0.07393254,0.07008429,0.9946597,0.01656424,0.0398458763957024,0,0
151814,0.0178339,17.5564277824014,0.07266892,0.2372049,0.3713285,0.07393254,0.07008429,0.9946597,0.01656424,0.0398458763957024,0,0
151820,0.016668,17.5730957817286,0.07266892,0.2372049,0.3713285,0.07393254,0.07008429,0.9946597,0.01656424,0.0398458763957024,0,0
151822,0.0180574,17.5911531820893,0.07266892,0.2372049,0.3713285,0.07393254,0.07008429,0.9946597,0.01656424,0.0398458763957024,0,0
151824,0.016668,17.6078211814165,0.07370066,0.2362259,0.3711824,0.07263558,0.06984749,0.9947732,0.01648171,0.0398458763957024,0,0
151830,0.0166672,17.6244883816689,0.07370066,0.2362259,0.3711824,0.07263558,0.06984749,0.9947732,0.01648171,0.0398458763957024,0,0
151834,0.0173612,17.6418495811522,0.07495994,0.2350161,0.371117,0.07142997,0.06962679,0.9948769,0.01642971,0.0398458763957024,0,0
151836,0.0189781,17.6608276814222,0.07495994,0.2350161,0.371117,0.07142997,0.06962679,0.9948769,0.01642971,0.0398458763957024,0,0
151840,0.0166678,17.6774954814464,0.07760271,0.2324202,0.3713147,0.06933603,0.06930672,0.9950475,0.01641654,0.0398458763957024,0,0
151842,0.0188861,17.6963815819472,0.07760271,0.2324202,0.3713147,0.06933603,0.06930672,0.9950475,0.01641654,0.0398458763957024,0,0
151848,0.0166688,17.7130503822118,0.07760271,0.2324202,0.3713147,0.06933603,0.06930672,0.9950475,0.01641654,0.0398458763957024,0,0
151850,0.0166653,17.7297156825662,0.07901665,0.2311255,0.3715481,0.06831156,0.06920711,0.9951252,0.01642286,0.0398458763957024,0,0
151854,0.0166676,17.7463832832873,0.08064426,0.2297032,0.3718182,0.06749976,0.06902988,0.9951923,0.01645817,0.0398458763957024,0,0
151856,0.0178982,17.7642814833671,0.08064426,0.2297032,0.3718182,0.06749976,0.06902988,0.9951923,0.01645817,0.0398458763957024,0,0
151860,0.016667,17.7809484824538,0.08220451,0.2282549,0.3720542,0.06683338,0.06877159,0.9952543,0.01651203,0.0398458763957024,0,0
151862,0.0166673,17.7976157832891,0.08220451,0.2282549,0.3720542,0.06683338,0.06877159,0.9952543,0.01651203,0.0398458763957024,0,0
151868,0.016668,17.8142837826163,0.08220451,0.2282549,0.3720542,0.06683338,0.06877159,0.9952543,0.01651203,0.0398458763957024,0,0
151870,0.0166653,17.8309490829706,0.08220451,0.2282549,0.3720542,0.06683338,0.06877159,0.9952543,0.01651203,0.0398458763957024,0,0
151874,0.016668,17.8476170822978,0.08358309,0.2268153,0.3722497,0.06616821,0.06859524,0.9953108,0.01651466,0.0398458763957024,0,0
151876,0.0166653,17.8642823826522,0.08358309,0.2268153,0.3722497,0.06616821,0.06859524,0.9953108,0.01651466,0.0398458763957024,0,0
151880,0.0166687,17.8809510823339,0.08606008,0.2239785,0.3727214,0.06524867,0.06856449,0.9953753,0.01641781,0.0398458763957024,0,0
151882,0.0166657,17.897616783157,0.08606008,0.2239785,0.3727214,0.06524867,0.06856449,0.9953753,0.01641781,0.0398458763957024,0,0
151888,0.0166682,17.9142849836499,0.0872492,0.2224297,0.3731261,0.0648687,0.06878427,0.9953867,0.0163152,0.0398458763957024,0,0
151890,0.0166647,17.9309496842325,0.0872492,0.2224297,0.3731261,0.0648687,0.06878427,0.9953867,0.0163152,0.0398458763957024,0,0
151894,0.0166672,17.9476168844849,0.08811353,0.221084,0.3734716,0.06450266,0.06892132,0.995402,0.01625294,0.0398458763957024,0,0
151896,0.0166666,17.9642834849656,0.08811353,0.221084,0.3734716,0.06450266,0.06892132,0.995402,0.01625294,0.0398458763957024,0,0
151900,0.0166681,17.9809515848756,0.08901167,0.2197331,0.3738755,0.06415505,0.06933686,0.9953984,0.01607936,0.0398458763957024,0,0
151902,0.0173924,17.9983439855278,0.08901167,0.2197331,0.3738755,0.06415505,0.06933686,0.9953984,0.01607936,0.0398458763957024,0,0
151908,0.0166674,18.0150113850832,0.08901167,0.2197331,0.3738755,0.06415505,0.06933686,0.9953984,0.01607936,0.0398458763957024,0,0
151910,0.0166665,18.031677884981,0.08901167,0.2197331,0.3738755,0.06415505,0.06933686,0.9953984,0.01607936,0.0398458763957024,0,0
151914,0.0166718,18.0483496841043,0.08980563,0.2185266,0.3742143,0.06392247,0.06955552,0.9953996,0.01598791,0.0398458763957024,0,0
151916,0.0166622,18.0650118850172,0.08980563,0.2185266,0.3742143,0.06392247,0.06955552,0.9953996,0.01598791,0.0398458763957024,0,0
151922,0.016669,18.0816808845848,0.09137283,0.216366,0.3748231,0.06372283,0.07051138,0.9953519,0.0155615,0.0398458763957024,0,0
151922,0.0177646,18.0994454845786,0.09137283,0.216366,0.3748231,0.06372283,0.07051138,0.9953519,0.0155615,0.0398458763957024,0,0
151928,0.0166689,18.116114385426,0.09137283,0.216366,0.3748231,0.06372283,0.07051138,0.9953519,0.0155615,0.0398458763957024,0,0
151930,0.0166662,18.132780585438,0.09221222,0.2154005,0.3748979,0.06381249,0.07111969,0.9953083,0.01520871,0.0398458763957024,0,0
151934,0.0166677,18.1494482848793,0.0931049,0.2145593,0.3748013,0.06394105,0.07179418,0.9952585,0.01475602,0.0398458763957024,0,0
151936,0.0166653,18.1661135852337,0.0931049,0.2145593,0.3748013,0.06394105,0.07179418,0.9952585,0.01475602,0.0398458763957024,0,0
151940,0.0166678,18.1827813852578,0.09389994,0.2139175,0.3746724,0.06407291,0.07251236,0.9952049,0.01428117,0.0398458763957024,0,0
151942,0.0166659,18.1994472853839,0.09389994,0.2139175,0.3746724,0.06407291,0.07251236,0.9952049,0.01428117,0.0398458763957024,0,0
151948,0.01667,18.216117285192,0.09389994,0.2139175,0.3746724,0.06407291,0.07251236,0.9952049,0.01428117,0.0398458763957024,0,0
151950,0.0166639,18.2327811848372,0.09389994,0.2139175,0.3746724,0.06407291,0.07251236,0.9952049,0.01428117,0.0398458763957024,0,0
151954,0.0166705,18.2494516856968,0.09464686,0.2134023,0.3745545,0.06415395,0.07326176,0.9951515,0.0137985,0.0398452207446098,0,0
151956,0.0166638,18.2661154866219,0.09464686,0.2134023,0.3745545,0.06415395,0.07326176,0.9951515,0.0137985,0.0398452207446098,0,0
151960,0.0166686,18.2827840857208,0.09623357,0.2123794,0.3740359,0.06447636,0.074907,0.9950236,0.01263743,0.0398452207446098,0,0
151962,0.016665,18.2994490861893,0.09623357,0.2123794,0.3740359,0.06447636,0.074907,0.9950236,0.01263743,0.0398452207446098,0,0
151968,0.0166691,18.3161181863397,0.09687243,0.21197,0.3735939,0.06470383,0.07553389,0.9949682,0.01209744,0.0398452207446098,0,0
151970,0.0166648,18.3327829856426,0.09687243,0.21197,0.3735939,0.06470383,0.07553389,0.9949682,0.01209744,0.0398452207446098,0,0
151974,0.0166685,18.3494514860213,0.09747778,0.2115311,0.3729477,0.0649431,0.07604176,0.9949206,0.0115347,0.0398452207446098,0,0
151976,0.0166656,18.3661170862615,0.09747778,0.2115311,0.3729477,0.0649431,0.07604176,0.9949206,0.0115347,0.0398452207446098,0,0
151980,0.0166684,18.3827854860574,0.09806487,0.2110708,0.3720703,0.06526376,0.07648969,0.9948723,0.01091638,0.0398452207446098,0,0
151984,0.016665,18.3994504865259,0.09806487,0.2110708,0.3720703,0.06526376,0.07648969,0.9948723,0.01091638,0.0398452207446098,0,0
151988,0.0166684,18.4161188863218,0.09806487,0.2110708,0.3720703,0.06526376,0.07648969,0.9948723,0.01091638,0.0398452207446098,0,0
151990,0.0166653,18.4327841866761,0.09856023,0.2106376,0.3710783,0.06555392,0.07689272,0.9948288,0.01028781,0.0398452207446098,0,0
151994,0.0166689,18.4494530875236,0.09856023,0.2106376,0.3710783,0.06555392,0.07689272,0.9948288,0.01028781,0.0398452207446098,0,0
151996,0.0166649,18.4661179874092,0.09856023,0.2106376,0.3710783,0.06555392,0.07689272,0.9948288,0.01028781,0.0398452207446098,0,0
152000,0.0166701,18.4827880878001,0.0990347,0.2100905,0.3698397,0.06578668,0.07722294,0.9947948,0.009594133,0.0398452207446098,0,0
152004,0.0166638,18.4994518887252,0.0990347,0.2100905,0.3698397,0.06578668,0.07722294,0.9947948,0.009594133,0.0398452207446098,0,0
152008,0.0166692,18.5161210894585,0.100026,0.2089808,0.3672073,0.06610285,0.07807477,0.9947212,0.008036261,0.0398452207446098,0,0
152010,0.0166648,18.5327858887613,0.100026,0.2089808,0.3672073,0.06610285,0.07807477,0.9947212,0.008036261,0.0398452207446098,0,0
152014,0.016669,18.5494548883289,0.1005656,0.2084286,0.365782,0.06621489,0.07862165,0.9946774,0.007147592,0.0398452207446098,0,0
152016,0.0166647,18.5661195889115,0.1005656,0.2084286,0.365782,0.06621489,0.07862165,0.9946774,0.007147592,0.0398452207446098,0,0
152020,0.0166691,18.582788689062,0.1011106,0.2079529,0.3643343,0.06624633,0.07920947,0.9946349,0.006228339,0.0398452207446098,0,0
152022,0.0166652,18.5994538888335,0.1011106,0.2079529,0.3643343,0.06624633,0.07920947,0.9946349,0.006228339,0.0398452207446098,0,0
152028,0.0166675,18.6161213889718,0.1017206,0.2075569,0.3626985,0.0661428,0.07970569,0.9946076,0.005269883,0.0398452207446098,0,0
152030,0.0166658,18.6327871885151,0.1017206,0.2075569,0.3626985,0.0661428,0.07970569,0.9946076,0.005269883,0.0398452207446098,0,0
152034,0.0166683,18.6494554877281,0.1017206,0.2075569,0.3626985,0.0661428,0.07970569,0.9946076,0.005269883,0.0398452207446098,0,0
152036,0.0166656,18.6661210879683,0.1021837,0.2073587,0.3612589,0.06591684,0.08005638,0.9945984,0.004476505,0.0398452207446098,0,0
152040,0.0166684,18.6827894877642,0.1021837,0.2073587,0.3612589,0.06591684,0.08005638,0.9945984,0.004476505,0.0398452207446098,0,0
152042,0.0166654,18.6994548868388,0.1021837,0.2073587,0.3612589,0.06591684,0.08005638,0.9945984,0.004476505,0.0398452207446098,0,0
152048,0.0166682,18.7161230873317,0.1029195,0.2072342,0.3580025,0.06500443,0.08069004,0.9946134,0.002785805,0.0398452207446098,0,0
152050,0.0166658,18.7327888868749,0.1029195,0.2072342,0.3580025,0.06500443,0.08069004,0.9946134,0.002785805,0.0398458763957024,0,0
152054,0.0166677,18.7494565863162,0.1030911,0.2072052,0.3565085,0.06458768,0.08086868,0.9946277,0.002087124,0.0398458763957024,0,0
152056,0.0166656,18.7661221865565,0.1030911,0.2072052,0.3565085,0.06458768,0.08086868,0.9946277,0.002087124,0.0398458763957024,0,0
152060,0.0166684,18.7827905863523,0.1031943,0.2071321,0.3548682,0.06396134,0.08094036,0.9946636,0.001377032,0.0398458763957024,0,0
152064,0.0166653,18.7994558867067,0.1031943,0.2071321,0.3548682,0.06396134,0.08094036,0.9946636,0.001377032,0.0398458763957024,0,0
152068,0.0166707,18.8161265868694,0.1032384,0.2070135,0.3532683,0.0633852,0.08085658,0.9947079,0.0007695316,0.0398458763957024,0,0
152070,0.0184746,18.8346011862159,0.1032384,0.2070135,0.3532683,0.0633852,0.08085658,0.9947079,0.0007695316,0.0398458763957024,0,0
152074,0.0166681,18.8512692861259,0.1032384,0.2070135,0.3532683,0.0633852,0.08085658,0.9947079,0.0007695316,0.0398458763957024,0,0
152076,0.0166663,18.8679355867207,0.1032047,0.2067653,0.3518033,0.06276556,0.08064314,0.9947649,0.0002741498,0.0398458763957024,0,0
152082,0.0166676,18.8846031874418,0.1032047,0.2067653,0.3518033,0.06276556,0.08064314,0.9947649,0.0002741498,0.0398458763957024,0,0
152084,0.0166662,18.9012693874538,0.1032047,0.2067653,0.3518033,0.06276556,0.08064314,0.9947649,0.0002741498,0.0398458763957024,0,0
152088,0.0166679,18.9179372880608,0.1030283,0.2057171,0.3488421,0.06144435,0.07995973,0.9949023,-0.0006315317,0.0398458763957024,0,0
152090,0.0177932,18.9357304889709,0.1030283,0.2057171,0.3488421,0.06144435,0.07995973,0.9949023,-0.0006315317,0.0398458763957024,0,0
152096,0.0166677,18.9523981884122,0.1029041,0.204914,0.3473491,0.06069893,0.07941696,0.9949912,-0.001008728,0.0398458763957024,0,0
152098,0.0173212,18.9697193875909,0.1029041,0.204914,0.3473491,0.06069893,0.07941696,0.9949912,-0.001008728,0.0398458763957024,0,0
152100,0.0166678,18.986387187615,0.1027822,0.2041639,0.3459775,0.0599877,0.07879353,0.9950836,-0.001291994,0.0398458763957024,0,0
152104,0.0166682,19.0030553881079,0.1027822,0.2041639,0.3459775,0.0599877,0.07879353,0.9950836,-0.001291994,0.0398458763957024,0,0
152106,0.0166663,19.0197216887027,0.1026657,0.2034843,0.3447546,0.0592704,0.07826273,0.9951681,-0.001562477,0.0398458763957024,0,0
152110,0.0166678,19.0363894887269,0.1026657,0.2034843,0.3447546,0.0592704,0.07826273,0.9951681,-0.001562477,0.0398458763957024,0,0
152114,0.016666,19.0530554894358,0.1026657,0.2034843,0.3447546,0.0592704,0.07826273,0.9951681,-0.001562477,0.0398458763957024,0,0
152118,0.0166668,19.0697222892195,0.1025293,0.2028718,0.3438407,0.05859993,0.07764684,0.9952559,-0.001663106,0.0398458763957024,0,0
152122,0.0166668,19.0863890890032,0.1025293,0.2028718,0.3438407,0.05859993,0.07764684,0.9952559,-0.001663106,0.0398458763957024,0,0
152124,0.0166679,19.1030569896102,0.1025293,0.2028718,0.3438407,0.05859993,0.07764684,0.9952559,-0.001663106,0.0398458763957024,0,0
152128,0.0166661,19.1197230890393,0.1023605,0.2021886,0.3430475,0.0577619,0.07691059,0.995362,-0.001669505,0.0398458763957024,0,0
152130,0.0166738,19.1363968886435,0.1023605,0.2021886,0.3430475,0.0577619,0.07691059,0.995362,-0.001669505,0.0398458763957024,0,0
152134,0.0166673,19.1530641894788,0.1021705,0.2009995,0.3424324,0.0561343,0.07565851,0.9955515,-0.001436021,0.0398458763957024,0,0
152136,0.0166664,19.1697305887938,0.1021705,0.2009995,0.3424324,0.0561343,0.07565851,0.9955515,-0.001436021,0.0398458763957024,0,0
152140,0.0166673,19.186397889629,0.1021705,0.2009995,0.3424324,0.0561343,0.07565851,0.9955515,-0.001436021,0.0398458763957024,0,0
152144,0.0166669,19.2030647899956,0.1021062,0.200397,0.342325,0.05541335,0.07502996,0.9956397,-0.001239251,0.0398458763957024,0,0
152148,0.0166668,19.2197315897793,0.1020517,0.1997166,0.3423816,0.05462962,0.07438335,0.9957318,-0.0009826854,0.0398458763957024,0,0
152150,0.0166669,19.2363984901458,0.1020517,0.1997166,0.3423816,0.05462962,0.07438335,0.9957318,-0.0009826854,0.0398458763957024,0,0
152154,0.0166692,19.2530676908791,0.1020311,0.1990578,0.3426877,0.0539037,0.07381735,0.9958137,-0.0006732247,0.0398458763957024,0,0
152156,0.0166645,19.2697321902961,0.1020311,0.1990578,0.3426877,0.0539037,0.07381735,0.9958137,-0.0006732247,0.0398452207446098,0,0
152160,0.0166672,19.2863993905485,0.1020311,0.1990578,0.3426877,0.0539037,0.07381735,0.9958137,-0.0006732247,0.0398452207446098,0,0
152164,0.0166669,19.303066290915,0.1020326,0.1983253,0.3432267,0.05325235,0.07325174,0.9958907,-0.0002787921,0.0398452207446098,0,0
152168,0.016667,19.3197332900018,0.1020326,0.1983253,0.3432267,0.05325235,0.07325174,0.9958907,-0.0002787921,0.0398452207446098,0,0
152170,0.0166682,19.3364014904946,0.102037,0.1973796,0.3440949,0.05249711,0.07264425,0.9959753,0.0002374596,0.0398452207446098,0,0
152174,0.0166658,19.3530672900379,0.102037,0.1973796,0.3440949,0.05249711,0.07264425,0.9959753,0.0002374596,0.0398452207446098,0,0
152176,0.0166669,19.3697341904044,0.102037,0.1973796,0.3440949,0.05249711,0.07264425,0.9959753,0.0002374596,0.0398458763957024,0,0
152180,0.0166665,19.3864006903023,0.1020824,0.1951411,0.345958,0.05144025,0.07146716,0.9961148,0.001308386,0.0398458763957024,0,0
152184,0.0166674,19.4030680898577,0.1020824,0.1951411,0.345958,0.05144025,0.07146716,0.9961148,0.001308386,0.0398458763957024,0,0
152188,0.0166663,19.4197343904525,0.102161,0.1939604,0.3469737,0.05096549,0.07103102,0.9961696,0.001791725,0.0398458763957024,0,0
152190,0.0166666,19.4364009909332,0.102161,0.1939604,0.3469737,0.05096549,0.07103102,0.9961696,0.001791725,0.0398458763957024,0,0
152194,0.0166672,19.4530681911856,0.1022835,0.1926168,0.3481832,0.05040741,0.07075684,0.9962166,0.00224163,0.0398458763957024,0,0
152196,0.0166672,19.469735391438,0.1022835,0.1926168,0.3481832,0.05040741,0.07075684,0.9962166,0.00224163,0.0398458763957024,0,0
152202,0.0166681,19.486403491348,0.1024088,0.191298,0.3491797,0.04997732,0.07043481,0.9962601,0.0026508,0.0398458763957024,0,0
152204,0.016666,19.503069492057,0.1024088,0.191298,0.3491797,0.04997732,0.07043481,0.9962601,0.0026508,0.0398458763957024,0,0
152208,0.016667,19.5197364911437,0.1024088,0.191298,0.3491797,0.04997732,0.07043481,0.9962601,0.0026508,0.0398458763957024,0,0
152210,0.0166667,19.5364031903446,0.1025933,0.1898562,0.3503568,0.04946543,0.07059315,0.9962739,0.002853086,0.0398458763957024,0,0
152214,0.0166668,19.5530699901283,0.1025933,0.1898562,0.3503568,0.04946543,0.07059315,0.9962739,0.002853086,0.0398458763957024,0,0
152216,0.0166667,19.5697366893291,0.1025933,0.1898562,0.3503568,0.04946543,0.07059315,0.9962739,0.002853086,0.0398458763957024,0,0
152220,0.0166668,19.5864034891129,0.1029128,0.1874769,0.3522997,0.04878547,0.07135632,0.9962528,0.00293553,0.0398458763957024,0,0
152224,0.0166794,19.603082889691,0.1029128,0.1874769,0.3522997,0.04878547,0.07135632,0.9962528,0.00293553,0.0398458763957024,0,0
152228,0.0166686,19.6197514887899,0.1030127,0.1864372,0.3529843,0.04844605,0.07196176,0.9962263,0.002770392,0.0398458763957024,0,0
152230,0.0166646,19.6364160887897,0.1030127,0.1864372,0.3529843,0.04844605,0.07196176,0.9962263,0.002770392,0.0398458763957024,0,0
152236,0.0166675,19.653083588928,0.1031116,0.1856679,0.3535306,0.04817427,0.07281424,0.9961784,0.00244475,0.0398458763957024,0,0
152238,0.0166658,19.6697493884712,0.1031116,0.1856679,0.3535306,0.04817427,0.07281424,0.9961784,0.00244475,0.0398458763957024,0,0
152242,0.0166677,19.6864170879126,0.1031551,0.1850304,0.3538603,0.04783856,0.07367313,0.9961323,0.002046062,0.0398458763957024,0,0
152244,0.0172081,19.7036251872778,0.1031551,0.1850304,0.3538603,0.04783856,0.07367313,0.9961323,0.002046062,0.0398458763957024,0,0
152248,0.0166684,19.7202935870737,0.1031212,0.1844932,0.3539773,0.04763801,0.07432757,0.9960939,0.001705313,0.0398458763957024,0,0
152252,0.0184723,19.7387658879161,0.1031212,0.1844932,0.3539773,0.04763801,0.07432757,0.9960939,0.001705313,0.0398458763957024,0,0
152254,0.0166685,19.7554343882948,0.1031212,0.1844932,0.3539773,0.04763801,0.07432757,0.9960939,0.001705313,0.0398458763957024,0,0
152256,0.0166675,19.7721018884331,0.1031212,0.1844932,0.3539773,0.04763801,0.07432757,0.9960939,0.001705313,0.0398458763957024,0,0
152260,0.0166662,19.7887680884451,0.1030295,0.1840941,0.3540337,0.04736628,0.07498857,0.9960579,0.001352864,0.0398458763957024,0,0
152264,0.0166711,19.8054391890764,0.1030295,0.1840941,0.3540337,0.04736628,0.07498857,0.9960579,0.001352864,0.0398458763957024,0,0
152266,0.0166631,19.8221022896469,0.1028515,0.1835366,0.3541454,0.04701666,0.07608856,0.9959916,0.0007965685,0.0398458763957024,0,0
152270,0.0166708,19.8387730903924,0.1028515,0.1835366,0.3541454,0.04701666,0.07608856,0.9959916,0.0007965685,0.0398458763957024,0,0
152274,0.0166637,19.8554367907345,0.1027799,0.1833205,0.3542037,0.04691073,0.07661939,0.9959561,0.0005349633,0.0398458763957024,0,0
152278,0.0166668,19.8721035905182,0.1027799,0.1833205,0.3542037,0.04691073,0.07661939,0.9959561,0.0005349633,0.0398458763957024,0,0
152282,0.0166666,19.8887701909989,0.1026929,0.1830579,0.3542497,0.04679542,0.07712696,0.9959224,0.000281273,0.0398458763957024,0,0
152284,0.0166667,19.9054368901998,0.1026929,0.1830579,0.3542497,0.04679542,0.07712696,0.9959224,0.000281273,0.0398458763957024,0,0
152288,0.0166669,19.9221037905663,0.1026018,0.1827393,0.3542888,0.04669208,0.07763305,0.9958881,2.594103E-05,0.0398458763957024,0,0
152290,0.0166675,19.9387712907046,0.1026018,0.1827393,0.3542888,0.04669208,0.07763305,0.9958881,2.594103E-05,0.0398458763957024,0,0
152296,0.0166668,19.9554380904883,0.1025205,0.1824148,0.3543013,0.04661224,0.07803746,0.9958602,-0.0001863426,0.0398458763957024,0,0
152298,0.0166669,19.9721049908549,0.1025205,0.1824148,0.3543013,0.04661224,0.07803746,0.9958602,-0.0001863426,0.0398458763957024,0,0
152302,0.0166669,19.9887718912214,0.1025205,0.1824148,0.3543013,0.04661224,0.07803746,0.9958602,-0.0001863426,0.0398458763957024,0,0
152304,0.0166653,20.0054371915758,0.1024494,0.1820763,0.3543137,0.04654586,0.0784864,0.9958279,-0.0004234387,0.0398458763957024,0,0
152310,0.016668,20.0221051909029,0.1024494,0.1820763,0.3543137,0.04654586,0.0784864,0.9958279,-0.0004234387,0.0398458763957024,0,0
152312,0.0189649,20.0410700906068,0.1024494,0.1820763,0.3543137,0.04654586,0.0784864,0.9958279,-0.0004234387,0.0398458763957024,0,0
152316,0.0166677,20.0577377900481,0.1024355,0.1813259,0.3543073,0.04659368,0.0795064,0.9957443,-0.0009953664,0.0398458763957024,0,0
152318,0.0184038,20.0761415902525,0.1024355,0.1813259,0.3543073,0.04659368,0.0795064,0.9957443,-0.0009953664,0.0398452207446098,0,0
152322,0.0166676,20.0928091909736,0.1024716,0.1808611,0.3542666,0.04669057,0.08002784,0.9956977,-0.001311385,0.0398452207446098,0,0
152324,0.0166663,20.1094754915684,0.1024935,0.1803014,0.3541934,0.04679151,0.08055436,0.9956499,-0.001645285,0.0398452207446098,0,0
152330,0.0166685,20.1261439919472,0.1024935,0.1803014,0.3541934,0.04679151,0.08055436,0.9956499,-0.001645285,0.0398452207446098,0,0
152332,0.0166657,20.1428096927702,0.1024935,0.1803014,0.3541934,0.04679151,0.08055436,0.9956499,-0.001645285,0.0398458763957024,0,0
152336,0.0166669,20.1594765931368,0.1025083,0.1797321,0.3541161,0.04688877,0.08100007,0.9956087,-0.001937222,0.0398458763957024,0,0
152338,0.0166663,20.1761428937316,0.1025083,0.1797321,0.3541161,0.04688877,0.08100007,0.9956087,-0.001937222,0.0398458763957024,0,0
152342,0.0166697,20.1928125936538,0.1025253,0.179021,0.3540111,0.04700924,0.08149717,0.9955617,-0.002273188,0.0398458763957024,0,0
152344,0.0166648,20.2094773929566,0.1025253,0.179021,0.3540111,0.04700924,0.08149717,0.9955617,-0.002273188,0.0398458763957024,0,0
152350,0.0166674,20.2261447925121,0.1025253,0.179021,0.3540111,0.04700924,0.08149717,0.9955617,-0.002273188,0.0398458763957024,0,0
152352,0.0166662,20.242810992524,0.1025403,0.1783302,0.3538861,0.04713119,0.08198763,0.9955149,-0.002611119,0.0398458763957024,0,0
152356,0.0166686,20.2594795916229,0.1025403,0.1783302,0.3538861,0.04713119,0.08198763,0.9955149,-0.002611119,0.0398458763957024,0,0
152358,0.0166649,20.2761444915086,0.102567,0.176704,0.3535149,0.04741695,0.08338434,0.9953823,-0.003563823,0.0398458763957024,0,0
152362,0.0166677,20.2928121909499,0.102567,0.176704,0.3535149,0.04741695,0.08338434,0.9953823,-0.003563823,0.0398458763957024,0,0
152364,0.016666,20.3094781916589,0.102567,0.176704,0.3535149,0.04741695,0.08338434,0.9953823,-0.003563823,0.0398458763957024,0,0
152368,0.0166686,20.3261467907578,0.102567,0.176704,0.3535149,0.04741695,0.08338434,0.9953823,-0.003563823,0.0398458763957024,0,0
152370,0.016667,20.3428137898445,0.1025632,0.1759352,0.3532849,0.04753662,0.08412198,0.9953126,-0.004074649,0.0398452207446098,0,0
152374,0.0166669,20.3594806902111,0.1025038,0.175173,0.3529923,0.04746247,0.08471458,0.9952639,-0.004535413,0.0398452207446098,0,0
152378,0.016666,20.37614669092,0.1025038,0.175173,0.3529923,0.04746247,0.08471458,0.9952639,-0.004535413,0.0398452207446098,0,0
152380,0.0166686,20.3928152900189,0.1023606,0.1743896,0.3526229,0.04697602,0.08507403,0.9952545,-0.004916045,0.0398452207446098,0,0
152384,0.0166663,20.4094815906137,0.1023606,0.1743896,0.3526229,0.04697602,0.08507403,0.9952545,-0.004916045,0.0398452207446098,0,0
152388,0.016668,20.4261495899409,0.1023606,0.1743896,0.3526229,0.04697602,0.08507403,0.9952545,-0.004916045,0.0398452207446098,0,0
152390,0.0166662,20.4428157899529,0.1021175,0.1734578,0.3520435,0.04576297,0.08467099,0.9953448,-0.005030951,0.0398452207446098,0,0
152396,0.0166672,20.4594829902053,0.1021175,0.1734578,0.3520435,0.04576297,0.08467099,0.9953448,-0.005030951,0.0398452207446098,0,0
152400,0.0191833,20.4786662906408,0.1017363,0.1718692,0.3508668,0.04213258,0.08266996,0.9956746,-0.004755248,0.0398452207446098,0,0
152402,0.0178104,20.4964766912162,0.1017363,0.1718692,0.3508668,0.04213258,0.08266996,0.9956746,-0.004755248,0.0398452207446098,0,0
152408,0.0166697,20.5131463911384,0.1017363,0.1718692,0.3508668,0.04213258,0.08266996,0.9956746,-0.004755248,0.0398452207446098,0,0
152410,0.0179091,20.5310554914176,0.1017272,0.1713433,0.3503091,0.03994865,0.08167406,0.9958473,-0.004645709,0.0398452207446098,0,0
152414,0.0166682,20.5477236919105,0.1018564,0.1709928,0.3498306,0.03760346,0.08057314,0.996029,-0.004487324,0.0398452207446098,0,0
152416,0.0171998,20.564923491329,0.1018564,0.1709928,0.3498306,0.03760346,0.08057314,0.996029,-0.004487324,0.0398452207446098,0,0
152420,0.0166684,20.5815918911248,0.1021997,0.1706996,0.3493938,0.03487344,0.07930079,0.9962313,-0.004293171,0.0398452207446098,0,0
152422,0.0166654,20.5982572901994,0.1021997,0.1706996,0.3493938,0.03487344,0.07930079,0.9962313,-0.004293171,0.0398452207446098,0,0
152428,0.0166686,20.6149258892983,0.1021997,0.1706996,0.3493938,0.03487344,0.07930079,0.9962313,-0.004293171,0.0398452207446098,0,0
152430,0.0166653,20.6315911896527,0.1026209,0.1704254,0.3490039,0.03187781,0.07793674,0.9964403,-0.004056583,0.0398452207446098,0,0
152432,0.016671,20.6482621897012,0.1026209,0.1704254,0.3490039,0.03187781,0.07793674,0.9964403,-0.004056583,0.0398452207446098,0,0
152436,0.016664,20.6649261899292,0.1026209,0.1704254,0.3490039,0.03187781,0.07793674,0.9964403,-0.004056583,0.0398452207446098,0,0
152438,0.0166668,20.681592989713,0.1029984,0.1701689,0.3486178,0.02898244,0.07642495,0.9966472,-0.003693818,0.0398452207446098,0,0
152442,0.0166671,20.6982600893825,0.1029984,0.1701689,0.3486178,0.02898244,0.07642495,0.9966472,-0.003693818,0.0398452207446098,0,0
152446,0.0166664,20.7149264886975,0.1029984,0.1701689,0.3486178,0.02898244,0.07642495,0.9966472,-0.003693818,0.0398452207446098,0,0
152450,0.0166672,20.7315936889499,0.1033381,0.1698537,0.3480648,0.02342626,0.07302805,0.9970516,-0.002496772,0.0275333765894175,0,0
152452,0.0166669,20.7482605893165,0.1033381,0.1698537,0.3480648,0.02342626,0.07302805,0.9970516,-0.002496772,0.0275333765894175,0,0
152456,0.0166683,20.7649288885295,0.1033053,0.1698434,0.3480341,0.02053354,0.07137641,0.9972365,-0.00178807,0.0275333765894175,0,0
152458,0.0166662,20.7815950885415,0.1032176,0.1699852,0.3482165,0.0177305,0.06949734,0.9974242,-0.0008304299,0.0275333765894175,0,0
152462,0.0166668,20.7982618883252,0.1032176,0.1699852,0.3482165,0.0177305,0.06949734,0.9974242,-0.0008304299,0.0275333765894175,0,0
152466,0.0166673,20.8149291891605,0.1032176,0.1699852,0.3482165,0.0177305,0.06949734,0.9974242,-0.0008304299,0.0275333765894175,0,0
152470,0.0166663,20.8315954897553,0.1031084,0.1700806,0.3483948,0.01528728,0.06739778,0.997609,0.0003002404,0.0275333765894175,0,0
152474,0.0166674,20.8482628893107,0.1030329,0.1702979,0.3487497,0.01252462,0.06514578,0.9977959,0.001583496,0.0275333765894175,0,0
152476,0.0166656,20.8649284895509,0.1030329,0.1702979,0.3487497,0.01252462,0.06514578,0.9977959,0.001583496,0.0275333765894175,0,0
152478,0.0166681,20.881596589461,0.1030329,0.1702979,0.3487497,0.01252462,0.06514578,0.9977959,0.001583496,0.0275333765894175,0,0
152484,0.0166666,20.8982631899416,0.1030329,0.1702979,0.3487497,0.01252462,0.06514578,0.9977959,0.001583496,0.0275333765894175,0,0
152488,0.0166679,20.9149310905486,0.1029919,0.1705347,0.3491077,0.01031263,0.06321594,0.9979429,0.002726344,0.0275333765894175,0,0
152490,0.0166645,20.9315955899656,0.1029919,0.1705347,0.3491077,0.01031263,0.06321594,0.9979429,0.002726344,0.0275333765894175,0,0
152492,0.0166697,20.9482652898878,0.1029209,0.1713973,0.3499303,0.006028349,0.05916094,0.9982166,0.005229923,0.0275333765894175,0,0
152496,0.0166674,20.9649326894432,0.1029209,0.1713973,0.3499303,0.006028349,0.05916094,0.9982166,0.005229923,0.0275333765894175,0,0
152498,0.0166668,20.9815994892269,0.1029209,0.1713973,0.3499303,0.006028349,0.05916094,0.9982166,0.005229923,0.0275333765894175,0,0
152502,0.0166689,20.9982683900744,0.1029209,0.1713973,0.3499303,0.006028349,0.05916094,0.9982166,0.005229923,0.0275333765894175,0,0
152506,0.0166678,21.0149361900985,0.1029259,0.1731467,0.3508,0.002317305,0.05585159,0.9984089,0.007412883,0.0275333765894175,0,0
152510,0.0166648,21.0316009894013,0.1029259,0.1731467,0.3508,0.002317305,0.05585159,0.9984089,0.007412883,0.0275333765894175,0,0
152512,0.0166681,21.0482690893114,0.1029259,0.1731467,0.3508,0.002317305,0.05585159,0.9984089,0.007412883,0.0242421627044678,0,0
152516,0.0166692,21.0649382900447,0.102883,0.1743303,0.3510773,0.0007524481,0.05466084,0.998471,0.008208106,0.0242421627044678,0,0
152520,0.0166653,21.081603590399,0.102883,0.1743303,0.3510773,0.0007524481,0.05466084,0.998471,0.008208106,0.0242421627044678,0,0
152526,0.0170039,21.0986074898392,0.1028329,0.1757603,0.3512141,-0.0007307663,0.05342752,0.9985309,0.008995756,0.0242421627044678,0,0
152530,0.0236693,21.1222767904401,0.1027848,0.1774596,0.3514114,-0.002007713,0.05254118,0.9985704,0.009623937,0.0242421627044678,0,0
152532,0.021383,21.1436597909778,0.1027848,0.1774596,0.3514114,-0.002007713,0.05254118,0.9985704,0.009623937,0.0242421627044678,0,0
152536,0.0166679,21.1603276915848,0.1027848,0.1774596,0.3514114,-0.002007713,0.05254118,0.9985704,0.009623937,0.0242421627044678,0,0
152538,0.0166663,21.1769939921796,0.1020361,0.1820091,0.3514308,-0.004731992,0.0508978,0.9986343,0.01079003,0.0242421627044678,0,0
152542,0.0166688,21.1936627924442,0.1020361,0.1820091,0.3514308,-0.004731992,0.0508978,0.9986343,0.01079003,0.0242421627044678,0,0
152544,0.0176682,21.211330993101,0.1020361,0.1820091,0.3514308,-0.004731992,0.0508978,0.9986343,0.01079003,0.0242421627044678,0,0
152550,0.0166679,21.227998893708,0.101152,0.1845903,0.3511721,-0.006175949,0.050124,0.9986601,0.0112928,0.0242474172264338,0,0
152552,0.0166661,21.2446649931371,0.09993391,0.187426,0.3506568,-0.00795899,0.04957107,0.9986718,0.01157161,0.0242474172264338,0,0
152556,0.016668,21.2613329924643,0.09993391,0.187426,0.3506568,-0.00795899,0.04957107,0.9986718,0.01157161,0.0242474172264338,0,0
152558,0.0166674,21.2780003920197,0.09993391,0.187426,0.3506568,-0.00795899,0.04957107,0.9986718,0.01157161,0.0242474172264338,0,0
152562,0.0166663,21.2946666926146,0.09841337,0.1904529,0.3499553,-0.009806703,0.04910629,0.9986766,0.01172298,0.0242474172264338,0,0
152564,0.016666,21.3113326933235,0.09841337,0.1904529,0.3499553,-0.009806703,0.04910629,0.9986766,0.01172298,0.0242474172264338,0,0
152570,0.0166699,21.3280025925487,0.0963914,0.1936607,0.3490528,-0.01173982,0.04874197,0.9986734,0.01173765,0.0242474172264338,0,0
152572,0.016664,21.3446665927768,0.0963914,0.1936607,0.3490528,-0.01173982,0.04874197,0.9986734,0.01173765,0.0242474172264338,0,0
152576,0.01667,21.3613365925848,0.0963914,0.1936607,0.3490528,-0.01173982,0.04874197,0.9986734,0.01173765,0.0242474172264338,0,0
152578,0.0166643,21.3780008926988,0.09401748,0.1968919,0.3481916,-0.01362717,0.04802735,0.9986815,0.01195112,0.0242474172264338,0,0
152582,0.016667,21.3946678917855,0.09401748,0.1968919,0.3481916,-0.01362717,0.04802735,0.9986815,0.01195112,0.0242474172264338,0,0
152584,0.0166662,21.4113340917975,0.09401748,0.1968919,0.3481916,-0.01362717,0.04802735,0.9986815,0.01195112,0.0242474172264338,0,0
152590,0.0166687,21.4280027914792,0.0878263,0.2040844,0.3465337,-0.01691545,0.04701547,0.9986776,0.01210665,0.0242474172264338,0,0
152592,0.0166655,21.4446682911366,0.0878263,0.2040844,0.3465337,-0.01691545,0.04701547,0.9986776,0.01210665,0.0242474172264338,0,0
152596,0.0166683,21.4613365903497,0.08366305,0.2079136,0.3457261,-0.01837967,0.04582905,0.9987019,0.01250832,0.0242500435560942,0,0
152598,0.0166651,21.4780016895384,0.07930385,0.2116953,0.3452793,-0.0197182,0.04501428,0.9987102,0.01276118,0.0242500435560942,0,0
152604,0.0166685,21.4946701899171,0.07930385,0.2116953,0.3452793,-0.0197182,0.04501428,0.9987102,0.01276118,0.0242500435560942,0,0
152606,0.0178352,21.51250538975,0.07930385,0.2116953,0.3452793,-0.0197182,0.04501428,0.9987102,0.01276118,0.0242500435560942,0,0
152610,0.0166674,21.5291727893054,0.07485673,0.2152575,0.3451146,-0.02050399,0.04415208,0.9987286,0.01308878,0.0242500435560942,0,0
152612,0.016667,21.5458397883922,0.07485673,0.2152575,0.3451146,-0.02050399,0.04415208,0.9987286,0.01308878,0.0242500435560942,0,0
152616,0.0166673,21.5625070892274,0.0691152,0.2192865,0.3452057,-0.02140868,0.04277813,0.9987624,0.01361365,0.0242500435560942,0,0
152618,0.0166661,21.5791731886566,0.0691152,0.2192865,0.3452057,-0.02140868,0.04277813,0.9987624,0.01361365,0.0242500435560942,0,0
152624,0.0166673,21.5958404894918,0.0691152,0.2192865,0.3452057,-0.02140868,0.04277813,0.9987624,0.01361365,0.0242500435560942,0,0
152626,0.0166664,21.6125068888068,0.06343288,0.2230177,0.3455551,-0.02192783,0.04126977,0.9988053,0.01427929,0.0242500435560942,0,0
152630,0.0166684,21.6291752886027,0.06343288,0.2230177,0.3455551,-0.02192783,0.04126977,0.9988053,0.01427929,0.0242500435560942,0,0
152632,0.0166657,21.6458409894258,0.05179137,0.2296914,0.3468486,-0.02215408,0.03801427,0.998908,0.01570955,0.0242500435560942,0,0
152636,0.0167241,21.6625650897622,0.05179137,0.2296914,0.3468486,-0.02215408,0.03801427,0.998908,0.01570955,0.0242500435560942,0,0
152638,0.0166666,21.6792316902429,0.05179137,0.2296914,0.3468486,-0.02215408,0.03801427,0.998908,0.01570955,0.0242500435560942,0,0
152644,0.0166671,21.6958987899125,0.04523144,0.2327415,0.3475865,-0.02243426,0.03573836,0.9989715,0.0165951,0.0242500435560942,0,0
152646,0.0166664,21.7125651892275,0.0387113,0.2353927,0.3484097,-0.0216092,0.03353623,0.9990493,0.01757321,0.0242500435560942,0,0
152650,0.0166677,21.7292328886688,0.0387113,0.2353927,0.3484097,-0.0216092,0.03353623,0.9990493,0.01757321,0.0242454465478659,0,0
152652,0.0166654,21.7458982877433,0.03225899,0.2378101,0.349483,-0.02164075,0.03112251,0.9991061,0.01870812,0.0242454465478659,0,0
152656,0.0166683,21.7625665869564,0.03225899,0.2378101,0.349483,-0.02164075,0.03112251,0.9991061,0.01870812,0.0242454465478659,0,0
152660,0.016779,21.7793455868959,0.03225899,0.2378101,0.349483,-0.02164075,0.03112251,0.9991061,0.01870812,0.0242454465478659,0,0
152664,0.016668,21.7960135862231,0.02603194,0.2400526,0.3508613,-0.02036874,0.0288403,0.9991723,0.02019937,0.0242454465478659,0,0
152666,0.0166659,21.8126794863492,0.02603194,0.2400526,0.3508613,-0.02036874,0.0288403,0.9991723,0.02019937,0.0242454465478659,0,0
152670,0.0166673,21.8293467871845,0.02603194,0.2400526,0.3508613,-0.02036874,0.0288403,0.9991723,0.02019937,0.0242454465478659,0,0
152672,0.0166664,21.8460131864995,0.02014601,0.2420581,0.3526175,-0.01847983,0.02665905,0.9992306,0.022045,0.0242454465478659,0,0
152676,0.0166677,21.8626808859408,0.02014601,0.2420581,0.3526175,-0.01847983,0.02665905,0.9992306,0.022045,0.0242454465478659,0,0
152678,0.0166663,21.8793471865356,0.009055253,0.2454805,0.3570415,-0.01702751,0.02199383,0.9992775,0.02589887,0.0242454465478659,0,0
152684,0.0166681,21.8960152864456,0.009055253,0.2454805,0.3570415,-0.01702751,0.02199383,0.9992775,0.02589887,0.0242454465478659,0,0
152686,0.0166656,21.9126808866858,0.009055253,0.2454805,0.3570415,-0.01702751,0.02199383,0.9992775,0.02589887,0.0242454465478659,0,0
152690,0.016668,21.929348886013,0.004304213,0.2468767,0.3593837,-0.01578548,0.01983651,0.9992914,0.02782256,0.0242454465478659,0,0
152692,0.0166662,21.946015086025,9.263441E-05,0.2481937,0.3617866,-0.01343686,0.01733737,0.9993067,0.03008192,0.0242454465478659,0,0
152696,0.0166675,21.9626825861633,9.263441E-05,0.2481937,0.3617866,-0.01343686,0.01733737,0.9993067,0.03008192,0.0242454465478659,0,0
152698,0.0166666,21.979349186644,9.263441E-05,0.2481937,0.3617866,-0.01343686,0.01733737,0.9993067,0.03008192,0.0242454465478659,0,0
152704,0.016667,21.9960161857307,-0.003401784,0.2492784,0.3639907,-0.0108695,0.01541665,0.9993046,0.03216345,0.0242454465478659,0,0
152706,0.0172223,22.0132384859025,-0.003401784,0.2492784,0.3639907,-0.0108695,0.01541665,0.9993046,0.03216345,0.0242454465478659,0,0
152710,0.0166694,22.0299078859389,-0.006607201,0.2500655,0.3659664,-0.007360268,0.01344307,0.9992988,0.03416249,0.0242447908967733,0,0
152714,0.0186173,22.0485251862556,-0.006607201,0.2500655,0.3659664,-0.007360268,0.01344307,0.9992988,0.03416249,0.0242447908967733,0,0
152718,0.016668,22.0651931855828,-0.01033918,0.2506138,0.3679858,-0.00507756,0.01120975,0.9992803,0.03588102,0.0242447908967733,0,0
152720,0.0197715,22.084964685142,-0.01033918,0.2506138,0.3679858,-0.00507756,0.01120975,0.9992803,0.03588102,0.0242447908967733,0,0
152724,0.0166664,22.101631084457,-0.01033918,0.2506138,0.3679858,-0.00507756,0.01120975,0.9992803,0.03588102,0.0242447908967733,0,0
152726,0.0166668,22.1182978842407,-0.0169871,0.2511756,0.3715146,-0.001652302,0.007191555,0.9992092,0.03907041,0.0242447908967733,0,0
152732,0.0166673,22.134965185076,-0.0169871,0.2511756,0.3715146,-0.001652302,0.007191555,0.9992092,0.03907041,0.0242447908967733,0,0
152734,0.0186374,22.1536025851965,-0.0169871,0.2511756,0.3715146,-0.001652302,0.007191555,0.9992092,0.03907041,0.0242447908967733,0,0
152738,0.0166697,22.1702722851187,-0.02289408,0.2513911,0.3750353,0.004298619,0.003782977,0.9990911,0.0422403,0.0242447908967733,0,0
152740,0.0166674,22.1869396846741,-0.02289408,0.2513911,0.3750353,0.004298619,0.003782977,0.9990911,0.0422403,0.0242447908967733,0,0
152744,0.0166671,22.2036067843437,-0.02289408,0.2513911,0.3750353,0.004298619,0.003782977,0.9990911,0.0422403,0.0242447908967733,0,0
152746,0.0166661,22.2202728837729,-0.02574741,0.2513221,0.3767237,0.006216117,0.002378207,0.9990225,0.04370126,0.0242447908967733,0,0
152752,0.0166682,22.2369410842657,-0.02574741,0.2513221,0.3767237,0.006216117,0.002378207,0.9990225,0.04370126,0.0242447908967733,0,0
152754,0.0166665,22.2536075841635,-0.02574741,0.2513221,0.3767237,0.006216117,0.002378207,0.9990225,0.04370126,0.0242447908967733,0,0
152758,0.0166678,22.2702753841877,-0.02795471,0.2511222,0.378358,0.009496096,0.0009979425,0.9989223,0.04542093,0.0242447908967733,0,0
152760,0.0166647,22.2869400847703,-0.02795471,0.2511222,0.378358,0.009496096,0.0009979425,0.9989223,0.04542093,0.0242447908967733,0,0
152764,0.0166678,22.3036078847945,-0.03016488,0.2510739,0.379917,0.01191467,0.0001553732,0.9988277,0.0469173,0.0242447908967733,0,0
152766,0.0166666,22.3202744852751,-0.03016488,0.2510739,0.379917,0.01191467,0.0001553732,0.9988277,0.0469173,0.0242447908967733,0,0
152770,0.0166681,22.3369425851852,-0.03016488,0.2510739,0.379917,0.01191467,0.0001553732,0.9988277,0.0469173,0.0242447908967733,0,0
152776,0.0166669,22.3536094855517,-0.03371815,0.2512074,0.3827573,0.01785851,-0.000510524,0.9985959,0.04987084,0.0242447908967733,0,0
152780,0.021451,22.3750604856759,-0.03371815,0.2512074,0.3827573,0.01785851,-0.000510524,0.9985959,0.04987084,0.0242447908967733,0,0
152784,0.0204517,22.3955121859908,-0.03611121,0.2519333,0.3853736,0.02511577,0.0003440442,0.9983128,0.0523518,0.0242447908967733,0,0
152784,0.0166673,22.4121794868261,-0.03611121,0.2519333,0.3853736,0.02511577,0.0003440442,0.9983128,0.0523518,0.0242447908967733,0,0
152794,0.0166679,22.4288473874331,-0.03671961,0.2524726,0.3862853,0.02843568,0.001078397,0.9981819,0.05313288,0.0242447908967733,0,0
152798,0.0333262,22.4621735885739,-0.03671961,0.2524726,0.3862853,0.02843568,0.001078397,0.9981819,0.05313288,0.0242447908967733,0,0
152802,0.021491,22.4836645890027,-0.03707648,0.2530525,0.3869361,0.03219739,0.002009173,0.998037,0.05367905,0.0242447908967733,0,0
152804,0.0202268,22.503891389817,-0.03707648,0.2530525,0.3869361,0.03219739,0.002009173,0.998037,0.05367905,0.0242447908967733,0,0
152810,0.0166685,22.5205598901957,-0.03707648,0.2530525,0.3869361,0.03219739,0.002009173,0.998037,0.05367905,0.0242447908967733,0,0
152812,0.020125,22.540684890002,-0.03727352,0.2535863,0.3874172,0.03571967,0.003206276,0.9979072,0.05380637,0.0242447908967733,0,0
152816,0.0166671,22.5573519896716,-0.03727352,0.2535863,0.3874172,0.03571967,0.003206276,0.9979072,0.05380637,0.0242447908967733,0,0
152818,0.0173908,22.5747427903116,-0.03727352,0.2535863,0.3874172,0.03571967,0.003206276,0.9979072,0.05380637,0.0242447908967733,0,0
152822,0.0166704,22.5914131905884,-0.03707782,0.2545258,0.3881538,0.04272803,0.006426853,0.9976245,0.05365089,0.0242447908967733,0,0
152826,0.0179256,22.6093387901783,-0.03707782,0.2545258,0.3881538,0.04272803,0.006426853,0.9976245,0.05365089,0.0242447908967733,0,0
152830,0.0166673,22.6260060910136,-0.03690239,0.255049,0.388523,0.04625266,0.008379396,0.9974591,0.05353431,0.0242447908967733,0,0
152832,0.0170447,22.6430507916957,-0.03663236,0.255511,0.3888088,0.04972404,0.01056487,0.9972818,0.05333646,0.0242447908967733,0,0
152836,0.0166683,22.6597190909088,-0.03663236,0.255511,0.3888088,0.04972404,0.01056487,0.9972818,0.05333646,0.0242447908967733,0,0
152838,0.018436,22.6781550906599,-0.03663236,0.255511,0.3888088,0.04972404,0.01056487,0.9972818,0.05333646,0.0242447908967733,0,0
152844,0.0166686,22.6948236897588,-0.0361718,0.2558205,0.3888712,0.05305976,0.01271243,0.9971011,0.05303197,0.0242447908967733,0,0
152846,0.019214,22.7140376903117,-0.0361718,0.2558205,0.3888712,0.05305976,0.01271243,0.9971011,0.05303197,0.0242447908967733,0,0
152850,0.0166682,22.7307058908045,-0.03558758,0.2560948,0.3888293,0.05669091,0.01521573,0.996886,0.05265938,0.034233346581459,0,0
152852,0.0181197,22.7488255910575,-0.03558758,0.2560948,0.3888293,0.05669091,0.01521573,0.996886,0.05265938,0.034233346581459,0,0
152858,0.0174486,22.7662741914392,-0.03558758,0.2560948,0.3888293,0.05669091,0.01521573,0.996886,0.05265938,0.034233346581459,0,0
152860,0.0182467,22.7845208905637,-0.03476924,0.2562828,0.3884685,0.06025785,0.01783983,0.9966598,0.05215351,0.034233346581459,0,0
152864,0.0166677,22.801188590005,-0.03476924,0.2562828,0.3884685,0.06025785,0.01783983,0.9966598,0.05215351,0.034233346581459,0,0
152866,0.0166663,22.8178548905998,-0.03251906,0.2563913,0.387178,0.06667849,0.02323387,0.9962127,0.05073983,0.034233346581459,0,0
152872,0.0166673,22.8345221914351,-0.03251906,0.2563913,0.387178,0.06667849,0.02323387,0.9962127,0.05073983,0.034233346581459,0,0
152874,0.0166662,22.8511883914471,-0.03251906,0.2563913,0.387178,0.06667849,0.02323387,0.9962127,0.05073983,0.034233346581459,0,0
152876,0.0166678,22.8678561914712,-0.03086843,0.2563556,0.3861341,0.0701013,0.02629279,0.9959503,0.04977395,0.034233346581459,0,0
152880,0.0166696,22.8845257908106,-0.02922735,0.2562979,0.3850374,0.07293107,0.02880783,0.995724,0.0488361,0.034233346581459,0,0
152882,0.0166667,22.9011924900115,-0.02922735,0.2562979,0.3850374,0.07293107,0.02880783,0.995724,0.0488361,0.034233346581459,0,0
152886,0.0166652,22.917857689783,-0.02736531,0.2563431,0.3839072,0.07564551,0.03129702,0.9954935,0.04786385,0.034233346581459,0,0
152890,0.0166677,22.9345253892243,-0.02736531,0.2563431,0.3839072,0.07564551,0.03129702,0.9954935,0.04786385,0.034233346581459,0,0
152894,0.0166658,22.9511911887676,-0.02736531,0.2563431,0.3839072,0.07564551,0.03129702,0.9954935,0.04786385,0.034233346581459,0,0
152896,0.016667,22.9678581878543,-0.02522077,0.2563119,0.3826333,0.07830628,0.03380764,0.9952574,0.04677361,0.034233346581459,0,0
152900,0.0166664,22.9845245871693,-0.02522077,0.2563119,0.3826333,0.07830628,0.03380764,0.9952574,0.04677361,0.034233346581459,0,0
152904,0.0166673,23.0011918880045,-0.02306415,0.2562454,0.3814909,0.08076065,0.03604968,0.9950294,0.04576547,0.034233346581459,0,0
152906,0.016666,23.0178578887135,-0.02306415,0.2562454,0.3814909,0.08076065,0.03604968,0.9950294,0.04576547,0.034233346581459,0,0
152912,0.0166682,23.0345260892063,-0.01777109,0.2558522,0.3789805,0.08653911,0.04049518,0.9944672,0.04365841,0.039612103253603,0,0
152916,0.0182347,23.0527607891709,-0.01777109,0.2558522,0.3789805,0.08653911,0.04049518,0.9944672,0.04365841,0.039612103253603,0,0
152918,0.0228622,23.0756229888648,-0.01777109,0.2558522,0.3789805,0.08653911,0.04049518,0.9944672,0.04365841,0.039612103253603,0,0
152924,0.0166672,23.0922901891172,-0.01089942,0.2550268,0.3765266,0.09177366,0.04374167,0.9939356,0.04190748,0.039612103253603,0,0
152930,0.0277942,23.1200843900442,-0.01089942,0.2550268,0.3765266,0.09177366,0.04374167,0.9939356,0.04190748,0.039612103253603,0,0
152932,0.0222331,23.1423174906522,-0.00651555,0.2543835,0.375151,0.09421468,0.04531701,0.9936747,0.04099513,0.039612103253603,0,0
152934,0.0166687,23.158986190334,-0.00651555,0.2543835,0.375151,0.09421468,0.04531701,0.9936747,0.04099513,0.039612103253603,0,0
152938,0.0166669,23.1756530907005,-0.00651555,0.2543835,0.375151,0.09421468,0.04531701,0.9936747,0.04099513,0.039612103253603,0,0
152942,0.0166671,23.1923201903701,-0.00166315,0.2535201,0.3737303,0.09636221,0.04666852,0.9934428,0.04009677,0.039612103253603,0,0
152944,0.0166648,23.2089849896729,-0.00166315,0.2535201,0.3737303,0.09636221,0.04666852,0.9934428,0.04009677,0.039612103253603,0,0
152948,0.0166681,23.2256530895829,-0.00166315,0.2535201,0.3737303,0.09636221,0.04666852,0.9934428,0.04009677,0.039612103253603,0,0
152950,0.0166671,23.2423201892525,0.003959619,0.2525742,0.3723141,0.09812436,0.0481367,0.9932376,0.03916128,0.039612103253603,0,0
152956,0.0166674,23.2589875888079,0.003959619,0.2525742,0.3723141,0.09812436,0.0481367,0.9932376,0.03916128,0.039612103253603,0,0
152962,0.0183331,23.2773206885904,0.01538719,0.2510261,0.3697913,0.100228,0.05042959,0.9929703,0.03769787,0.039612103253603,0,0
152964,0.0231032,23.3004238884896,0.01538719,0.2510261,0.3697913,0.100228,0.05042959,0.9929703,0.03769787,0.039866890758276,0,0
152966,0.0166668,23.3170906882733,0.01538719,0.2510261,0.3697913,0.100228,0.05042959,0.9929703,0.03769787,0.039866890758276,0,0
152972,0.0166671,23.3337577879429,0.02149147,0.2504453,0.3686443,0.1008135,0.05141397,0.9928852,0.0370436,0.039866890758276,0,0
152974,0.0176504,23.3514081873,0.02723526,0.2499319,0.3676256,0.1010084,0.0521637,0.9928453,0.03653098,0.039866890758276,0,0
152976,0.0166673,23.3680754881352,0.02723526,0.2499319,0.3676256,0.1010084,0.0521637,0.9928453,0.03653098,0.039866890758276,0,0
152980,0.0166671,23.3847425878048,0.02723526,0.2499319,0.3676256,0.1010084,0.0521637,0.9928453,0.03653098,0.039866890758276,0,0
152984,0.0166663,23.4014088883996,0.03255963,0.2494272,0.3668005,0.1009248,0.05281353,0.9928346,0.03611591,0.039866890758276,0,0
152986,0.0166669,23.4180757887661,0.03255963,0.2494272,0.3668005,0.1009248,0.05281353,0.9928346,0.03611591,0.039866890758276,0,0
152990,0.0177721,23.435847889632,0.03775115,0.2488505,0.3660703,0.1004911,0.05344943,0.9928592,0.0357119,0.039866890758276,0,0
152992,0.0166667,23.4525145888329,0.03775115,0.2488505,0.3660703,0.1004911,0.05344943,0.9928592,0.0357119,0.039866890758276,0,0
152998,0.0166677,23.4691822882742,0.03775115,0.2488505,0.3660703,0.1004911,0.05344943,0.9928592,0.0357119,0.039866890758276,0,0
153000,0.0166653,23.4858475886285,0.04306675,0.2480701,0.3653598,0.09990286,0.05403109,0.9929008,0.03532583,0.039866890758276,0,0
153004,0.0166667,23.5025142878294,0.04306675,0.2480701,0.3653598,0.09990286,0.05403109,0.9929008,0.03532583,0.039866890758276,0,0
153006,0.0166668,23.5191810876131,0.05240735,0.2460862,0.3642083,0.09801512,0.05501372,0.9930595,0.03463187,0.039866890758276,0,0
153012,0.0166679,23.5358489882201,0.05240735,0.2460862,0.3642083,0.09801512,0.05501372,0.9930595,0.03463187,0.039866890758276,0,0
153014,0.0166659,23.5525148883462,0.05680398,0.2448215,0.363626,0.09678888,0.055535,0.9931667,0.03417243,0.039866890758276,0,0
153018,0.0166675,23.5691823884845,0.05680398,0.2448215,0.363626,0.09678888,0.055535,0.9931667,0.03417243,0.039866890758276,0,0
153020,0.0166663,23.5858486890793,0.06079682,0.2435446,0.3630982,0.0955033,0.05611983,0.9932761,0.03364841,0.039866890758276,0,0
153024,0.0171573,23.6030059885234,0.06079682,0.2435446,0.3630982,0.0955033,0.05611983,0.9932761,0.03364841,0.039866890758276,0,0
153026,0.0166679,23.6196738891304,0.06447902,0.2422703,0.3626163,0.09405884,0.05656824,0.9934035,0.03320323,0.039866890758276,0,0
153032,0.0166673,23.6363411899656,0.06447902,0.2422703,0.3626163,0.09405884,0.05656824,0.9934035,0.03320323,0.039866890758276,0,0
153034,0.016666,23.6530071906745,0.06836335,0.240884,0.3621847,0.09235405,0.05711369,0.9935487,0.03270775,0.039866890758276,0,0
153036,0.0166674,23.66967459023,0.06836335,0.240884,0.3621847,0.09235405,0.05711369,0.9935487,0.03270775,0.039866890758276,0,0
153040,0.0166671,23.6863416898996,0.06836335,0.240884,0.3621847,0.09235405,0.05711369,0.9935487,0.03270775,0.039866890758276,0,0
153042,0.0166666,23.7030082903802,0.06836335,0.240884,0.3621847,0.09235405,0.05711369,0.9935487,0.03270775,0.039866890758276,0,0
153046,0.0166701,23.7196783907712,0.07180565,0.2396739,0.3618828,0.09091522,0.05769229,0.9936633,0.03223651,0.039866890758276,0,0
153050,0.016665,23.7363433912396,0.07180565,0.2396739,0.3618828,0.09091522,0.05769229,0.9936633,0.03223651,0.039866890758276,0,0
153054,0.016668,23.7530113905668,0.07846602,0.23735,0.3613922,0.08769223,0.0592487,0.9939011,0.03098908,0.039866890758276,0,0
153058,0.0166655,23.7696768902242,0.07846602,0.23735,0.3613922,0.08769223,0.0592487,0.9939011,0.03098908,0.039866890758276,0,0
153060,0.0166668,23.7863436900079,0.07846602,0.23735,0.3613922,0.08769223,0.0592487,0.9939011,0.03098908,0.039866890758276,0,0
153064,0.0166666,23.8030102904886,0.08432377,0.2351385,0.3608201,0.08422004,0.06074082,0.9941517,0.02966456,0.039866890758276,0,0
153066,0.0166658,23.8196760900319,0.08432377,0.2351385,0.3608201,0.08422004,0.06074082,0.9941517,0.02966456,0.039866890758276,0,0
153070,0.0166675,23.8363435901701,0.08432377,0.2351385,0.3608201,0.08422004,0.06074082,0.9941517,0.02966456,0.039866890758276,0,0
153076,0.0166664,23.8530099894851,0.08726094,0.2339027,0.3603649,0.08228265,0.06133569,0.9942982,0.02895996,0.039866890758276,0,0
153078,0.0210943,23.874104289338,0.08726094,0.2339027,0.3603649,0.08228265,0.06133569,0.9942982,0.02895996,0.039866890758276,0,0
153080,0.01667,23.8907742891461,0.08726094,0.2339027,0.3603649,0.08228265,0.06133569,0.9942982,0.02895996,0.039866890758276,0,0
153084,0.0166652,23.9074394889176,0.08996325,0.2328241,0.3599007,0.08063894,0.06181527,0.9944212,0.02833051,0.039866890758276,0,0
153086,0.0166672,23.92410668917,0.08996325,0.2328241,0.3599007,0.08063894,0.06181527,0.9944212,0.02833051,0.039866890758276,0,0
153092,0.0166666,23.9407732896507,0.09265332,0.2318615,0.3594705,0.07881495,0.06214782,0.9945622,0.02778187,0.039866890758276,0,0
153094,0.0166665,23.9574397895485,0.09265332,0.2318615,0.3594705,0.07881495,0.06214782,0.9945622,0.02778187,0.039866890758276,0,0
153096,0.0166669,23.9741066899151,0.09265332,0.2318615,0.3594705,0.07881495,0.06214782,0.9945622,0.02778187,0.039866890758276,0,0
153100,0.0166672,23.9907738901675,0.09820797,0.2300474,0.3587163,0.07530872,0.0625217,0.9948366,0.0268305,0.039866890758276,0,0
153104,0.0166668,24.0074406899512,0.09820797,0.2300474,0.3587163,0.07530872,0.0625217,0.9948366,0.0268305,0.039866890758276,0,0
153106,0.0166676,24.0241082906723,0.09820797,0.2300474,0.3587163,0.07530872,0.0625217,0.9948366,0.0268305,0.039866890758276,0,0
153110,0.0166671,24.0407753903419,0.1011375,0.2290891,0.3584433,0.07346191,0.06266034,0.9949775,0.02639703,0.039866890758276,0,0
153116,0.0166664,24.0574417896569,0.1044114,0.2279895,0.3581756,0.07140476,0.06267928,0.9951364,0.02600572,0.039866890758276,0,0
153120,0.0189846,24.0764263905585,0.1077289,0.22697,0.3580375,0.0695548,0.06272101,0.9952739,0.02565404,0.039866890758276,0,0
153126,0.0230468,24.0994731914252,0.1077289,0.22697,0.3580375,0.0695548,0.06272101,0.9952739,0.02565404,0.039866890758276,0,0
153130,0.0228373,24.1223104912788,0.1111661,0.2259984,0.3580263,0.06767779,0.06274869,0.9954093,0.02535234,0.039866890758276,0,0
153132,0.0223205,24.1446309909225,0.1111661,0.2259984,0.3580263,0.06767779,0.06274869,0.9954093,0.02535234,0.039866890758276,0,0
153138,0.0166691,24.1613000910729,0.1111661,0.2259984,0.3580263,0.06767779,0.06274869,0.9954093,0.02535234,0.039866890758276,0,0
153138,0.019217,24.1805170904845,0.1184158,0.2237013,0.3581826,0.06379988,0.062631,0.9956875,0.02476543,0.039866890758276,0,0
153144,0.016668,24.1971850898117,0.1184158,0.2237013,0.3581826,0.06379988,0.062631,0.9956875,0.02476543,0.039866890758276,0,0
153146,0.0175401,24.214725188911,0.1184158,0.2237013,0.3581826,0.06379988,0.062631,0.9956875,0.02476543,0.039866890758276,0,0
153150,0.0166673,24.2313924897462,0.1218618,0.222533,0.3583679,0.0618429,0.06256799,0.9958218,0.02448942,0.039866890758276,0,0
153152,0.0173869,24.2487793900073,0.1255562,0.2214043,0.3587947,0.0597521,0.06263265,0.9959523,0.02420383,0.039866890758276,0,0
153158,0.0166684,24.2654477898031,0.1255562,0.2214043,0.3587947,0.0597521,0.06263265,0.9959523,0.02420383,0.039866890758276,0,0
153160,0.0194998,24.2849475890398,0.1289666,0.2203046,0.3592001,0.05795157,0.0627258,0.9960607,0.02388004,0.039866890758276,0,0
153164,0.016668,24.301615588367,0.1289666,0.2203046,0.3592001,0.05795157,0.0627258,0.9960607,0.02388004,0.039866890758276,0,0
153166,0.0173422,24.3189577888697,0.1289666,0.2203046,0.3592001,0.05795157,0.0627258,0.9960607,0.02388004,0.039866890758276,0,0
153172,0.0166689,24.3356266897172,0.132073,0.2191345,0.359638,0.05592216,0.06272624,0.9961839,0.02357608,0.039866890758276,0,0
153174,0.0168966,24.3525232896209,0.132073,0.2191345,0.359638,0.05592216,0.06272624,0.9961839,0.02357608,0.039866890758276,0,0
153178,0.0166679,24.3691911902279,0.1348249,0.2181733,0.3601453,0.05394987,0.0628707,0.9962913,0.02324316,0.0398662351071835,0,0
153180,0.0172875,24.3864786904305,0.1348249,0.2181733,0.3601453,0.05394987,0.0628707,0.9962913,0.02324316,0.0398662351071835,0,0
153184,0.016668,24.4031466897577,0.1348249,0.2181733,0.3601453,0.05394987,0.0628707,0.9962913,0.02324316,0.0398662351071835,0,0
153186,0.0166661,24.4198127891868,0.1397108,0.2163989,0.3611984,0.05010118,0.06300194,0.9964958,0.02273169,0.0398662351071835,0,0
153192,0.0166671,24.4364798888564,0.1397108,0.2163989,0.3611984,0.05010118,0.06300194,0.9964958,0.02273169,0.0398662351071835,0,0
153194,0.0166672,24.4531470891088,0.1415839,0.21569,0.3617401,0.04805529,0.06311023,0.9965951,0.02249397,0.0398662351071835,0,0
153198,0.0166667,24.4698137883097,0.1431317,0.2151594,0.3621324,0.04616515,0.06319459,0.9966837,0.0222916,0.0398662351071835,0,0
153200,0.0175644,24.4873781874776,0.1431317,0.2151594,0.3621324,0.04616515,0.06319459,0.9966837,0.0222916,0.0398662351071835,0,0
153204,0.0166733,24.5040514878929,0.1431317,0.2151594,0.3621324,0.04616515,0.06319459,0.9966837,0.0222916,0.0398662351071835,0,0
153206,0.0166615,24.5207129884511,0.1445074,0.2147115,0.3624409,0.04430332,0.06324263,0.9967691,0.02211414,0.0398662351071835,0,0
153212,0.0166745,24.5373874884099,0.1445074,0.2147115,0.3624409,0.04430332,0.06324263,0.9967691,0.02211414,0.039866890758276,0,0
153214,0.0166592,24.5540466886014,0.1456021,0.2142725,0.3626136,0.04249226,0.06319485,0.9968541,0.02197203,0.039866890758276,0,0
153218,0.0166749,24.5707215890288,0.1456021,0.2142725,0.3626136,0.04249226,0.06319485,0.9968541,0.02197203,0.039866890758276,0,0
153220,0.0166598,24.5873813889921,0.1456021,0.2142725,0.3626136,0.04249226,0.06319485,0.9968541,0.02197203,0.039866890758276,0,0
153224,0.0166706,24.6040519885719,0.1464896,0.2138196,0.3627391,0.04066294,0.06307662,0.9969401,0.02186938,0.039866890758276,0,0
153226,0.0166623,24.6207142882049,0.1464896,0.2138196,0.3627391,0.04066294,0.06307662,0.9969401,0.02186938,0.039866890758276,0,0
153232,0.0166765,24.6373907886446,0.1464896,0.2138196,0.3627391,0.04066294,0.06307662,0.9969401,0.02186938,0.039866890758276,0,0
153234,0.0166619,24.6540526878089,0.148039,0.2129991,0.3628581,0.03741133,0.06270782,0.9970925,0.02178664,0.039866890758276,0,0
153238,0.0166755,24.6707281880081,0.148039,0.2129991,0.3628581,0.03741133,0.06270782,0.9970925,0.02178664,0.039866890758276,0,0
153240,0.0166616,24.6873897872865,0.148039,0.2129991,0.3628581,0.03741133,0.06270782,0.9970925,0.02178664,0.039866890758276,0,0
153244,0.0166685,24.7040582876652,0.1494728,0.2122863,0.3628536,0.03438514,0.0623198,0.997227,0.02173225,0.039866890758276,0,0
153246,0.0166688,24.7207270879298,0.1494728,0.2122863,0.3628536,0.03438514,0.0623198,0.997227,0.02173225,0.039866890758276,0,0
153252,0.0166696,24.7373966872692,0.1494728,0.2122863,0.3628536,0.03438514,0.0623198,0.997227,0.02173225,0.0398662351071835,0,0
153254,0.0166633,24.7540599871427,0.1502232,0.2119714,0.3628294,0.0331312,0.06215452,0.9972804,0.0217017,0.0398662351071835,0,0
153258,0.0166706,24.7707305867225,0.1502232,0.2119714,0.3628294,0.0331312,0.06215452,0.9972804,0.0217017,0.0398662351071835,0,0
153260,0.0166613,24.7873918861151,0.1502232,0.2119714,0.3628294,0.0331312,0.06215452,0.9972804,0.0217017,0.0398662351071835,0,0
153264,0.0166732,24.8040650859475,0.150992,0.2116778,0.3628041,0.03185254,0.06201775,0.9973316,0.02165682,0.0398662351071835,0,0
153268,0.0170356,24.8211006857455,0.150992,0.2116778,0.3628041,0.03185254,0.06201775,0.9973316,0.02165682,0.0398662351071835,0,0
153272,0.0166688,24.8377694860101,0.1517045,0.2113726,0.3627483,0.03078773,0.06184475,0.9973761,0.02163655,0.0398662351071835,0,0
153274,0.0166653,24.8544347863644,0.1517045,0.2113726,0.3627483,0.03078773,0.06184475,0.9973761,0.02163655,0.0398662351071835,0,0
153278,0.0166696,24.8711043857038,0.153242,0.2105006,0.362457,0.02896342,0.06119069,0.997469,0.02173411,0.0398662351071835,0,0
153280,0.017019,24.8881233856082,0.153242,0.2105006,0.362457,0.02896342,0.06119069,0.997469,0.02173411,0.0398662351071835,0,0
153284,0.0166682,24.9047915861011,0.153242,0.2105006,0.362457,0.02896342,0.06119069,0.997469,0.02173411,0.0398662351071835,0,0
153288,0.0166659,24.9214574862272,0.153242,0.2105006,0.362457,0.02896342,0.06119069,0.997469,0.02173411,0.0398662351071835,0,0
153292,0.0166682,24.93812568672,0.1551181,0.2091847,0.3621082,0.02747894,0.06018304,0.9975665,0.02200264,0.0398662351071835,0,0
153294,0.0166672,24.9547928869724,0.1551181,0.2091847,0.3621082,0.02747894,0.06018304,0.9975665,0.02200264,0.0398662351071835,0,0
153298,0.0166664,24.9714592862874,0.1551181,0.2091847,0.3621082,0.02747894,0.06018304,0.9975665,0.02200264,0.039866890758276,0,0
153300,0.0166762,24.9881354868412,0.1560464,0.2083435,0.3620305,0.0265445,0.0596006,0.997623,0.02216852,0.039866890758276,0,0
153304,0.0166687,25.004804186523,0.1560464,0.2083435,0.3620305,0.0265445,0.0596006,0.997623,0.02216852,0.039866890758276,0,0
153308,0.0166662,25.0214703865349,0.1560464,0.2083435,0.3620305,0.0265445,0.0596006,0.997623,0.02216852,0.039866890758276,0,0
153312,0.0166678,25.0381381865591,0.15703,0.2073724,0.361987,0.02583137,0.0590194,0.9976732,0.02230771,0.039866890758276,0,0
153314,0.0168075,25.0549456868321,0.15703,0.2073724,0.361987,0.02583137,0.0590194,0.9976732,0.02230771,0.039866890758276,0,0
153318,0.0166683,25.0716139860451,0.1581313,0.2061704,0.3618804,0.02511935,0.05836429,0.9977275,0.02241469,0.039866890758276,0,0
153320,0.0166665,25.088280485943,0.1581313,0.2061704,0.3618804,0.02511935,0.05836429,0.9977275,0.02241469,0.039866890758276,0,0
153324,0.0166668,25.1049472857267,0.1581313,0.2061704,0.3618804,0.02511935,0.05836429,0.9977275,0.02241469,0.039866890758276,0,0
153328,0.0166673,25.1216145865619,0.1600187,0.203571,0.3616408,0.02404514,0.05719699,0.997821,0.02243911,0.039866890758276,0,0
153332,0.0179829,25.1395974867046,0.1600187,0.203571,0.3616408,0.02404514,0.05719699,0.997821,0.02243911,0.0398662351071835,0,0
153334,0.0166669,25.1562643870711,0.1609412,0.202052,0.3615274,0.02351055,0.05671313,0.9978647,0.02229225,0.0398662351071835,0,0
153338,0.0166664,25.1729307863861,0.1616413,0.2006008,0.3614219,0.02314533,0.05630836,0.9979004,0.0220996,0.0398662351071835,0,0
153340,0.0166673,25.1895980872214,0.1616413,0.2006008,0.3614219,0.02314533,0.05630836,0.9979004,0.0220996,0.0398662351071835,0,0
153344,0.0166668,25.2062648870051,0.1616413,0.2006008,0.3614219,0.02314533,0.05630836,0.9979004,0.0220996,0.0398662351071835,0,0
153348,0.0166672,25.2229320872575,0.1622366,0.199023,0.3613674,0.02269841,0.05596678,0.9979363,0.02180954,0.0398662351071835,0,0
153352,0.0166665,25.2395985871553,0.1622366,0.199023,0.3613674,0.02269841,0.05596678,0.9979363,0.02180954,0.0398662351071835,0,0
153354,0.0166661,25.2562646865845,0.1627247,0.1973608,0.3612604,0.02241991,0.05554004,0.997972,0.0215516,0.0398662351071835,0,0
153358,0.0166673,25.2729319874197,0.1627247,0.1973608,0.3612604,0.02241991,0.05554004,0.997972,0.0215516,0.0398662351071835,0,0
153360,0.0166659,25.2895978875458,0.1627247,0.1973608,0.3612604,0.02241991,0.05554004,0.997972,0.0215516,0.0398662351071835,0,0
153366,0.0166686,25.3062664866447,0.1632211,0.1958787,0.3612553,0.02214765,0.05532831,0.9979974,0.02120064,0.0398662351071835,0,0
153368,0.0204091,25.3266755864024,0.1632211,0.1958787,0.3612553,0.02214765,0.05532831,0.9979974,0.02120064,0.0398662351071835,0,0
153372,0.0166717,25.3433472868055,0.164239,0.1931227,0.3611693,0.02199861,0.05490115,0.9980373,0.02057715,0.039866890758276,0,0
153374,0.0180683,25.3614155873656,0.164239,0.1931227,0.3611693,0.02199861,0.05490115,0.9980373,0.02057715,0.039866890758276,0,0
153378,0.0166679,25.3780834879726,0.164239,0.1931227,0.3611693,0.02199861,0.05490115,0.9980373,0.02057715,0.039866890758276,0,0
153380,0.0166679,25.3947513885796,0.164239,0.1931227,0.3611693,0.02199861,0.05490115,0.9980373,0.02057715,0.039866890758276,0,0
153384,0.0166698,25.4114211890846,0.1652762,0.1904386,0.3611015,0.02213361,0.05435268,0.9980735,0.02012775,0.039866890758276,0,0
153388,0.0166646,25.4280857890844,0.1652762,0.1904386,0.3611015,0.02213361,0.05435268,0.9980735,0.02012775,0.039866890758276,0,0
153392,0.0166669,25.444752689451,0.1652762,0.1904386,0.3611015,0.02213361,0.05435268,0.9980735,0.02012775,0.039866890758276,0,0
153396,0.0166671,25.4614197891206,0.1658132,0.1892606,0.3611815,0.02227492,0.05417525,0.9980841,0.01992377,0.039866890758276,0,0
153400,0.0166665,25.4780862890184,0.1658132,0.1892606,0.3611815,0.02227492,0.05417525,0.9980841,0.01992377,0.039866890758276,0,0
153404,0.017192,25.4952782895416,0.1662979,0.1880567,0.3612407,0.02239089,0.05399572,0.9980957,0.01970159,0.039866890758276,0,0
153406,0.0200829,25.5153611898422,0.1662979,0.1880567,0.3612407,0.02239089,0.05399572,0.9980957,0.01970159,0.039866890758276,0,0
153410,0.0166697,25.5320308897644,0.1666622,0.1869839,0.3612234,0.02261973,0.0538844,0.9981018,0.01942996,0.0398675464093685,0,0
153414,0.017936,25.5499668903649,0.1666622,0.1869839,0.3612234,0.02261973,0.0538844,0.9981018,0.01942996,0.0398675464093685,0,0
153418,0.0166675,25.5666343905032,0.1672754,0.184633,0.3609208,0.023119,0.05350148,0.998122,0.01885586,0.0398675464093685,0,0
153420,0.0171427,25.5837770905346,0.1672754,0.184633,0.3609208,0.023119,0.05350148,0.998122,0.01885586,0.0398675464093685,0,0
153422,0.0166675,25.6004445906729,0.1672754,0.184633,0.3609208,0.023119,0.05350148,0.998122,0.01885586,0.0398675464093685,0,0
153428,0.0166668,25.6171113904566,0.1672754,0.184633,0.3609208,0.023119,0.05350148,0.998122,0.01885586,0.0398675464093685,0,0
153430,0.0178341,25.6349454913288,0.1674627,0.1835917,0.3607351,0.02333433,0.05341684,0.9981284,0.018492,0.0398675464093685,0,0
153434,0.0166682,25.6516136918217,0.167621,0.1825488,0.3605352,0.02362139,0.05342653,0.9981295,0.01802983,0.0398675464093685,0,0
153436,0.0177894,25.669403091073,0.167621,0.1825488,0.3605352,0.02362139,0.05342653,0.9981295,0.01802983,0.0398675464093685,0,0
153442,0.0166693,25.6860723905265,0.1676994,0.1816792,0.3603878,0.02381071,0.05350035,0.9981291,0.01758136,0.0398675464093685,0,0
153446,0.01981,25.7058823909611,0.1676994,0.1816792,0.3603878,0.02381071,0.05350035,0.9981291,0.01758136,0.0398675464093685,0,0
153448,0.0189151,25.7247974909842,0.167729,0.1808791,0.3602478,0.02394363,0.05350947,0.9981317,0.0172208,0.0398675464093685,0,0
153452,0.016668,25.7414654903114,0.167729,0.1808791,0.3602478,0.02394363,0.05350947,0.9981317,0.0172208,0.0398675464093685,0,0
153454,0.0166657,25.7581311911345,0.167729,0.1808791,0.3602478,0.02394363,0.05350947,0.9981317,0.0172208,0.0398675464093685,0,0
153460,0.016668,25.7747991904616,0.1677506,0.1801484,0.3601208,0.02406195,0.05349892,0.9981347,0.01691005,0.0398675464093685,0,0
153462,0.0185756,25.7933747898787,0.1677506,0.1801484,0.3601208,0.02406195,0.05349892,0.9981347,0.01691005,0.0398675464093685,0,0
153466,0.0166675,25.810042290017,0.1677914,0.1787838,0.3599055,0.02427233,0.05343916,0.9981417,0.0163783,0.0398675464093685,0,0
153468,0.0166657,25.8267079908401,0.1677914,0.1787838,0.3599055,0.02427233,0.05343916,0.9981417,0.0163783,0.0398675464093685,0,0
153472,0.0166671,25.8433750905097,0.1677914,0.1787838,0.3599055,0.02427233,0.05343916,0.9981417,0.0163783,0.0398662351071835,0,0
153474,0.0166665,25.8600415904075,0.1678048,0.1781602,0.3598148,0.02436968,0.05332616,0.9981479,0.01622303,0.0398662351071835,0,0
153480,0.0166679,25.8767094910145,0.1678049,0.1774969,0.3597152,0.02446384,0.05315306,0.9981567,0.01610757,0.0398662351071835,0,0
153482,0.0166658,25.8933752905577,0.1678049,0.1774969,0.3597152,0.02446384,0.05315306,0.9981567,0.01610757,0.0398662351071835,0,0
153486,0.0166666,25.9100418910384,0.1678049,0.1774969,0.3597152,0.02446384,0.05315306,0.9981567,0.01610757,0.0398662351071835,0,0
153490,0.018948,25.9289898909628,0.1677932,0.1767771,0.359595,0.02455855,0.05291377,0.9981684,0.01602736,0.0398662351071835,0,0
153492,0.0188388,25.9478286914527,0.1677932,0.1767771,0.359595,0.02455855,0.05291377,0.9981684,0.01602736,0.0398662351071835,0,0
153494,0.01667,25.9644986912608,0.1677932,0.1767771,0.359595,0.02455855,0.05291377,0.9981684,0.01602736,0.0398662351071835,0,0
153500,0.0166654,25.9811640903354,0.1677932,0.175976,0.3594936,0.02466019,0.05269297,0.9981795,0.01590751,0.0398662351071835,0,0
153502,0.0166661,25.9978301897645,0.1677932,0.175976,0.3594936,0.02466019,0.05269297,0.9981795,0.01590751,0.0398662351071835,0,0
153506,0.0166668,26.0144969895482,0.1678243,0.1743242,0.3593824,0.02487282,0.05232387,0.9981982,0.01562225,0.0398662351071835,0,0
153508,0.0166667,26.0311636887491,0.1678243,0.1743242,0.3593824,0.02487282,0.05232387,0.9981982,0.01562225,0.0398662351071835,0,0
153512,0.0166673,26.0478309895843,0.1678243,0.1743242,0.3593824,0.02487282,0.05232387,0.9981982,0.01562225,0.0398662351071835,0,0
153516,0.0166665,26.0644974894822,0.1678572,0.1734499,0.359342,0.02498801,0.05216245,0.9982064,0.01544612,0.0398662351071835,0,0
153520,0.0166673,26.0811647903174,0.1678803,0.1724407,0.359254,0.02512073,0.05197726,0.9982162,0.01522506,0.0398662351071835,0,0
153524,0.0172448,26.0984095912427,0.1678803,0.1724407,0.359254,0.02512073,0.05197726,0.9982162,0.01522506,0.0398662351071835,0,0
153526,0.0189815,26.1173910908401,0.1678382,0.1713927,0.3591209,0.0252016,0.05174189,0.9982293,0.01502817,0.0398662351071835,0,0
153536,0.0166678,26.1340588908643,0.1676501,0.1704864,0.3589936,0.02509245,0.05154749,0.9982446,0.01486126,0.0398662351071835,0,0
153538,0.0380136,26.1720724906772,0.1676501,0.1704864,0.3589936,0.02509245,0.05154749,0.9982446,0.01486126,0.0398662351071835,0,0
153540,0.0166668,26.1887392904609,0.1676501,0.1704864,0.3589936,0.02509245,0.05154749,0.9982446,0.01486126,0.0398662351071835,0,0
153546,0.0166692,26.2054084911942,0.1673402,0.1697557,0.358948,0.02470293,0.05139363,0.9982637,0.01476858,0.0398662351071835,0,0
153548,0.0175533,26.2229617908597,0.1673402,0.1697557,0.358948,0.02470293,0.05139363,0.9982637,0.01476858,0.0398662351071835,0,0
153552,0.0166685,26.2396302912384,0.1667342,0.1689547,0.3587929,0.02241633,0.0508114,0.9983441,0.01499031,0.0398662351071835,0,0
153554,0.0166655,26.2562957908958,0.1667342,0.1689547,0.3587929,0.02241633,0.0508114,0.9983441,0.01499031,0.0398662351071835,0,0
153558,0.0166684,26.2729641906917,0.1667342,0.1689547,0.3587929,0.02241633,0.0508114,0.9983441,0.01499031,0.0398662351071835,0,0
153560,0.0166656,26.2896297909319,0.1667342,0.1689547,0.3587929,0.02241633,0.0508114,0.9983441,0.01499031,0.0398662351071835,0,0
153566,0.0166683,26.306298090145,0.1665974,0.1684459,0.3578867,0.01830183,0.04981937,0.998474,0.01525441,0.0398662351071835,0,0
153568,0.0199748,26.3262728899717,0.1665974,0.1684459,0.3578867,0.01830183,0.04981937,0.998474,0.01525441,0.0398662351071835,0,0
153572,0.0166693,26.3429421894252,0.1666849,0.1681921,0.357356,0.0159961,0.04920112,0.9985407,0.01548622,0.039866890758276,0,0
153574,0.0168212,26.3597633894533,0.1666849,0.1681921,0.357356,0.0159961,0.04920112,0.9985407,0.01548622,0.039866890758276,0,0
153580,0.0166676,26.3764309901744,0.1666849,0.1681921,0.357356,0.0159961,0.04920112,0.9985407,0.01548622,0.039866890758276,0,0
153582,0.0181193,26.3945502899587,0.1669182,0.1679717,0.3567812,0.01317582,0.04843472,0.9986135,0.01585975,0.039866890758276,0,0
153586,0.0166678,26.4112180899829,0.1669182,0.1679717,0.3567812,0.01317582,0.04843472,0.9986135,0.01585975,0.039866890758276,0,0
153588,0.0175454,26.4287634901702,0.1669182,0.1679717,0.3567812,0.01317582,0.04843472,0.9986135,0.01585975,0.039866890758276,0,0
153592,0.0166673,26.4454307910055,0.1673009,0.1679006,0.3562682,0.01001074,0.04768148,0.9986798,0.01627893,0.039866890758276,0,0
153596,0.0166673,26.4620980918407,0.1673009,0.1679006,0.3562682,0.01001074,0.04768148,0.9986798,0.01627893,0.039866890758276,0,0
153600,0.0166666,26.4787646923214,0.1679645,0.1681887,0.355442,0.003173556,0.04598361,0.9987827,0.01756505,0.039866890758276,0,0
153602,0.0166661,26.4954307917506,0.1679645,0.1681887,0.355442,0.003173556,0.04598361,0.9987827,0.01756505,0.039866890758276,0,0
153606,0.0166683,26.5120990909636,0.1679645,0.1681887,0.355442,0.003173556,0.04598361,0.9987827,0.01756505,0.039866890758276,0,0
153608,0.0175785,26.5296775903553,0.1681235,0.1684735,0.3551972,-0.0001664637,0.04505253,0.9988152,0.01839503,0.039866890758276,0,0
153614,0.0166672,26.5463447906077,0.1681073,0.1688323,0.3550664,-0.003607115,0.04407063,0.9988354,0.01930453,0.0307411942631006,0,0
153616,0.0166674,26.5630121901631,0.1681073,0.1688323,0.3550664,-0.003607115,0.04407063,0.9988354,0.01930453,0.0307411942631006,0,0
153620,0.0166665,26.579678690061,0.167918,0.169228,0.3549755,-0.006985213,0.04286475,0.9988472,0.02044697,0.0307411942631006,0,0
153622,0.0166665,26.5963451899588,0.167918,0.169228,0.3549755,-0.006985213,0.04286475,0.9988472,0.02044697,0.0307411942631006,0,0
153626,0.0166682,26.6130133904517,0.167918,0.169228,0.3549755,-0.006985213,0.04286475,0.9988472,0.02044697,0.0307411942631006,0,0
153628,0.0171762,26.6301895901561,0.1676421,0.1697358,0.3549671,-0.0102912,0.04157575,0.9988456,0.02175096,0.0307411942631006,0,0
153634,0.0166672,26.6468567904085,0.1676421,0.1697358,0.3549671,-0.0102912,0.04157575,0.9988456,0.02175096,0.0307411942631006,0,0
153636,0.016667,26.6635237894952,0.1676421,0.1697358,0.3549671,-0.0102912,0.04157575,0.9988456,0.02175096,0.0307411942631006,0,0
153640,0.0166675,26.6801912896335,0.167361,0.1704003,0.3550063,-0.01372805,0.04033574,0.9988249,0.02309657,0.0307411942631006,0,0
153642,0.0166662,26.6968574896455,0.167361,0.1704003,0.3550063,-0.01372805,0.04033574,0.9988249,0.02309657,0.0307411942631006,0,0
153646,0.0166674,26.7135248892009,0.1669476,0.1721301,0.3552996,-0.01968882,0.0384096,0.998739,0.02564014,0.0307411942631006,0,0
153650,0.0186778,26.7322026900947,0.1669476,0.1721301,0.3552996,-0.01968882,0.0384096,0.998739,0.02564014,0.024314396083355,0,0
153654,0.0166695,26.7488721907139,0.1667403,0.1732201,0.355464,-0.02245292,0.03745876,0.9986805,0.02701962,0.024314396083355,0,0
153656,0.0166657,26.765537891537,0.1667403,0.1732201,0.355464,-0.02245292,0.03745876,0.9986805,0.02701962,0.024314396083355,0,0
153660,0.0166678,26.7822056915611,0.1665114,0.1744711,0.3556477,-0.0250956,0.03639607,0.9986122,0.02862135,0.024314396083355,0,0
153662,0.0166659,26.7988715916872,0.1665114,0.1744711,0.3556477,-0.0250956,0.03639607,0.9986122,0.02862135,0.024314396083355,0,0
153666,0.0166675,26.8155390918255,0.1663535,0.1758965,0.3559263,-0.02751982,0.03574076,0.9985342,0.02991183,0.024314396083355,0,0
153670,0.0166659,26.8322049919516,0.1663535,0.1758965,0.3559263,-0.02751982,0.03574076,0.9985342,0.02991183,0.024314396083355,0,0
153674,0.0166684,26.8488733917475,0.1663535,0.1758965,0.3559263,-0.02751982,0.03574076,0.9985342,0.02991183,0.024314396083355,0,0
153676,0.0166662,26.8655395917594,0.1661811,0.1774675,0.3561971,-0.02976346,0.03513766,0.9984518,0.03120233,0.024314396083355,0,0
153680,0.0166672,26.8822067920119,0.1661811,0.1774675,0.3561971,-0.02976346,0.03513766,0.9984518,0.03120233,0.024314396083355,0,0
153682,0.0166668,26.8988735917956,0.1661811,0.1774675,0.3561971,-0.02976346,0.03513766,0.9984518,0.03120233,0.024314396083355,0,0
153686,0.0166677,26.9155412912369,0.1655275,0.1811441,0.3567547,-0.03406737,0.03399173,0.9982641,0.03395344,0.024314396083355,0,0
153688,0.0166658,26.9322070907801,0.1655275,0.1811441,0.3567547,-0.03406737,0.03399173,0.9982641,0.03395344,0.024314396083355,0,0
153694,0.0166671,26.9488741904497,0.1650015,0.1831981,0.3571616,-0.03600076,0.03366264,0.9981638,0.03520947,0.024314396083355,0,0
153696,0.016666,26.9655401911587,0.1650015,0.1831981,0.3571616,-0.03600076,0.03366264,0.9981638,0.03520947,0.024314396083355,0,0
153700,0.0166687,26.9822088908404,0.1643079,0.1852079,0.357597,-0.03761476,0.03347336,0.9980719,0.03629274,0.0244194641709328,0,0
153702,0.0166654,26.998874289915,0.1643079,0.1852079,0.357597,-0.03761476,0.03347336,0.9980719,0.03629274,0.0244194641709328,0,0
153706,0.0178099,27.0166841894388,0.1632023,0.1876915,0.3580564,-0.03940356,0.0334484,0.9979651,0.03733975,0.0244194641709328,0,0
153708,0.0166657,27.0333498902619,0.1632023,0.1876915,0.3580564,-0.03940356,0.0334484,0.9979651,0.03733975,0.0244194641709328,0,0
153714,0.0166678,27.050017690286,0.1632023,0.1876915,0.3580564,-0.03940356,0.0334484,0.9979651,0.03733975,0.0244227461516857,0,0
153716,0.016666,27.066683690995,0.1617936,0.1900794,0.3582628,-0.04128809,0.03326261,0.9978557,0.03837921,0.0244227461516857,0,0
153720,0.0166686,27.0833522900939,0.1617936,0.1900794,0.3582628,-0.04128809,0.03326261,0.9978557,0.03837921,0.0244227461516857,0,0
153724,0.0166644,27.1000166907907,0.1603659,0.1926728,0.3583286,-0.04310984,0.03341059,0.9977478,0.03904534,0.0244227461516857,0,0
153726,0.0180178,27.1180344913155,0.1603659,0.1926728,0.3583286,-0.04310984,0.03341059,0.9977478,0.03904534,0.0244227461516857,0,0
153730,0.0166672,27.1347016915679,0.1603659,0.1926728,0.3583286,-0.04310984,0.03341059,0.9977478,0.03904534,0.0244227461516857,0,0
153734,0.0166676,27.151369292289,0.1564211,0.1985884,0.3577059,-0.04666563,0.03395573,0.9975361,0.03988771,0.0244227461516857,0,0
153736,0.0166676,27.1680368930101,0.1564211,0.1985884,0.3577059,-0.04666563,0.03395573,0.9975361,0.03988771,0.0244227461516857,0,0
153740,0.0166667,27.184703592211,0.1564211,0.1985884,0.3577059,-0.04666563,0.03395573,0.9975361,0.03988771,0.0244227461516857,0,0
153742,0.0166669,27.2013704925776,0.1536782,0.201927,0.3569975,-0.04837319,0.034186,0.9974335,0.04022043,0.0244227461516857,0,0
153746,0.0166669,27.2180373929441,0.1503493,0.2054929,0.3561426,-0.05002765,0.03434962,0.9973328,0.04055396,0.0244227461516857,0,0
153748,0.0166675,27.2347048930824,0.1503493,0.2054929,0.3561426,-0.05002765,0.03434962,0.9973328,0.04055396,0.0244227461516857,0,0
153754,0.016667,27.2513718921691,0.1462049,0.2091544,0.3553039,-0.05152023,0.03435207,0.9972414,0.04092804,0.0244227461516857,0,0
153756,0.0166657,27.2680375929922,0.1462049,0.2091544,0.3553039,-0.05152023,0.03435207,0.9972414,0.04092804,0.0244260299950838,0,0
153760,0.016668,27.2847055923194,0.1462049,0.2091544,0.3553039,-0.05152023,0.03435207,0.9972414,0.04092804,0.0244260299950838,0,0
153762,0.0166657,27.3013712931424,0.1416516,0.2126469,0.3545632,-0.05256937,0.03427443,0.9971768,0.04123313,0.0244260299950838,0,0
153766,0.0166674,27.3180386926979,0.1416516,0.2126469,0.3545632,-0.05256937,0.03427443,0.9971768,0.04123313,0.0244260299950838,0,0
153768,0.016667,27.3347056917846,0.1416516,0.2126469,0.3545632,-0.05256937,0.03427443,0.9971768,0.04123313,0.0244214329868555,0,0
153774,0.0166673,27.3513729926199,0.1358852,0.2166688,0.3539115,-0.05381786,0.03419413,0.9971023,0.04148933,0.0244214329868555,0,0
153776,0.0166663,27.3680392932147,0.1358852,0.2166688,0.3539115,-0.05381786,0.03419413,0.9971023,0.04148933,0.0244214329868555,0,0
153780,0.0166682,27.3847074937075,0.1231514,0.2239767,0.3533225,-0.05500219,0.03284346,0.9970337,0.04266153,0.0244214329868555,0,0
153782,0.0166662,27.4013736937195,0.1231514,0.2239767,0.3533225,-0.05500219,0.03284346,0.9970337,0.04266153,0.0244214329868555,0,0
153786,0.0166676,27.4180412944406,0.1231514,0.2239767,0.3533225,-0.05500219,0.03284346,0.9970337,0.04266153,0.0244214329868555,0,0
153788,0.0166668,27.4347080942243,0.1159696,0.2276755,0.3532645,-0.0552863,0.03188791,0.9970224,0.04327616,0.0244214329868555,0,0
153792,0.0166669,27.4513749945909,0.1086481,0.2308299,0.3534849,-0.05515228,0.03066327,0.9970425,0.04386484,0.0244214329868555,0,0
153796,0.0166673,27.4680422954261,0.1086481,0.2308299,0.3534849,-0.05515228,0.03066327,0.9970425,0.04386484,0.0244214329868555,0,0
153800,0.016667,27.4847092945129,0.1009394,0.233581,0.3538829,-0.05516202,0.02885033,0.9970552,0.04478464,0.0244214329868555,0,0
153802,0.0166652,27.5013744942844,0.1009394,0.233581,0.3538829,-0.05516202,0.02885033,0.9970552,0.04478464,0.024420777335763,0,0
153806,0.0166678,27.5180422943085,0.1009394,0.233581,0.3538829,-0.05516202,0.02885033,0.9970552,0.04478464,0.024420777335763,0,0
153808,0.0166675,27.5347097944468,0.09335043,0.23608,0.3545677,-0.05440411,0.02734613,0.9971056,0.04552802,0.024420777335763,0,0
153812,0.0166666,27.5513763949275,0.09335043,0.23608,0.3545677,-0.05440411,0.02734613,0.9971056,0.04552802,0.024420777335763,0,0
153816,0.0166668,27.5680431947112,0.09335043,0.23608,0.3545677,-0.05440411,0.02734613,0.9971056,0.04552802,0.024420777335763,0,0
153818,0.016667,27.5847101937979,0.08453787,0.238243,0.3556085,-0.05417883,0.02530502,0.9971271,0.04649653,0.024420777335763,0,0
153822,0.0166666,27.6013767942786,0.08453787,0.238243,0.3556085,-0.05417883,0.02530502,0.9971271,0.04649653,0.024420777335763,0,0
153826,0.0166666,27.6180433947593,0.06861103,0.2413304,0.3581192,-0.05115861,0.02138389,0.9972583,0.04900459,0.024420777335763,0,0
153828,0.016668,27.6347113940865,0.06861103,0.2413304,0.3581192,-0.05115861,0.02138389,0.9972583,0.04900459,0.024420777335763,0,0
153834,0.0166659,27.6513772942126,0.06030824,0.2421116,0.3593936,-0.04902783,0.0190927,0.99735,0.05024698,0.024420777335763,0,0
153836,0.016667,27.6680442932993,0.06030824,0.2421116,0.3593936,-0.04902783,0.0190927,0.99735,0.05024698,0.024420777335763,0,0
153840,0.0166673,27.6847115941346,0.05267375,0.242484,0.3606082,-0.04803775,0.01709888,0.9973834,0.05124879,0.024420777335763,0,0
153842,0.0166665,27.7013780940324,0.05267375,0.242484,0.3606082,-0.04803775,0.01709888,0.9973834,0.05124879,0.024420777335763,0,0
153846,0.0166675,27.7180455941707,0.0460337,0.2426375,0.3617445,-0.04749574,0.01549144,0.9973902,0.05212548,0.024420777335763,0,0
153850,0.0166662,27.7347117941827,0.0460337,0.2426375,0.3617445,-0.04749574,0.01549144,0.9973902,0.05212548,0.024420777335763,0,0
153854,0.0166674,27.7513791937381,0.03958717,0.2427449,0.3629026,-0.04519784,0.01397249,0.9974521,0.05339769,0.024420777335763,0,0
153856,0.016666,27.768045194447,0.03958717,0.2427449,0.3629026,-0.04519784,0.01397249,0.9974521,0.05339769,0.0244201198220253,0,0
153860,0.0166673,27.7847124952823,0.03958717,0.2427449,0.3629026,-0.04519784,0.01397249,0.9974521,0.05339769,0.0244201198220253,0,0
153862,0.0166674,27.8013798948377,0.03958717,0.2427449,0.3629026,-0.04519784,0.01397249,0.9974521,0.05339769,0.0244201198220253,0,0
153866,0.0166665,27.8180463947356,0.03426316,0.2428662,0.3640226,-0.04295005,0.01268337,0.9974983,0.05469487,0.0244201198220253,0,0
153868,0.0166667,27.8347130939364,0.03426316,0.2428662,0.3640226,-0.04295005,0.01268337,0.9974983,0.05469487,0.0244194641709328,0,0
153874,0.0166678,27.8513808939606,0.02521886,0.2430421,0.3660099,-0.0379489,0.009812737,0.9976018,0.05704599,0.0244194641709328,0,0
153876,0.0166663,27.8680471945554,0.02521886,0.2430421,0.3660099,-0.0379489,0.009812737,0.9976018,0.05704599,0.0244194641709328,0,0
153880,0.0166669,27.8847140949219,0.02521886,0.2430421,0.3660099,-0.0379489,0.009812737,0.9976018,0.05704599,0.0244194641709328,0,0
153882,0.0166654,27.9013794939965,0.02149122,0.2431163,0.3668396,-0.03697642,0.008630617,0.9975884,0.05810055,0.0244194641709328,0,0
153888,0.0166679,27.9180473946035,0.01829791,0.2431814,0.3676387,-0.03410172,0.007539032,0.9976395,0.05912319,0.0244194641709328,0,0
153890,0.0166662,27.9347135946155,0.01829791,0.2431814,0.3676387,-0.03410172,0.007539032,0.9976395,0.05912319,0.0244194641709328,0,0
153894,0.0166678,27.9513813946396,0.01528021,0.243205,0.3684243,-0.03031744,0.006449019,0.9977037,0.06022064,0.0244194641709328,0,0
153896,0.0166666,27.9680479951203,0.01528021,0.243205,0.3684243,-0.03031744,0.006449019,0.9977037,0.06022064,0.0244194641709328,0,0
153900,0.0166669,27.9847148954868,0.01528021,0.243205,0.3684243,-0.03031744,0.006449019,0.9977037,0.06022064,0.0244194641709328,0,0
153902,0.0166679,28.0013827960938,0.01215059,0.2431534,0.3691582,-0.02861749,0.005433682,0.9977152,0.06095771,0.0244194641709328,0,0
153906,0.0166662,28.0180489961058,0.01215059,0.2431534,0.3691582,-0.02861749,0.005433682,0.9977152,0.06095771,0.0244194641709328,0,0
153910,0.0166675,28.0347164962441,0.01215059,0.2431534,0.3691582,-0.02861749,0.005433682,0.9977152,0.06095771,0.0244194641709328,0,0
153914,0.0166661,28.0513825956732,0.008787896,0.2429672,0.3698833,-0.02712053,0.004443593,0.9977218,0.06161131,0.0244194641709328,0,0
153916,0.0166667,28.0680492948741,0.008787896,0.2429672,0.3698833,-0.02712053,0.004443593,0.9977218,0.06161131,0.0244194641709328,0,0
153920,0.0166673,28.0847165957093,0.002371039,0.2422638,0.3712778,-0.02204597,0.002487393,0.9977768,0.06284295,0.0244194641709328,0,0
153922,0.0166662,28.1013827957213,0.002371039,0.2422638,0.3712778,-0.02204597,0.002487393,0.9977768,0.06284295,0.0244194641709328,0,0
153926,0.0166672,28.1180499959737,0.002371039,0.2422638,0.3712778,-0.02204597,0.002487393,0.9977768,0.06284295,0.0244194641709328,0,0
153930,0.0166668,28.1347167957574,-0.0003816824,0.2417834,0.3719,-0.01992221,0.001508968,0.9977795,0.0635367,0.0244194641709328,0,0
153934,0.0166676,28.1513843964785,-0.003882996,0.2411128,0.3727441,-0.01652346,0.0001630543,0.9977785,0.06453703,0.0244194641709328,0,0
153936,0.0166667,28.1680510956794,-0.003882996,0.2411128,0.3727441,-0.01652346,0.0001630543,0.9977785,0.06453703,0.0244194641709328,0,0
153940,0.0166671,28.184718195349,-0.006750256,0.2405305,0.3735378,-0.01515965,-0.0008565517,0.9977422,0.0654212,0.0244194641709328,0,0
153942,0.0166684,28.2013865951449,-0.006750256,0.2405305,0.3735378,-0.01515965,-0.0008565517,0.9977422,0.0654212,0.0244194641709328,0,0
153946,0.0166654,28.2180519942194,-0.006750256,0.2405305,0.3735378,-0.01515965,-0.0008565517,0.9977422,0.0654212,0.0244194641709328,0,0
153948,0.0166674,28.2347193937749,-0.009132016,0.2399288,0.374315,-0.01291749,-0.001806373,0.9976962,0.06657491,0.0244194641709328,0,0
153954,0.0166664,28.2513857930899,-0.009132016,0.2399288,0.374315,-0.01291749,-0.001806373,0.9976962,0.06657491,0.0244194641709328,0,0
153956,0.0166665,28.2680522929877,-0.009132016,0.2399288,0.374315,-0.01291749,-0.001806373,0.9976962,0.06657491,0.0244188066571951,0,0
153960,0.0166669,28.2847191933542,-0.01147784,0.2393938,0.3751289,-0.009680985,-0.002703681,0.9976435,0.06786973,0.0244188066571951,0,0
153962,0.0166664,28.3013855926692,-0.01147784,0.2393938,0.3751289,-0.009680985,-0.002703681,0.9976435,0.06786973,0.0244188066571951,0,0
153966,0.0166679,28.3180534932762,-0.01613643,0.2382833,0.3765378,-0.006516488,-0.004367727,0.997524,0.06988835,0.0244188066571951,0,0
153970,0.0166655,28.3347189929336,-0.01613643,0.2382833,0.3765378,-0.006516488,-0.004367727,0.997524,0.06988835,0.0244181491434574,0,0
153974,0.0166682,28.3513871934265,-0.01613643,0.2382833,0.3765378,-0.006516488,-0.004367727,0.997524,0.06988835,0.0244181491434574,0,0
153976,0.0166656,28.3680527936667,-0.01801192,0.2377016,0.3770631,-0.003064047,-0.005227191,0.9974514,0.07109072,0.0244181491434574,0,0
153980,0.0166671,28.3847198933363,-0.01957629,0.2372233,0.3775192,-0.0008441485,-0.005920413,0.9973798,0.0720961,0.0244181491434574,0,0
153982,0.016667,28.401386892423,-0.01957629,0.2372233,0.3775192,-0.0008441485,-0.005920413,0.9973798,0.0720961,0.0244181491434574,0,0
153988,0.0166676,28.4180544931442,-0.0212073,0.2367471,0.3779809,0.0008630512,-0.006571604,0.9973077,0.07303005,0.0244181491434574,0,0
153990,0.016666,28.4347204938531,-0.0212073,0.2367471,0.3779809,0.0008630512,-0.006571604,0.9973077,0.07303005,0.0244181491434574,0,0
153994,0.0166789,28.4513993933797,-0.02206556,0.2364419,0.3782699,0.002713461,-0.006969051,0.997248,0.07376016,0.0244181491434574,0,0
153996,0.0177241,28.46912349388,-0.02206556,0.2364419,0.3782699,0.002713461,-0.006969051,0.997248,0.07376016,0.0244181491434574,0,0
154002,0.0166682,28.4857916943729,-0.02206556,0.2364419,0.3782699,0.002713461,-0.006969051,0.997248,0.07376016,0.0244181491434574,0,0
154004,0.0220743,28.5078659951687,-0.02283129,0.2361409,0.3785995,0.006593497,-0.007365178,0.9971454,0.07485488,0.0244181491434574,0,0
154008,0.0166672,28.5245331954211,-0.02283129,0.2361409,0.3785995,0.006593497,-0.007365178,0.9971454,0.07485488,0.0244181491434574,0,0
154010,0.0166679,28.5412010960281,-0.02283129,0.2361409,0.3785995,0.006593497,-0.007365178,0.9971454,0.07485488,0.0244181491434574,0,0
154016,0.0166655,28.5578665956855,-0.02388389,0.2361083,0.3792607,0.01181323,-0.006894929,0.9970142,0.07599813,0.0244181491434574,0,0
154018,0.0166672,28.5745337959379,-0.02388389,0.2361083,0.3792607,0.01181323,-0.006894929,0.9970142,0.07599813,0.0244181491434574,0,0
154022,0.0166664,28.5912001952529,-0.02432468,0.2364142,0.3797334,0.01428049,-0.005812568,0.9969668,0.07628535,0.0244181491434574,0,0
154024,0.0166678,28.607867995277,-0.024557,0.2369261,0.3803497,0.01730585,-0.004064361,0.9969058,0.0765689,0.0244181491434574,0,0
154028,0.0166667,28.6245346944779,-0.024557,0.2369261,0.3803497,0.01730585,-0.004064361,0.9969058,0.0765689,0.0244181491434574,0,0
154030,0.0166669,28.6412015948445,-0.024557,0.2369261,0.3803497,0.01730585,-0.004064361,0.9969058,0.0765689,0.0244181491434574,0,0
154034,0.0166667,28.6578682940453,-0.02451662,0.2374922,0.3810319,0.02185388,-0.001830427,0.996782,0.07710212,0.0244181491434574,0,0
154038,0.0166662,28.6745344940573,-0.02451662,0.2374922,0.3810319,0.02185388,-0.001830427,0.996782,0.07710212,0.0244181491434574,0,0
154040,0.0166678,28.6912022940815,-0.02451662,0.2374922,0.3810319,0.02185388,-0.001830427,0.996782,0.07710212,0.0244181491434574,0,0
154044,0.0166681,28.7078703939915,-0.02456899,0.2381145,0.381744,0.02527349,0.001185889,0.9966897,0.07726256,0.0244181491434574,0,0
154044,0.0166664,28.7245367933065,-0.02456899,0.2381145,0.381744,0.02527349,0.001185889,0.9966897,0.07726256,0.0244181491434574,0,0
154050,0.0166724,28.7412091940641,-0.02438881,0.2386216,0.3823168,0.0293565,0.004111538,0.9965628,0.07735523,0.0244181491434574,0,0
154054,0.0166616,28.7578707933426,-0.02438881,0.2386216,0.3823168,0.0293565,0.004111538,0.9965628,0.07735523,0.0244181491434574,0,0
154058,0.0166672,28.774537993595,-0.02379777,0.239871,0.3835504,0.03839089,0.01148989,0.9962603,0.0765481,0.0270211771130562,0,0
154064,0.0166673,28.7912052944303,-0.02379777,0.239871,0.3835504,0.03839089,0.01148989,0.9962603,0.0765481,0.0270211771130562,0,0
154070,0.030549,28.8217542935163,-0.02328424,0.2405585,0.3839485,0.04320426,0.01530042,0.9960682,0.07581128,0.0270211771130562,0,0
154074,0.0214792,28.8432334940881,-0.02269953,0.2413937,0.3841989,0.04807443,0.01948703,0.9958472,0.07481629,0.0270211771130562,0,0
154078,0.0253771,28.8686105944216,-0.02269953,0.2413937,0.3841989,0.04807443,0.01948703,0.9958472,0.07481629,0.0270211771130562,0,0
154078,0.0205083,28.8891188949347,-0.02214325,0.242096,0.3841481,0.05251632,0.02326236,0.9956231,0.07372656,0.0270211771130562,0,0
154082,0.0166685,28.9057873953134,-0.02214325,0.242096,0.3841481,0.05251632,0.02326236,0.9956231,0.07372656,0.0270211771130562,0,0
154088,0.0166672,28.9224545955658,-0.02155526,0.2427696,0.3838053,0.05702883,0.02719032,0.9953774,0.07233358,0.0270211771130562,0,0
154090,0.0166665,28.9391210954636,-0.02155526,0.2427696,0.3838053,0.05702883,0.02719032,0.9953774,0.07233358,0.0374674312770367,0,0
154094,0.0166672,28.955788295716,-0.02155526,0.2427696,0.3838053,0.05702883,0.02719032,0.9953774,0.07233358,0.0374674312770367,0,0
154098,0.0166673,28.9724555965513,-0.0204653,0.2440834,0.3823935,0.06607055,0.03471969,0.994806,0.0692118,0.0374674312770367,0,0
154102,0.0200227,28.9924782961607,-0.0204653,0.2440834,0.3823935,0.06607055,0.03471969,0.994806,0.0692118,0.0374674312770367,0,0
154104,0.0166675,29.009145796299,-0.0204653,0.2440834,0.3823935,0.06607055,0.03471969,0.994806,0.0692118,0.0374674312770367,0,0
154108,0.0166694,29.0258151963353,-0.01988646,0.2448178,0.3815379,0.07016858,0.03842282,0.9944966,0.06764982,0.0374674312770367,0,0
154110,0.0171253,29.0429404955357,-0.01988646,0.2448178,0.3815379,0.07016858,0.03842282,0.9944966,0.06764982,0.0374674312770367,0,0
154116,0.0166676,29.0596080962569,-0.01917493,0.2454988,0.3806066,0.07389639,0.04186875,0.9941862,0.06618275,0.0374674312770367,0,0
154118,0.0176421,29.0772501956671,-0.01917493,0.2454988,0.3806066,0.07389639,0.04186875,0.9941862,0.06618275,0.0374674312770367,0,0
154122,0.0166692,29.0939193964005,-0.01835867,0.246253,0.379521,0.07757574,0.04548363,0.9938486,0.06463973,0.0374674312770367,0,0
154124,0.0166648,29.1105841957033,-0.01835867,0.246253,0.379521,0.07757574,0.04548363,0.9938486,0.06463973,0.0374674312770367,0,0
154128,0.0166683,29.1272524949163,-0.01727631,0.2470208,0.3783692,0.08112586,0.04873139,0.9934984,0.06328363,0.0374674312770367,0,0
154130,0.0166654,29.1439178939909,-0.01727631,0.2470208,0.3783692,0.08112586,0.04873139,0.9934984,0.06328363,0.0394367724657059,0,0
154136,0.0166686,29.1605864930898,-0.01727631,0.2470208,0.3783692,0.08112586,0.04873139,0.9934984,0.06328363,0.0394367724657059,0,0
154138,0.0166672,29.1772536933422,-0.01560912,0.2477898,0.3772273,0.08444829,0.05183877,0.9931437,0.06202186,0.0394367724657059,0,0
154142,0.0166665,29.19392019324,-0.01560912,0.2477898,0.3772273,0.08444829,0.05183877,0.9931437,0.06202186,0.0394367724657059,0,0
154144,0.0166653,29.2105854935944,-0.01560912,0.2477898,0.3772273,0.08444829,0.05183877,0.9931437,0.06202186,0.0394367724657059,0,0
154148,0.0166681,29.2272535935044,-0.01030323,0.2494059,0.3751249,0.09094726,0.05740204,0.9924069,0.05968316,0.0394367724657059,0,0
154150,0.0166683,29.2439218927175,-0.01030323,0.2494059,0.3751249,0.09094726,0.05740204,0.9924069,0.05968316,0.0394367724657059,0,0
154154,0.0166666,29.2605884931982,-0.006152909,0.2503123,0.3741577,0.09443305,0.06015848,0.9919886,0.05849737,0.0394367724657059,0,0
154158,0.0166664,29.2772548925132,-0.0007301918,0.2511795,0.3732347,0.09789427,0.06265124,0.9915628,0.05739971,0.0394367724657059,0,0
154160,0.0166689,29.2939237933606,-0.0007301918,0.2511795,0.3732347,0.09789427,0.06265124,0.9915628,0.05739971,0.0394367724657059,0,0
154164,0.0166648,29.3105885926634,-0.0007301918,0.2511795,0.3732347,0.09789427,0.06265124,0.9915628,0.05739971,0.0394367724657059,0,0
154168,0.0166669,29.32725549303,0.005304902,0.25198,0.3724917,0.1007285,0.06487767,0.991187,0.05650665,0.0394367724657059,0,0
154170,0.0166668,29.3439222928137,0.005304902,0.25198,0.3724917,0.1007285,0.06487767,0.991187,0.05650665,0.0394367724657059,0,0
154176,0.0166672,29.3605894930661,0.01208083,0.2526554,0.3718894,0.1032597,0.06682724,0.9908392,0.05576139,0.0394367724657059,0,0
154180,0.0166653,29.3772547934204,0.01208083,0.2526554,0.3718894,0.1032597,0.06682724,0.9908392,0.05576139,0.0394367724657059,0,0
154180,0.0166668,29.3939215932041,0.01208083,0.2526554,0.3718894,0.1032597,0.06682724,0.9908392,0.05576139,0.0394367724657059,0,0
154186,0.0166682,29.410589793697,0.02031788,0.253193,0.3713503,0.1057243,0.06873403,0.99049,0.05502378,0.0394367724657059,0,0
154188,0.0189484,29.4295381940901,0.02031788,0.253193,0.3713503,0.1057243,0.06873403,0.99049,0.05502378,0.0398852750658989,0,0
154194,0.0166671,29.4462052937597,0.03779444,0.2534552,0.3701839,0.1086659,0.07166561,0.9900395,0.05364395,0.0398852750658989,0,0
154196,0.0176518,29.4638570938259,0.03779444,0.2534552,0.3701839,0.1086659,0.07166561,0.9900395,0.05364395,0.0398852750658989,0,0
154200,0.0166691,29.4805261939764,0.03779444,0.2534552,0.3701839,0.1086659,0.07166561,0.9900395,0.05364395,0.0398852750658989,0,0
154202,0.01678,29.4973061941564,0.04621913,0.2533074,0.3695178,0.1095222,0.07270575,0.9899008,0.05305766,0.0398852750658989,0,0
154204,0.0166677,29.5139738935977,0.05567437,0.2529975,0.3688171,0.1099667,0.07369477,0.9898181,0.0523114,0.0398852750658989,0,0
154208,0.0166673,29.530641194433,0.05567437,0.2529975,0.3688171,0.1099667,0.07369477,0.9898181,0.0523114,0.0398852750658989,0,0
154214,0.0166849,29.5473260935396,0.06464128,0.2525139,0.3684063,0.1098502,0.07449744,0.9897984,0.05178941,0.0398852750658989,0,0
154216,0.0193161,29.5666421931237,0.06464128,0.2525139,0.3684063,0.1098502,0.07449744,0.9897984,0.05178941,0.0398852750658989,0,0
154222,0.0166688,29.5833109933883,0.06464128,0.2525139,0.3684063,0.1098502,0.07449744,0.9897984,0.05178941,0.0398852750658989,0,0
154224,0.0191532,29.6024641934782,0.07382002,0.2518073,0.368364,0.1097763,0.07518195,0.9897711,0.05147887,0.0398852750658989,0,0
154228,0.016669,29.6191331930459,0.07382002,0.2518073,0.368364,0.1097763,0.07518195,0.9897711,0.05147887,0.0398852750658989,0,0
154230,0.0187482,29.6378813926131,0.07382002,0.2518073,0.368364,0.1097763,0.07518195,0.9897711,0.05147887,0.0398852750658989,0,0
154234,0.0168172,29.654698593542,0.09084854,0.2499126,0.3697582,0.1083124,0.07622857,0.9898642,0.05124906,0.0398852750658989,0,0
154238,0.0177776,29.6724761929363,0.09084854,0.2499126,0.3697582,0.1083124,0.07622857,0.9898642,0.05124906,0.0398852750658989,0,0
154242,0.0166672,29.6891433931887,0.09862658,0.248604,0.3710915,0.107067,0.07646754,0.9899744,0.05138151,0.0398852750658989,0,0
154244,0.0166664,29.7058097925037,0.1062819,0.247239,0.3726559,0.1061706,0.07674144,0.9900405,0.05155913,0.0398852750658989,0,0
154248,0.0166678,29.7224775925279,0.1062819,0.247239,0.3726559,0.1061706,0.07674144,0.9900405,0.05155913,0.0398852750658989,0,0
154250,0.0166666,29.7391441930085,0.1062819,0.247239,0.3726559,0.1061706,0.07674144,0.9900405,0.05155913,0.0398852750658989,0,0
154256,0.0166688,29.7558129932731,0.1135123,0.2457394,0.3743041,0.1047117,0.07694962,0.9901739,0.05167137,0.0398852750658989,0,0
154258,0.0188648,29.774677792564,0.1135123,0.2457394,0.3743041,0.1047117,0.07694962,0.9901739,0.05167137,0.0398859344422817,0,0
154262,0.0166684,29.7913461923599,0.1211079,0.2441029,0.376175,0.1033006,0.07717969,0.9903002,0.0517465,0.0398859344422817,0,0
154264,0.0166656,29.8080117926002,0.1211079,0.2441029,0.376175,0.1033006,0.07717969,0.9903002,0.0517465,0.0398859344422817,0,0
154268,0.016667,29.8246787916869,0.1211079,0.2441029,0.376175,0.1033006,0.07717969,0.9903002,0.0517465,0.0398859344422817,0,0
154270,0.0166844,29.8413631916046,0.1275159,0.2426865,0.3777677,0.1016002,0.07751696,0.9904574,0.05160108,0.0398846194148064,0,0
154276,0.0183382,29.8597013913095,0.1275159,0.2426865,0.3777677,0.1016002,0.07751696,0.9904574,0.05160108,0.0398846194148064,0,0
154278,0.0166673,29.8763686921448,0.1390718,0.2401752,0.3805124,0.09774359,0.07822798,0.9908149,0.05111282,0.0398846194148064,0,0
154282,0.0166681,29.8930367920548,0.1390718,0.2401752,0.3805124,0.09774359,0.07822798,0.9908149,0.05111282,0.0398846194148064,0,0
154284,0.0170981,29.9101348929107,0.1390718,0.2401752,0.3805124,0.09774359,0.07822798,0.9908149,0.05111282,0.0398846194148064,0,0
154288,0.0166686,29.9268034920096,0.1441081,0.239299,0.3817406,0.09566385,0.07883447,0.9909903,0.05071171,0.0398846194148064,0,0
154292,0.0166653,29.943468792364,0.1482338,0.2384205,0.3827172,0.09333193,0.07919632,0.9912022,0.05035217,0.0398846194148064,0,0
154294,0.0166683,29.9601370915771,0.1482338,0.2384205,0.3827172,0.09333193,0.07919632,0.9912022,0.05035217,0.0398846194148064,0,0
154298,0.016667,29.9768040906638,0.1482338,0.2384205,0.3827172,0.09333193,0.07919632,0.9912022,0.05035217,0.0398846194148064,0,0
154300,0.0166663,29.9934703912586,0.1515012,0.2379301,0.3836713,0.0909329,0.07979681,0.9913977,0.04994155,0.0398846194148064,0,0
154304,0.016667,30.0101373903453,0.1515012,0.2379301,0.3836713,0.0909329,0.07979681,0.9913977,0.04994155,0.0398846194148064,0,0
154308,0.0166672,30.0268045905977,0.1546066,0.2374891,0.3845699,0.0885829,0.08039394,0.9915834,0.04952058,0.0398846194148064,0,0
154310,0.0166666,30.0434711910784,0.1546066,0.2374891,0.3845699,0.0885829,0.08039394,0.9915834,0.04952058,0.0398846194148064,0,0
154316,0.0166669,30.060138091445,0.1546066,0.2374891,0.3845699,0.0885829,0.08039394,0.9915834,0.04952058,0.0398846194148064,0,0
154318,0.0166655,30.0768035911024,0.1571887,0.2371527,0.3854248,0.08605518,0.08098403,0.9917785,0.04910709,0.0398846194148064,0,0
154322,0.0166682,30.0934717915952,0.1571887,0.2371527,0.3854248,0.08605518,0.08098403,0.9917785,0.04910709,0.0398846194148064,0,0
154324,0.016666,30.1101377923042,0.1571887,0.2371527,0.3854248,0.08605518,0.08098403,0.9917785,0.04910709,0.0398846194148064,0,0
154328,0.0166683,30.1268060915172,0.1611725,0.2363849,0.3872883,0.08084448,0.08186888,0.9921715,0.04855178,0.0398846194148064,0,0
154330,0.0166663,30.143472392112,0.1611725,0.2363849,0.3872883,0.08084448,0.08186888,0.9921715,0.04855178,0.0398846194148064,0,0
154334,0.0166675,30.1601398922503,0.1627763,0.2360912,0.3884803,0.07810709,0.08238014,0.99236,0.04831561,0.0398846194148064,0,0
154338,0.0166655,30.1768053919077,0.1639131,0.2356634,0.3897817,0.07539216,0.08270022,0.9925495,0.04818892,0.0398846194148064,0,0
154342,0.0166681,30.1934734918177,0.1639131,0.2356634,0.3897817,0.07539216,0.08270022,0.9925495,0.04818892,0.0398846194148064,0,0
154344,0.016666,30.2101394925267,0.1639131,0.2356634,0.3897817,0.07539216,0.08270022,0.9925495,0.04818892,0.0398846194148064,0,0
154348,0.0166684,30.2268078923225,0.1646036,0.2352289,0.3912937,0.07255572,0.08298216,0.9927403,0.04812758,0.0398846194148064,0,0
154350,0.0166657,30.2434735931456,0.1646036,0.2352289,0.3912937,0.07255572,0.08298216,0.9927403,0.04812758,0.0398846194148064,0,0
154356,0.0166672,30.260140793398,0.164959,0.2347955,0.3927296,0.06986878,0.08316109,0.992918,0.04812917,0.0398846194148064,0,0
154358,0.016667,30.2768077924848,0.164959,0.2347955,0.3927296,0.06986878,0.08316109,0.992918,0.04812917,0.0398846194148064,0,0
154362,0.0166655,30.2934732921422,0.164959,0.2347955,0.3927296,0.06986878,0.08316109,0.992918,0.04812917,0.0398846194148064,0,0
154364,0.0166667,30.310139991343,0.165118,0.2343357,0.3941403,0.06703255,0.08328027,0.9931017,0.04816595,0.0398846194148064,0,0
154368,0.0166698,30.3268097918481,0.165118,0.2343357,0.3941403,0.06703255,0.08328027,0.9931017,0.04816595,0.0398846194148064,0,0
154372,0.0166635,30.3434732910246,0.1645091,0.2339061,0.3970295,0.06135861,0.08383786,0.9934185,0.04822964,0.0398846194148064,0,0
154376,0.0166677,30.3601409904659,0.1645091,0.2339061,0.3970295,0.06135861,0.08383786,0.9934185,0.04822964,0.0398846194148064,0,0
154378,0.0166685,30.3768094908446,0.1645091,0.2339061,0.3970295,0.06135861,0.08383786,0.9934185,0.04822964,0.0398846194148064,0,0
154382,0.0166655,30.393474990502,0.1635514,0.2336688,0.3983965,0.05836441,0.08393761,0.9935828,0.04838686,0.0398846194148064,0,0
154386,0.0166663,30.4101412910968,0.1624955,0.233498,0.3995042,0.05585353,0.08398478,0.9937151,0.04855125,0.0398846194148064,0,0
154388,0.0191436,30.4292848911136,0.1624955,0.233498,0.3995042,0.05585353,0.08398478,0.9937151,0.04855125,0.0398846194148064,0,0
154390,0.0166676,30.4459524918348,0.1611342,0.233367,0.4005896,0.05331548,0.08399024,0.9938438,0.0487605,0.0398846194148064,0,0
154396,0.0166671,30.4626195915043,0.1611342,0.233367,0.4005896,0.05331548,0.08399024,0.9938438,0.0487605,0.0398846194148064,0,0
154398,0.0166686,30.4792881906033,0.1611342,0.233367,0.4005896,0.05331548,0.08399024,0.9938438,0.0487605,0.0398846194148064,0,0
154402,0.0166653,30.4959534909576,0.1595164,0.2332845,0.4016578,0.05074883,0.08398554,0.9939671,0.04899514,0.0398846194148064,0,0
154404,0.0166672,30.51262069121,0.1595164,0.2332845,0.4016578,0.05074883,0.08398554,0.9939671,0.04899514,0.0398846194148064,0,0
154408,0.0166673,30.5292879920453,0.1595164,0.2332845,0.4016578,0.05074883,0.08398554,0.9939671,0.04899514,0.0398846194148064,0,0
154410,0.0166662,30.5459541920573,0.1581377,0.2332529,0.4025958,0.04881391,0.08401895,0.9940506,0.04920816,0.0398846194148064,0,0
154416,0.016667,30.562621191144,0.1581377,0.2332529,0.4025958,0.04881391,0.08401895,0.9940506,0.04920816,0.0398846194148064,0,0
154418,0.0166658,30.5792869906873,0.1547103,0.2331379,0.4050904,0.0444151,0.08415367,0.9942123,0.04987253,0.0398846194148064,0,0
154422,0.0166673,30.5959542915225,0.1547103,0.2331379,0.4050904,0.0444151,0.08415367,0.9942123,0.04987253,0.0398846194148064,0,0
154424,0.0166687,30.6126229912043,0.1547103,0.2331379,0.4050904,0.0444151,0.08415367,0.9942123,0.04987253,0.0398846194148064,0,0
154428,0.0166669,30.6292898915708,0.1529899,0.2329105,0.406473,0.04257672,0.08415656,0.9942652,0.05041489,0.0398846194148064,0,0
154432,0.0166678,30.645957691595,0.1510983,0.2323913,0.4081115,0.04083008,0.08394605,0.9943169,0.05118451,0.0398846194148064,0,0
154436,0.0166669,30.6626245919615,0.1510983,0.2323913,0.4081115,0.04083008,0.08394605,0.9943169,0.05118451,0.0398846194148064,0,0
154438,0.0166669,30.679291492328,0.1510983,0.2323913,0.4081115,0.04083008,0.08394605,0.9943169,0.05118451,0.0398846194148064,0,0
154442,0.0166662,30.69595769234,0.1494283,0.2316829,0.409828,0.03955477,0.0836135,0.9943521,0.05203991,0.0398846194148064,0,0
154444,0.0166672,30.7126248925924,0.1494283,0.2316829,0.409828,0.03955477,0.0836135,0.9943521,0.05203991,0.0398846194148064,0,0
154448,0.0166666,30.7292914930731,0.147889,0.2308472,0.4118674,0.03838817,0.08328957,0.9943768,0.05295304,0.0398846194148064,0,0
154450,0.0166662,30.7459576930851,0.147889,0.2308472,0.4118674,0.03838817,0.08328957,0.9943768,0.05295304,0.0398846194148064,0,0
154456,0.0166677,30.7626253925264,0.147889,0.2308472,0.4118674,0.03838817,0.08328957,0.9943768,0.05295304,0.0398846194148064,0,0
154458,0.0166659,30.7792912926525,0.1466074,0.229747,0.4138895,0.03766198,0.08278903,0.994391,0.05398291,0.0398846194148064,0,0
154462,0.0166674,30.7959586922079,0.1466074,0.229747,0.4138895,0.03766198,0.08278903,0.994391,0.05398291,0.0398846194148064,0,0
154464,0.0166675,30.8126261923462,0.1466074,0.229747,0.4138895,0.03766198,0.08278903,0.994391,0.05398291,0.0398846194148064,0,0
154468,0.0166672,30.8292933925986,0.1450513,0.226831,0.4183078,0.03638214,0.08164426,0.9944192,0.05604461,0.0398846194148064,0,0
154472,0.016666,30.8459593933076,0.1450513,0.226831,0.4183078,0.03638214,0.08164426,0.9944192,0.05604461,0.0398846194148064,0,0
154476,0.016668,30.8626273926347,0.1449102,0.225669,0.4204173,0.03592313,0.08139441,0.9944145,0.05678308,0.0398846194148064,0,0
154478,0.0166664,30.8792937919497,0.1449746,0.2245005,0.4224891,0.0355266,0.08112948,0.9944121,0.05744883,0.0398846194148064,0,0
154482,0.0166668,30.8959605917335,0.1449746,0.2245005,0.4224891,0.0355266,0.08112948,0.9944121,0.05744883,0.0398846194148064,0,0
154484,0.0169105,30.9128710925579,0.1449746,0.2245005,0.4224891,0.0355266,0.08112948,0.9944121,0.05744883,0.0398846194148064,0,0
154488,0.0166659,30.929536992684,0.145244,0.2233242,0.4242915,0.03501178,0.08082061,0.9944226,0.05801611,0.0398846194148064,0,0
154490,0.0166663,30.9462032932788,0.145244,0.2233242,0.4242915,0.03501178,0.08082061,0.9944226,0.05801611,0.0398846194148064,0,0
154496,0.0166672,30.9628704935312,0.1457083,0.2224094,0.425749,0.03444068,0.08068174,0.9944321,0.05838809,0.0398846194148064,0,0
154498,0.0166664,30.9795368928462,0.1457083,0.2224094,0.425749,0.03444068,0.08068174,0.9944321,0.05838809,0.0398846194148064,0,0
154502,0.0166675,30.9962043929845,0.1457083,0.2224094,0.425749,0.03444068,0.08068174,0.9944321,0.05838809,0.0398846194148064,0,0
154504,0.0166663,31.0128706935793,0.1472747,0.2209978,0.4277213,0.0330582,0.08063587,0.9944607,0.05876121,0.0398846194148064,0,0
154508,0.0166676,31.0295382943004,0.1472747,0.2209978,0.4277213,0.0330582,0.08063587,0.9944607,0.05876121,0.0398846194148064,0,0
154510,0.0166669,31.046205194667,0.1472747,0.2209978,0.4277213,0.0330582,0.08063587,0.9944607,0.05876121,0.0398846194148064,0,0
154516,0.0166663,31.0628714952618,0.1484371,0.2204055,0.4283084,0.03213103,0.08068304,0.9944853,0.05879474,0.0398846194148064,0,0
154518,0.0166671,31.0795385949314,0.1499228,0.2199764,0.4285561,0.03092859,0.08083727,0.9945181,0.05867247,0.0398846194148064,0,0
154522,0.0166669,31.0962054952979,0.1499228,0.2199764,0.4285561,0.03092859,0.08083727,0.9945181,0.05867247,0.0398846194148064,0,0
154524,0.0166661,31.112871594727,0.1499228,0.2199764,0.4285561,0.03092859,0.08083727,0.9945181,0.05867247,0.0398846194148064,0,0
154528,0.0166674,31.1295389942825,0.1521224,0.2196992,0.4286727,0.0293276,0.0811588,0.9945537,0.05844798,0.0398846194148064,0,0
154530,0.016667,31.1462059933692,0.1521224,0.2196992,0.4286727,0.0293276,0.0811588,0.9945537,0.05844798,0.0398846194148064,0,0
154536,0.0166675,31.1628734935075,0.1545152,0.219608,0.4287087,0.02750818,0.08163752,0.9945856,0.05812099,0.0398846194148064,0,0
154538,0.0166663,31.1795397941023,0.1545152,0.219608,0.4287087,0.02750818,0.08163752,0.9945856,0.05812099,0.0398846194148064,0,0
154542,0.0166671,31.1962068937719,0.1545152,0.219608,0.4287087,0.02750818,0.08163752,0.9945856,0.05812099,0.0398846194148064,0,0
154544,0.0166665,31.2128733936697,0.1545152,0.219608,0.4287087,0.02750818,0.08163752,0.9945856,0.05812099,0.0398846194148064,0,0
154548,0.0166669,31.2295402940363,0.1604922,0.2194046,0.4287117,0.02325491,0.08261661,0.9946477,0.05752949,0.0398846194148064,0,0
154550,0.0166661,31.2462063934654,0.1604922,0.2194046,0.4287117,0.02325491,0.08261661,0.9946477,0.05752949,0.0398846194148064,0,0
154556,0.0166678,31.2628741934896,0.1636665,0.2191922,0.42897,0.02076189,0.08315255,0.9946713,0.05730275,0.0398846194148064,0,0
154558,0.0166667,31.2795408926904,0.166738,0.2189231,0.4293863,0.01822512,0.08368995,0.9946866,0.05711791,0.0398846194148064,0,0
154562,0.0166678,31.2962086927146,0.166738,0.2189231,0.4293863,0.01822512,0.08368995,0.9946866,0.05711791,0.0398846194148064,0,0
154564,0.0166664,31.3128750920296,0.166738,0.2189231,0.4293863,0.01822512,0.08368995,0.9946866,0.05711791,0.0398846194148064,0,0
154568,0.0166672,31.329542292282,0.1702749,0.2184673,0.4301129,0.01532183,0.08437964,0.9946907,0.05688348,0.0398852750658989,0,0
154570,0.016666,31.3462082929909,0.1702749,0.2184673,0.4301129,0.01532183,0.08437964,0.9946907,0.05688348,0.0398852750658989,0,0
154576,0.0166674,31.3628756925464,0.1732105,0.2178817,0.4309164,0.01286481,0.08487437,0.9946887,0.05679114,0.0398852750658989,0,0
154578,0.0166663,31.3795419931412,0.1732105,0.2178817,0.4309164,0.01286481,0.08487437,0.9946887,0.05679114,0.0398852750658989,0,0
154582,0.0166673,31.3962092939764,0.1732105,0.2178817,0.4309164,0.01286481,0.08487437,0.9946887,0.05679114,0.0398852750658989,0,0
154584,0.0166667,31.4128759931773,0.1790081,0.2164241,0.4333108,0.007079278,0.08626515,0.9946492,0.05640211,0.0398852750658989,0,0
154588,0.0166669,31.4295428935438,0.1790081,0.2164241,0.4333108,0.007079278,0.08626515,0.9946492,0.05640211,0.0398852750658989,0,0
154590,0.0166669,31.4462097939104,0.1790081,0.2164241,0.4333108,0.007079278,0.08626515,0.9946492,0.05640211,0.0398852750658989,0,0
154596,0.0166699,31.4628796931356,0.18154,0.2156261,0.4345927,0.004402997,0.08693928,0.9946174,0.05620009,0.0398852750658989,0,0
154598,0.0166651,31.4795447923243,0.1840054,0.2145002,0.4359098,0.001501805,0.0874304,0.9945903,0.05606956,0.0398852750658989,0,0
154600,0.016667,31.496211791411,0.1840054,0.2145002,0.4359098,0.001501805,0.0874304,0.9945903,0.05606956,0.0398852750658989,0,0
154606,0.0166678,31.5128795914352,0.1862872,0.2134679,0.4371938,-0.0009530367,0.0879378,0.9945536,0.05593997,0.0398852750658989,0,0
154608,0.0166649,31.5295444913208,0.1862872,0.2134679,0.4371938,-0.0009530367,0.0879378,0.9945536,0.05593997,0.0398852750658989,0,0
154612,0.0166662,31.5462106913328,0.1862872,0.2134679,0.4371938,-0.0009530367,0.0879378,0.9945536,0.05593997,0.0398852750658989,0,0
154616,0.0166696,31.5628802906722,0.1883372,0.2125465,0.4384311,-0.003803436,0.08847691,0.9945089,0.05576304,0.0398852750658989,0,0
154618,0.0166641,31.5795443914831,0.1883372,0.2125465,0.4384311,-0.003803436,0.08847691,0.9945089,0.05576304,0.0398852750658989,0,0
154622,0.0166681,31.5962124913931,0.1918829,0.2102061,0.4409488,-0.008760194,0.08902749,0.9944267,0.0557926,0.0398852750658989,0,0
154626,0.0166661,31.6128785908222,0.1918829,0.2102061,0.4409488,-0.008760194,0.08902749,0.9944267,0.0557926,0.0398852750658989,0,0
154628,0.0166677,31.6295462902635,0.1918829,0.2102061,0.4409488,-0.008760194,0.08902749,0.9944267,0.0557926,0.0398852750658989,0,0
154632,0.0174888,31.6470350902528,0.1918829,0.2102061,0.4409488,-0.008760194,0.08902749,0.9944267,0.0557926,0.0398852750658989,0,0
154636,0.0166667,31.6637017894536,0.1935281,0.2090788,0.4423562,-0.01105167,0.08937319,0.9943717,0.05581442,0.0398852750658989,0,0
154638,0.0166672,31.680368989706,0.1952423,0.2077728,0.44383,-0.01340797,0.08962244,0.9943133,0.05593888,0.0398852750658989,0,0
154642,0.0166673,31.6970362905413,0.1952423,0.2077728,0.44383,-0.01340797,0.08962244,0.9943133,0.05593888,0.0398852750658989,0,0
154644,0.0166663,31.7137025911361,0.1952423,0.2077728,0.44383,-0.01340797,0.08962244,0.9943133,0.05593888,0.0398852750658989,0,0
154648,0.0166672,31.7303697913885,0.1969066,0.2063472,0.4451722,-0.01541856,0.08973619,0.9942638,0.05611658,0.0398852750658989,0,0
154652,0.0166666,31.7470363918692,0.1969066,0.2063472,0.4451722,-0.01541856,0.08973619,0.9942638,0.05611658,0.0398852750658989,0,0
154656,0.0166673,31.7637036927044,0.1986712,0.2046263,0.4465146,-0.01758024,0.08969997,0.9942161,0.05638506,0.0398852750658989,0,0
154658,0.0166661,31.7803697921336,0.1986712,0.2046263,0.4465146,-0.01758024,0.08969997,0.9942161,0.05638506,0.0398852750658989,0,0
154662,0.0166676,31.7970373928547,0.1986712,0.2046263,0.4465146,-0.01758024,0.08969997,0.9942161,0.05638506,0.0398852750658989,0,0
154666,0.0166672,31.8137045931071,0.2023874,0.2014988,0.4492676,-0.02156901,0.08999319,0.994091,0.05673631,0.0398852750658989,0,0
154668,0.0166656,31.8303701933473,0.2023874,0.2014988,0.4492676,-0.02156901,0.08999319,0.994091,0.05673631,0.0398852750658989,0,0
154672,0.0166674,31.8470375929028,0.2023874,0.2014988,0.4492676,-0.02156901,0.08999319,0.994091,0.05673631,0.0398852750658989,0,0
154676,0.0166676,31.8637051936239,0.2040795,0.1997751,0.4504316,-0.02360529,0.08992068,0.9940358,0.05700795,0.0398852750658989,0,0
154678,0.0175089,31.8812140934169,0.2059451,0.1981395,0.4516469,-0.02593039,0.09003311,0.9939581,0.05717593,0.0398852750658989,0,0
154682,0.0166678,31.8978818934411,0.2059451,0.1981395,0.4516469,-0.02593039,0.09003311,0.9939581,0.05717593,0.0398852750658989,0,0
154684,0.0166673,31.9145491942763,0.2059451,0.1981395,0.4516469,-0.02593039,0.09003311,0.9939581,0.05717593,0.0398852750658989,0,0
154688,0.0166669,31.9312160946429,0.2075945,0.19678,0.4526657,-0.02799864,0.09019428,0.9938805,0.05729447,0.0398852750658989,0,0
154692,0.0166679,31.9478839952499,0.2075945,0.19678,0.4526657,-0.02799864,0.09019428,0.9938805,0.05729447,0.0398852750658989,0,0
154694,0.0166666,31.9645505957305,0.2075945,0.19678,0.4526657,-0.02799864,0.09019428,0.9938805,0.05729447,0.0398852750658989,0,0
154698,0.0166666,31.9812171962112,0.2091681,0.1952065,0.4535338,-0.03040048,0.090146,0.9938031,0.05748818,0.0398846194148064,0,0
154702,0.0166662,31.9978833962232,0.2091681,0.1952065,0.4535338,-0.03040048,0.090146,0.9938031,0.05748818,0.0398846194148064,0,0
154704,0.0166673,32.0145506970584,0.2119591,0.1928251,0.454614,-0.03510752,0.0902111,0.9936354,0.05760277,0.0398846194148064,0,0
154708,0.016667,32.0312176961452,0.2119591,0.1928251,0.454614,-0.03510752,0.0902111,0.9936354,0.05760277,0.0398846194148064,0,0
154712,0.016669,32.0478866957128,0.2119591,0.1928251,0.454614,-0.03510752,0.0902111,0.9936354,0.05760277,0.0398846194148064,0,0
154716,0.0166646,32.0645512957126,0.2132491,0.1917111,0.4548049,-0.03740896,0.09011275,0.9935574,0.0576535,0.0398846194148064,0,0
154718,0.0166687,32.0812199953943,0.2147998,0.1904212,0.4549192,-0.0400863,0.08998252,0.993462,0.05770096,0.0398846194148064,0,0
154722,0.0166655,32.0978854950517,0.2147998,0.1904212,0.4549192,-0.0400863,0.08998252,0.993462,0.05770096,0.0398846194148064,0,0
154724,0.0166668,32.1145522948354,0.2147998,0.1904212,0.4549192,-0.0400863,0.08998252,0.993462,0.05770096,0.0398846194148064,0,0
154728,0.0166677,32.1312199942768,0.216,0.1892336,0.4548615,-0.04236221,0.08971268,0.9933851,0.05781912,0.0398846194148064,0,0
154732,0.016667,32.1478869933635,0.216,0.1892336,0.4548615,-0.04236221,0.08971268,0.9933851,0.05781912,0.0398846194148064,0,0
154736,0.016666,32.1645529940724,0.2171896,0.1877358,0.45477,-0.04523443,0.08927905,0.9932848,0.05803847,0.0398852750658989,0,0
154738,0.0166674,32.1812203936279,0.2171896,0.1877358,0.45477,-0.04523443,0.08927905,0.9932848,0.05803847,0.0398852750658989,0,0
154744,0.0166672,32.1978875938803,0.2180525,0.1865222,0.4547987,-0.04763476,0.08899786,0.9931889,0.05819012,0.0398852750658989,0,0
154746,0.016665,32.2145525943488,0.2180525,0.1865222,0.4547987,-0.04763476,0.08899786,0.9931889,0.05819012,0.0398852750658989,0,0
154750,0.0166681,32.2312206942588,0.2180525,0.1865222,0.4547987,-0.04763476,0.08899786,0.9931889,0.05819012,0.0398852750658989,0,0
154752,0.0176951,32.2489157933742,0.2196,0.1837261,0.4549025,-0.05318411,0.08837087,0.9929398,0.05858753,0.0398852750658989,0,0
154754,0.0166679,32.2655836939812,0.2196,0.1837261,0.4549025,-0.05318411,0.08837087,0.9929398,0.05858753,0.0398852750658989,0,0
154758,0.0166682,32.282251894474,0.2196,0.1837261,0.4549025,-0.05318411,0.08837087,0.9929398,0.05858753,0.0398852750658989,0,0
154762,0.0166657,32.2989175952971,0.2201665,0.1822739,0.4549508,-0.0557494,0.08803426,0.9928176,0.05878153,0.0398852750658989,0,0
154764,0.0166697,32.3155872952193,0.2206304,0.1806937,0.4549262,-0.05820706,0.08760411,0.9927018,0.05899641,0.0398852750658989,0,0
154768,0.0166684,32.3322556950152,0.2206304,0.1806937,0.4549262,-0.05820706,0.08760411,0.9927018,0.05899641,0.0398852750658989,0,0
154772,0.0166639,32.3489195946604,0.221035,0.1790402,0.4548787,-0.06061824,0.08725175,0.9925874,0.05901504,0.0398852750658989,0,0
154776,0.0166662,32.3655857946724,0.221035,0.1790402,0.4548787,-0.06061824,0.08725175,0.9925874,0.05901504,0.0398852750658989,0,0
154778,0.016667,32.3822527937591,0.221035,0.1790402,0.4548787,-0.06061824,0.08725175,0.9925874,0.05901504,0.0398852750658989,0,0
154782,0.0166675,32.3989202938974,0.2213889,0.177516,0.4548788,-0.06298918,0.08698254,0.9924672,0.05895089,0.0398852750658989,0,0
154786,0.0166675,32.4155877940357,0.2213889,0.177516,0.4548788,-0.06298918,0.08698254,0.9924672,0.05895089,0.0398852750658989,0,0
154790,0.0166662,32.4322539940476,0.2218315,0.1757947,0.4548172,-0.06552236,0.08673196,0.9923359,0.05877068,0.0398852750658989,0,0
154792,0.0166693,32.4489232935011,0.2218315,0.1757947,0.4548172,-0.06552236,0.08673196,0.9923359,0.05877068,0.0398852750658989,0,0
154796,0.0166642,32.4655874930322,0.2218315,0.1757947,0.4548172,-0.06552236,0.08673196,0.9923359,0.05877068,0.0398852750658989,0,0
154798,0.0166661,32.4822535924613,0.2226683,0.1723931,0.4546788,-0.06970683,0.08637378,0.9921072,0.05834208,0.0398852750658989,0,0
154804,0.0166675,32.4989210925996,0.2226683,0.1723931,0.4546788,-0.06970683,0.08637378,0.9921072,0.05834208,0.0398852750658989,0,0
154806,0.016667,32.5155880916864,0.2226683,0.1723931,0.4546788,-0.06970683,0.08637378,0.9921072,0.05834208,0.0398852750658989,0,0
154810,0.0166673,32.5322553925216,0.2230999,0.1705013,0.4545236,-0.07158145,0.08618227,0.9920037,0.05811476,0.0398846194148064,0,0
154812,0.0166656,32.5489209927619,0.2235273,0.1690734,0.4544828,-0.07317381,0.0862268,0.9919006,0.05782498,0.0398846194148064,0,0
154818,0.0166677,32.5655886922032,0.2235273,0.1690734,0.4544828,-0.07317381,0.0862268,0.9919006,0.05782498,0.0398846194148064,0,0
154820,0.0182915,32.5838801916689,0.2240129,0.1675834,0.4545535,-0.07471894,0.08628159,0.991788,0.05769939,0.0398846194148064,0,0
154824,0.0196598,32.6035399921238,0.2240129,0.1675834,0.4545535,-0.07471894,0.08628159,0.991788,0.05769939,0.0398846194148064,0,0
154826,0.019101,32.6226409915835,0.2240129,0.1675834,0.4545535,-0.07471894,0.08628159,0.991788,0.05769939,0.0398846194148064,0,0
154830,0.0166687,32.6393096912652,0.2244852,0.166055,0.454648,-0.0763221,0.08643207,0.991666,0.0574715,0.0398846194148064,0,0
154832,0.0166658,32.6559754908085,0.2244852,0.166055,0.454648,-0.0763221,0.08643207,0.991666,0.0574715,0.0398846194148064,0,0
154838,0.0166678,32.6726432908326,0.2248436,0.1646509,0.454722,-0.07750344,0.08661634,0.9915743,0.05719414,0.0398846194148064,0,0
154840,0.0166662,32.6893094908446,0.2248436,0.1646509,0.454722,-0.07750344,0.08661634,0.9915743,0.05719414,0.0398846194148064,0,0
154844,0.0166667,32.7059761900455,0.2248436,0.1646509,0.454722,-0.07750344,0.08661634,0.9915743,0.05719414,0.0398846194148064,0,0
154846,0.0166673,32.7226434908807,0.2251815,0.1615353,0.4548815,-0.07990269,0.08711714,0.991383,0.05644476,0.0398846194148064,0,0
154850,0.0166672,32.7393106911331,0.2251815,0.1615353,0.4548815,-0.07990269,0.08711714,0.991383,0.05644476,0.0398852750658989,0,0
154852,0.0166667,32.755977390334,0.2251815,0.1615353,0.4548815,-0.07990269,0.08711714,0.991383,0.05644476,0.0398852750658989,0,0
154858,0.0166689,32.7726462911814,0.2251248,0.1602303,0.4550043,-0.08079407,0.08742819,0.9913044,0.05607377,0.0398852750658989,0,0
154860,0.0166654,32.789311690256,0.2249646,0.1589868,0.4552318,-0.08155573,0.08786874,0.9912261,0.05566467,0.0398852750658989,0,0
154864,0.0166667,32.8059783894569,0.2249646,0.1589868,0.4552318,-0.08155573,0.08786874,0.9912261,0.05566467,0.0398852750658989,0,0
154866,0.0166669,32.8226452898234,0.2247781,0.1579337,0.4554369,-0.08224845,0.08834866,0.9911529,0.05518667,0.0398852750658989,0,0
154872,0.0166679,32.8393131904304,0.2245324,0.1569003,0.4556311,-0.08284707,0.08888409,0.9910824,0.05469514,0.0398852750658989,0,0
154878,0.0232016,32.8625147901475,0.2245324,0.1569003,0.4556311,-0.08284707,0.08888409,0.9910824,0.05469514,0.0398852750658989,0,0
154882,0.0228682,32.8853829894215,0.2245324,0.1569003,0.4556311,-0.08284707,0.08888409,0.9910824,0.05469514,0.0398852750658989,0,0
154886,0.0224716,32.9078545887023,0.2239538,0.1554542,0.4560372,-0.08397638,0.08993477,0.9909363,0.05389652,0.0398852750658989,0,0
154888,0.0179439,32.9257984887809,0.2239538,0.1554542,0.4560372,-0.08397638,0.08993477,0.9909363,0.05389652,0.0398852750658989,0,0
154892,0.0166679,32.9424663893878,0.2239538,0.1554542,0.4560372,-0.08397638,0.08993477,0.9909363,0.05389652,0.0398852750658989,0,0
154894,0.0188257,32.9612920898944,0.2236585,0.1550444,0.4562441,-0.08458273,0.09062108,0.9908429,0.05351531,0.0398852750658989,0,0
154900,0.0166679,32.9779599905014,0.2234085,0.1548938,0.4564815,-0.08507416,0.09139246,0.9907499,0.05314592,0.0398852750658989,0,0
154902,0.0171514,32.9951113909483,0.2234085,0.1548938,0.4564815,-0.08507416,0.09139246,0.9907499,0.05314592,0.0398852750658989,0,0
154906,0.0173086,33.0124199911952,0.2231883,0.1548666,0.4567149,-0.08550879,0.09212908,0.9906622,0.05281121,0.0398852750658989,0,0
154908,0.0177365,33.0301564913243,0.2231883,0.1548666,0.4567149,-0.08550879,0.09212908,0.9906622,0.05281121,0.0398852750658989,0,0
154912,0.0166685,33.046824991703,0.2231883,0.1548666,0.4567149,-0.08550879,0.09212908,0.9906622,0.05281121,0.0398852750658989,0,0
154916,0.0174201,33.0642450917512,0.2228504,0.1548314,0.4570421,-0.08612096,0.09305341,0.9905412,0.05246412,0.0398852750658989,0,0
154920,0.0166673,33.0809123925865,0.2228504,0.1548314,0.4570421,-0.08612096,0.09305341,0.9905412,0.05246412,0.0398852750658989,0,0
154924,0.0182968,33.0992091931403,0.2221489,0.1546674,0.4576623,-0.08708145,0.09463028,0.9903536,0.05159098,0.0398852750658989,0,0
154926,0.0183909,33.1176000926644,0.2221489,0.1546674,0.4576623,-0.08708145,0.09463028,0.9903536,0.05159098,0.0398852750658989,0,0
154930,0.0166676,33.1342676933855,0.2221489,0.1546674,0.4576623,-0.08708145,0.09463028,0.9903536,0.05159098,0.0398852750658989,0,0
154932,0.016928,33.1511956937611,0.2221489,0.1546674,0.4576623,-0.08708145,0.09463028,0.9903536,0.05159098,0.0398852750658989,0,0
154936,0.016668,33.1678636930883,0.2215686,0.1543986,0.4582399,-0.08810452,0.0961381,0.9901927,0.05013379,0.0398852750658989,0,0
154940,0.0166669,33.1845305934548,0.2215686,0.1543986,0.4582399,-0.08810452,0.0961381,0.9901927,0.05013379,0.0398852750658989,0,0
154944,0.0166656,33.2011961936951,0.2215686,0.1543986,0.4582399,-0.08810452,0.0961381,0.9901927,0.05013379,0.0398852750658989,0,0
154946,0.017829,33.2190251927823,0.2212451,0.1542417,0.458599,-0.08875811,0.09710003,0.9900947,0.04905286,0.0398852750658989,0,0
154950,0.0166673,33.2356924936175,0.2212451,0.1542417,0.458599,-0.08875811,0.09710003,0.9900947,0.04905286,0.0398852750658989,0,0
154952,0.0166668,33.2523592934012,0.2212451,0.1542417,0.458599,-0.08875811,0.09710003,0.9900947,0.04905286,0.0398852750658989,0,0
154958,0.0166675,33.2690267935395,0.2208566,0.1541115,0.4589935,-0.0894329,0.09807576,0.9899903,0.04798025,0.0398852750658989,0,0
154960,0.0166664,33.2856931928545,0.2208566,0.1541115,0.4589935,-0.0894329,0.09807576,0.9899903,0.04798025,0.0398852750658989,0,0
154964,0.0166675,33.3023606929928,0.220341,0.1540304,0.4594498,-0.09033528,0.0990542,0.9898574,0.04701225,0.0398852750658989,0,0
154966,0.016666,33.3190266937017,0.220341,0.1540304,0.4594498,-0.09033528,0.0990542,0.9898574,0.04701225,0.0398852750658989,0,0
154970,0.0166679,33.3356945943087,0.220341,0.1540304,0.4594498,-0.09033528,0.0990542,0.9898574,0.04701225,0.0398852750658989,0,0
154972,0.0166659,33.3523604944348,0.2190932,0.1542172,0.4602451,-0.09328681,0.1008367,0.9894781,0.04541698,0.0398852750658989,0,0
154978,0.0166669,33.3690273948014,0.2190932,0.1542172,0.4602451,-0.09328681,0.1008367,0.9894781,0.04541698,0.0398852750658989,0,0
154980,0.0167382,33.3857655953616,0.2190932,0.1542172,0.4602451,-0.09328681,0.1008367,0.9894781,0.04541698,0.0398852750658989,0,0
154984,0.0166682,33.4024337958544,0.2181866,0.1544934,0.4603566,-0.09768604,0.1021708,0.9889923,0.04373474,0.0398852750658989,0,0
154986,0.0166658,33.4190995953977,0.2181866,0.1544934,0.4603566,-0.09768604,0.1021708,0.9889923,0.04373474,0.0398852750658989,0,0
154990,0.0166671,33.4357666950673,0.2181866,0.1544934,0.4603566,-0.09768604,0.1021708,0.9889923,0.04373474,0.0398852750658989,0,0
154992,0.0166672,33.4524338953197,0.2179167,0.1547805,0.4599488,-0.1007061,0.1025344,0.9886935,0.04278,0.0398852750658989,0,0
154998,0.016667,33.4691008944064,0.2179167,0.1547805,0.4599488,-0.1007061,0.1025344,0.9886935,0.04278,0.0398852750658989,0,0
155000,0.0166657,33.4857665952295,0.2179167,0.1547805,0.4599488,-0.1007061,0.1025344,0.9886935,0.04278,0.0398852750658989,0,0
155004,0.0166682,33.5024347957224,0.2178046,0.1553104,0.459347,-0.1036628,0.1027062,0.9884087,0.041878,0.0398852750658989,0,0
155006,0.0166658,33.5191005952656,0.2178046,0.1553104,0.459347,-0.1036628,0.1027062,0.9884087,0.041878,0.0398852750658989,0,0
155010,0.0166787,33.5357792954892,0.2176552,0.1561415,0.4584777,-0.1070213,0.1026971,0.9880856,0.04106868,0.0398852750658989,0,0
155014,0.0166663,33.552445596084,0.2176552,0.1561415,0.4584777,-0.1070213,0.1026971,0.9880856,0.04106868,0.0398852750658989,0,0
155018,0.0166674,33.5691129956394,0.2170299,0.1581194,0.4566247,-0.1138961,0.1024824,0.987408,0.03937437,0.0398852750658989,0,0
155020,0.0166657,33.5857786964625,0.2170299,0.1581194,0.4566247,-0.1138961,0.1024824,0.987408,0.03937437,0.0398852750658989,0,0
155024,0.016669,33.6024476960301,0.2170299,0.1581194,0.4566247,-0.1138961,0.1024824,0.987408,0.03937437,0.0398852750658989,0,0
155026,0.0166648,33.619112495333,0.2170299,0.1581194,0.4566247,-0.1138961,0.1024824,0.987408,0.03937437,0.0398852750658989,0,0
155030,0.0166668,33.6357792951167,0.2165697,0.1590651,0.455745,-0.1171675,0.1023489,0.9870674,0.03865728,0.0398852750658989,0,0
155032,0.0166675,33.6524467952549,0.216079,0.1600305,0.4548319,-0.1207327,0.1021381,0.9866871,0.0379461,0.0398852750658989,0,0
155038,0.0166678,33.6691145952791,0.216079,0.1600305,0.4548319,-0.1207327,0.1021381,0.9866871,0.0379461,0.0398852750658989,0,0
155040,0.0177888,33.6869033947587,0.2156063,0.1609887,0.4540318,-0.1242873,0.1018949,0.9862951,0.03731069,0.0398852750658989,0,0
155044,0.0166684,33.7035717945546,0.2156063,0.1609887,0.4540318,-0.1242873,0.1018949,0.9862951,0.03731069,0.0398852750658989,0,0
155046,0.0166657,33.7202374953777,0.2156063,0.1609887,0.4540318,-0.1242873,0.1018949,0.9862951,0.03731069,0.0398852750658989,0,0
155050,0.0166678,33.7369052954018,0.2151342,0.1617897,0.4532984,-0.1277805,0.101517,0.9859045,0.03686335,0.0398852750658989,0,0
155052,0.0166657,33.7535709962249,0.2151342,0.1617897,0.4532984,-0.1277805,0.101517,0.9859045,0.03686335,0.0398852750658989,0,0
155058,0.0166699,33.7702408954501,0.2147234,0.1623137,0.4527136,-0.1311222,0.1010895,0.9855218,0.03653357,0.0304765570908785,0,0
155060,0.0166644,33.7869052961469,0.2147234,0.1623137,0.4527136,-0.1311222,0.1010895,0.9855218,0.03653357,0.0304765570908785,0,0
155064,0.016668,33.8035732954741,0.2147234,0.1623137,0.4527136,-0.1311222,0.1010895,0.9855218,0.03653357,0.0304765570908785,0,0
155066,0.0166655,33.8202387951314,0.2140814,0.162851,0.4520124,-0.1376223,0.100283,0.9847336,0.03609911,0.0304765570908785,0,0
155070,0.016668,33.8369067944586,0.2140814,0.162851,0.4520124,-0.1376223,0.100283,0.9847336,0.03609911,0.0304765570908785,0,0
155074,0.0183373,33.8552440945059,0.2138599,0.1628773,0.451861,-0.1405661,0.09990005,0.9843598,0.03601255,0.0304765570908785,0,0
155078,0.0166685,33.8719125948846,0.2136943,0.1628864,0.4518519,-0.1436249,0.09957869,0.9839548,0.0359013,0.0304765570908785,0,0
155080,0.0166667,33.8885792940855,0.2136943,0.1628864,0.4518519,-0.1436249,0.09957869,0.9839548,0.0359013,0.0304765570908785,0,0
155084,0.0166684,33.9052476938814,0.2136943,0.1628864,0.4518519,-0.1436249,0.09957869,0.9839548,0.0359013,0.0304765570908785,0,0
155086,0.0166658,33.9219134934247,0.2135948,0.1629885,0.4519271,-0.1461033,0.09938315,0.9836165,0.03571205,0.0304765570908785,0,0
155090,0.016668,33.9385814927518,0.2135948,0.1629885,0.4519271,-0.1461033,0.09938315,0.9836165,0.03571205,0.0304765570908785,0,0
155092,0.0166663,33.9552477933466,0.2135948,0.1629885,0.4519271,-0.1461033,0.09938315,0.9836165,0.03571205,0.0304765570908785,0,0
155098,0.0166669,33.9719146937132,0.2134736,0.1631902,0.4520421,-0.1487182,0.09919702,0.983251,0.03550097,0.0304765570908785,0,0
155100,0.0166671,33.9885817933828,0.2134736,0.1631902,0.4520421,-0.1487182,0.09919702,0.983251,0.03550097,0.0304765570908785,0,0
155104,0.016667,34.0052487924695,0.2134736,0.1631902,0.4520421,-0.1487182,0.09919702,0.983251,0.03550097,0.0304765570908785,0,0
155106,0.0166664,34.0219151917845,0.2131751,0.1636841,0.4521443,-0.153787,0.09870528,0.9825284,0.03527929,0.0304765570908785,0,0
155110,0.016668,34.0385831911117,0.2131751,0.1636841,0.4521443,-0.153787,0.09870528,0.9825284,0.03527929,0.0304765570908785,0,0
155112,0.0166659,34.0552490912378,0.2131751,0.1636841,0.4521443,-0.153787,0.09870528,0.9825284,0.03527929,0.0304765570908785,0,0
155118,0.0166676,34.0719166919589,0.2127642,0.1642865,0.4520606,-0.1588187,0.09803376,0.981801,0.03511243,0.00256559671834111,0,0
155120,0.0166658,34.0885824915022,0.2127642,0.1642865,0.4520606,-0.1588187,0.09803376,0.981801,0.03511243,0.00256559671834111,0,0
155124,0.0166692,34.1052516922355,0.2127642,0.1642865,0.4520606,-0.1588187,0.09803376,0.981801,0.03511243,0.00256559671834111,0,0
155126,0.0166648,34.1219164915383,0.2125589,0.1645531,0.4519808,-0.160984,0.09768839,0.981487,0.03499281,0.00256559671834111,0,0
155130,0.0166691,34.1385855916888,0.2125589,0.1645531,0.4519808,-0.160984,0.09768839,0.981487,0.03499281,0.00256559671834111,0,0
155132,0.0166659,34.1552514918149,0.2125589,0.1645531,0.4519808,-0.160984,0.09768839,0.981487,0.03499281,0.00256559671834111,0,0
155138,0.0166683,34.1719197910279,0.2123534,0.16483,0.4518655,-0.1630468,0.09738529,0.9811807,0.03487585,0.00256559671834111,0,0
155140,0.016666,34.1885857917368,0.2123534,0.16483,0.4518655,-0.1630468,0.09738529,0.9811807,0.03487585,0.00256559671834111,0,0
155144,0.0166676,34.205253392458,0.211998,0.1654953,0.451628,-0.1673405,0.09662487,0.980548,0.03444435,0.00256559671834111,0,0
155146,0.0166658,34.2219191920012,0.211998,0.1654953,0.451628,-0.1673405,0.09662487,0.980548,0.03444435,0.00256559671834111,0,0
155150,0.0166679,34.2385870926082,0.211998,0.1654953,0.451628,-0.1673405,0.09662487,0.980548,0.03444435,0.00256559671834111,0,0
155152,0.016666,34.2552530933172,0.2119099,0.1657679,0.4515057,-0.1690688,0.09621969,0.980298,0.03425324,0.00256559671834111,0,0
155158,0.0166681,34.2719211932272,0.2118797,0.1659407,0.4513934,-0.1706605,0.09581218,0.980068,0.03408534,0.00256559671834111,0,0
155160,0.017938,34.2898591924459,0.2118797,0.1659407,0.4513934,-0.1706605,0.09581218,0.980068,0.03408534,0.00256559671834111,0,0
155164,0.0166684,34.3065275922418,0.2118797,0.1659407,0.4513934,-0.1706605,0.09581218,0.980068,0.03408534,0.00256559671834111,0,0
155166,0.016667,34.3231945913285,0.2119812,0.1659177,0.4511925,-0.1718407,0.09535155,0.9799075,0.03406088,0.00256559671834111,0,0
155170,0.0166678,34.3398623913527,0.2119812,0.1659177,0.4511925,-0.1718407,0.09535155,0.9799075,0.03406088,0.00039006001316011,0,0
155174,0.0166666,34.3565289918333,0.212322,0.165829,0.4509784,-0.1723489,0.09515816,0.9798389,0.03400668,0.00039006001316011,0,0
155178,0.0166665,34.3731954917312,0.212322,0.165829,0.4509784,-0.1723489,0.09515816,0.9798389,0.03400668,0.00039006001316011,0,0
155180,0.0166673,34.3898627925664,0.212322,0.165829,0.4509784,-0.1723489,0.09515816,0.9798389,0.03400668,0.00039006001316011,0,0
155184,0.0166664,34.4065291918814,0.2129349,0.1658569,0.4507373,-0.1723838,0.09522597,0.9798321,0.03383797,0.00039006001316011,0,0
155186,0.0178928,34.4244219921529,0.2129349,0.1658569,0.4507373,-0.1723838,0.09522597,0.9798321,0.03383797,0.00039006001316011,0,0
155190,0.016667,34.4410889912397,0.2149635,0.1663779,0.4507047,-0.1712812,0.09612418,0.9799663,0.03299811,0.00039006001316011,0,0
155194,0.0166682,34.4577571917325,0.2149635,0.1663779,0.4507047,-0.1712812,0.09612418,0.9799663,0.03299811,0.00039006001316011,0,0
155198,0.0166655,34.4744226913899,0.2149635,0.1663779,0.4507047,-0.1712812,0.09612418,0.9799663,0.03299811,0.00039006001316011,0,0
155200,0.0166677,34.4910903908312,0.2149635,0.1663779,0.4507047,-0.1712812,0.09612418,0.9799663,0.03299811,0.00039006001316011,0,0
155204,0.0166668,34.5077571906149,0.2178291,0.1673102,0.4515071,-0.1690661,0.09826276,0.9802043,0.03099457,0.00039006001316011,0,0
155206,0.0166678,34.5244249906391,0.2178291,0.1673102,0.4515071,-0.1690661,0.09826276,0.9802043,0.03099457,0.00039006001316011,0,0
155210,0.016666,34.541090991348,0.2194037,0.1677915,0.4521713,-0.1678254,0.09983468,0.9803097,0.02933728,0.00039006001316011,0,0
155212,0.0166668,34.5577577911317,0.2194037,0.1677915,0.4521713,-0.1678254,0.09983468,0.9803097,0.02933728,0.00039006001316011,0,0
155218,0.0166664,34.5744241904467,0.2194037,0.1677915,0.4521713,-0.1678254,0.09983468,0.9803097,0.02933728,0.00039006001316011,0,0
155220,0.0166677,34.591091889888,0.2194037,0.1677915,0.4521713,-0.1678254,0.09983468,0.9803097,0.02933728,0.00039006001316011,0,0
155224,0.0166662,34.6077580899,0.2209639,0.1682293,0.4529036,-0.1663568,0.1016764,0.9804315,0.02722934,0.00039006001316011,0,0
155226,0.0166671,34.6244251895696,0.2209639,0.1682293,0.4529036,-0.1663568,0.1016764,0.9804315,0.02722934,0.00039006001316011,0,0
155230,0.0166671,34.6410922892392,0.2221922,0.1685612,0.4534887,-0.1649544,0.103532,0.9805376,0.0248436,0.00039006001316011,0,0
155234,0.0166668,34.6577590890229,0.2221922,0.1685612,0.4534887,-0.1649544,0.103532,0.9805376,0.0248436,0.00039006001316011,0,0
155238,0.0166671,34.6744261886925,0.2240869,0.1691391,0.4542762,-0.1614801,0.1082523,0.9807586,0.01783767,0.00039006001316011,0,0
155240,0.0166667,34.6910928878933,0.2240869,0.1691391,0.4542762,-0.1614801,0.1082523,0.9807586,0.01783767,0.00039006001316011,0,0
155244,0.0166864,34.7077792882919,0.2240869,0.1691391,0.4542762,-0.1614801,0.1082523,0.9807586,0.01783767,0.00039006001316011,0,0
155246,0.0166675,34.7244467884302,0.2240869,0.1691391,0.4542762,-0.1614801,0.1082523,0.9807586,0.01783767,0.00039006001316011,0,0
155250,0.0166667,34.7411134876311,0.2250807,0.1699464,0.4549016,-0.1577794,0.1136766,0.9808603,0.009817738,0.00885120965540409,0,0
155254,0.0166675,34.7577809877694,0.2250807,0.1699464,0.4549016,-0.1577794,0.1136766,0.9808603,0.009817738,0.00885120965540409,0,0
155258,0.0166661,34.7744470871985,0.2250807,0.1699464,0.4549016,-0.1577794,0.1136766,0.9808603,0.009817738,0.00885120965540409,0,0
155260,0.016666,34.7911130879074,0.2253253,0.170416,0.455051,-0.1559119,0.1164867,0.9808623,0.005604445,0.00885120965540409,0,0
155264,0.016668,34.8077810872346,0.2253253,0.170416,0.455051,-0.1559119,0.1164867,0.9808623,0.005604445,0.00885120965540409,0,0
155268,0.0185099,34.826290987432,0.2253345,0.1708228,0.4550093,-0.1538736,0.1194473,0.9808436,0.001062967,0.00885120965540409,0,0
155272,0.0166678,34.8429587874562,0.2253345,0.1708228,0.4550093,-0.1538736,0.1194473,0.9808436,0.001062967,0.00885120965540409,0,0
155274,0.0166667,34.859625486657,0.2253345,0.1708228,0.4550093,-0.1538736,0.1194473,0.9808436,0.001062967,0.00885120965540409,0,0
155276,0.0166675,34.8762929867953,0.2253345,0.1708228,0.4550093,-0.1538736,0.1194473,0.9808436,0.001062967,0.00885120965540409,0,0
155280,0.0166664,34.8929593861103,0.2251105,0.1712173,0.4548414,-0.1518057,0.1223406,0.980804,-0.00336567,0.00885120965540409,0,0
155284,0.0166687,34.9096280857921,0.2251105,0.1712173,0.4548414,-0.1518057,0.1223406,0.980804,-0.00336567,0.00885120965540409,0,0
155286,0.0166654,34.9262934848666,0.2236951,0.1716365,0.4541577,-0.1474868,0.1281736,0.980648,-0.01218765,0.00885120965540409,0,0
155290,0.0166684,34.9429618846625,0.2236951,0.1716365,0.4541577,-0.1474868,0.1281736,0.980648,-0.01218765,0.00885120965540409,0,0
155294,0.0166666,34.9596284851432,0.2226891,0.17163,0.4536372,-0.1451926,0.1309614,0.9805609,-0.01638657,0.00885120965540409,0,0
155298,0.0166661,34.9762945845723,0.2215334,0.1714193,0.452976,-0.1428497,0.133688,0.980458,-0.02057982,0.00885120965540409,0,0
155300,0.0166674,34.9929619841278,0.2215334,0.1714193,0.452976,-0.1428497,0.133688,0.980458,-0.02057982,0.00885120965540409,0,0
155304,0.0166668,35.0096287839115,0.2215334,0.1714193,0.452976,-0.1428497,0.133688,0.980458,-0.02057982,0.00885120965540409,0,0
155306,0.0166675,35.0262962840497,0.2205009,0.1710748,0.4522325,-0.1405383,0.1360148,0.980388,-0.02425392,0.00885120965540409,0,0
155310,0.0166666,35.0429628845304,0.2205009,0.1710748,0.4522325,-0.1405383,0.1360148,0.980388,-0.02425392,0.0372835621237755,0,0
155314,0.0166665,35.0596293844283,0.2194289,0.1706565,0.4513879,-0.1381069,0.1384892,0.9802826,-0.02816349,0.0372835621237755,0,0
155318,0.0166671,35.0762964840978,0.2194289,0.1706565,0.4513879,-0.1381069,0.1384892,0.9802826,-0.02816349,0.0372835621237755,0,0
155320,0.0166695,35.092965984717,0.2194289,0.1706565,0.4513879,-0.1381069,0.1384892,0.9802826,-0.02816349,0.0372835621237755,0,0
155324,0.0166642,35.1096301842481,0.2183285,0.1701162,0.4505598,-0.135768,0.1407028,0.9801883,-0.03163406,0.0372835621237755,0,0
155326,0.0166669,35.1262970846146,0.2183285,0.1701162,0.4505598,-0.135768,0.1407028,0.9801883,-0.03163406,0.0372835621237755,0,0
155330,0.0166669,35.1429639849812,0.2183285,0.1701162,0.4505598,-0.135768,0.1407028,0.9801883,-0.03163406,0.0372835621237755,0,0
155334,0.0166672,35.1596311852336,0.2158419,0.1691354,0.4491709,-0.1308701,0.1454888,0.9799159,-0.03835317,0.0372835621237755,0,0
155338,0.0166667,35.1762978844345,0.2158419,0.1691354,0.4491709,-0.1308701,0.1454888,0.9799159,-0.03835317,0.0372835621237755,0,0
155340,0.016667,35.1929648835212,0.2158419,0.1691354,0.4491709,-0.1308701,0.1454888,0.9799159,-0.03835317,0.0372835621237755,0,0
155344,0.0166669,35.2096317838877,0.2131194,0.1681787,0.4480719,-0.1263163,0.1499101,0.9796145,-0.04389319,0.0372835621237755,0,0
155346,0.0166668,35.2262985836715,0.2131194,0.1681787,0.4480719,-0.1263163,0.1499101,0.9796145,-0.04389319,0.0372835621237755,0,0
155350,0.0166675,35.2429660838097,0.2116521,0.1675076,0.4474224,-0.1238651,0.1520665,0.9794732,-0.04653529,0.0395017825067043,0,0
155354,0.0166665,35.2596325837076,0.2116521,0.1675076,0.4474224,-0.1238651,0.1520665,0.9794732,-0.04653529,0.0395017825067043,0,0
155358,0.0166674,35.276299983263,0.2116521,0.1675076,0.4474224,-0.1238651,0.1520665,0.9794732,-0.04653529,0.0395017825067043,0,0
155360,0.0166664,35.292966382578,0.2116521,0.1675076,0.4474224,-0.1238651,0.1520665,0.9794732,-0.04653529,0.0395017825067043,0,0
155364,0.0166674,35.3096337821335,0.2103961,0.1668104,0.4468581,-0.1214694,0.1539953,0.9793585,-0.0488625,0.0395017825067043,0,0
155366,0.0166669,35.3263006825,0.2103961,0.1668104,0.4468581,-0.1214694,0.1539953,0.9793585,-0.0488625,0.0395017825067043,0,0
155370,0.0166666,35.3429672829807,0.2091664,0.1660086,0.446334,-0.1189971,0.1558997,0.9792468,-0.05109503,0.0395017825067043,0,0
155374,0.0166667,35.3596339821815,0.2091664,0.1660086,0.446334,-0.1189971,0.1558997,0.9792468,-0.05109503,0.0395017825067043,0,0
155378,0.0166669,35.3763008825481,0.2068671,0.1640163,0.4455515,-0.1140958,0.1591151,0.9791279,-0.05452543,0.0395017825067043,0,0
155380,0.0166688,35.3929696828127,0.2068671,0.1640163,0.4455515,-0.1140958,0.1591151,0.9791279,-0.05452543,0.0395017825067043,0,0
155384,0.0166669,35.4096365831792,0.2068671,0.1640163,0.4455515,-0.1140958,0.1591151,0.9791279,-0.05452543,0.0395017825067043,0,0
155386,0.0166675,35.4263040833175,0.2056551,0.1628425,0.4453737,-0.1113839,0.1607645,0.9790912,-0.05593599,0.0395017825067043,0,0
155392,0.016665,35.442969083786,0.2043711,0.1615572,0.4453169,-0.108643,0.1623798,0.9790662,-0.05708725,0.039839968085289,0,0
155394,0.0166668,35.4596358835697,0.2043711,0.1615572,0.4453169,-0.108643,0.1623798,0.9790662,-0.05708725,0.039839968085289,0,0
155398,0.0166669,35.4763027839363,0.2043711,0.1615572,0.4453169,-0.108643,0.1623798,0.9790662,-0.05708725,0.039839968085289,0,0
155400,0.0166703,35.4929730836302,0.2031219,0.160245,0.4453177,-0.1058573,0.1637563,0.9791017,-0.05777575,0.039839968085289,0,0
155404,0.0166658,35.5096388831735,0.2031219,0.160245,0.4453177,-0.1058573,0.1637563,0.9791017,-0.05777575,0.039839968085289,0,0
155406,0.016667,35.5263058822602,0.2020238,0.159102,0.4454782,-0.103053,0.1651233,0.9791402,-0.05829982,0.039839968085289,0,0
155410,0.0166672,35.5429730825126,0.2020238,0.159102,0.4454782,-0.103053,0.1651233,0.9791402,-0.05829982,0.039839968085289,0,0
155414,0.0166668,35.5596398822963,0.2020238,0.159102,0.4454782,-0.103053,0.1651233,0.9791402,-0.05829982,0.039839968085289,0,0
155418,0.0166669,35.5763067826629,0.2010997,0.1580188,0.4456375,-0.09999643,0.1663313,0.9792339,-0.05861457,0.039839968085289,0,0
155420,0.0166662,35.5929729826748,0.2010997,0.1580188,0.4456375,-0.09999643,0.1663313,0.9792339,-0.05861457,0.039839968085289,0,0
155426,0.0166672,35.6096401829273,0.1996395,0.1560499,0.4458299,-0.09340357,0.1682156,0.9795576,-0.05870453,0.0398997217416763,0,0
155428,0.0173733,35.6270134821534,0.1996395,0.1560499,0.4458299,-0.09340357,0.1682156,0.9795576,-0.05870453,0.0398997217416763,0,0
155432,0.0166683,35.6436817813665,0.1996395,0.1560499,0.4458299,-0.09340357,0.1682156,0.9795576,-0.05870453,0.0398997217416763,0,0
155434,0.0191654,35.6628471817821,0.1992407,0.155592,0.4456924,-0.09012475,0.1689335,0.9797418,-0.05869352,0.0398997217416763,0,0
155440,0.0166673,35.6795144826174,0.1990386,0.1555699,0.4452668,-0.08698298,0.1689818,0.9800511,-0.05812933,0.0398997217416763,0,0
155442,0.016666,35.6961804833263,0.1990386,0.1555699,0.4452668,-0.08698298,0.1689818,0.9800511,-0.05812933,0.0398997217416763,0,0
155446,0.0166671,35.7128475829959,0.1987131,0.1553481,0.4449812,-0.08347191,0.1688806,0.9804306,-0.05716315,0.0398997217416763,0,0
155448,0.0166668,35.7295143827796,0.1987131,0.1553481,0.4449812,-0.08347191,0.1688806,0.9804306,-0.05716315,0.0398997217416763,0,0
155452,0.0166669,35.7461812831461,0.1987131,0.1553481,0.4449812,-0.08347191,0.1688806,0.9804306,-0.05716315,0.0398997217416763,0,0
155454,0.0166669,35.7628481835127,0.1983282,0.1549851,0.4445951,-0.08005232,0.1684487,0.9808611,-0.05592903,0.0398997217416763,0,0
155458,0.0166674,35.7795155830681,0.1983282,0.1549851,0.4445951,-0.08005232,0.1684487,0.9808611,-0.05592903,0.0398997217416763,0,0
155462,0.0166664,35.7961819823831,0.1983282,0.1549851,0.4445951,-0.08005232,0.1684487,0.9808611,-0.05592903,0.0398997217416763,0,0
155466,0.016669,35.8128509819508,0.1977864,0.1543701,0.4440705,-0.07600532,0.1674359,0.9814705,-0.0538895,0.0398997217416763,0,0
155470,0.0166644,35.8295153826475,0.1977864,0.1543701,0.4440705,-0.07600532,0.1674359,0.9814705,-0.0538895,0.0398997217416763,0,0
155472,0.0202004,35.8497157823294,0.1966491,0.1530242,0.443379,-0.06845856,0.164712,0.9827569,-0.04870623,0.0398997217416763,0,0
155478,0.0166671,35.866382881999,0.1966491,0.1530242,0.443379,-0.06845856,0.164712,0.9827569,-0.04870623,0.0398997217416763,0,0
155480,0.0184384,35.8848212826997,0.1966491,0.1530242,0.443379,-0.06845856,0.164712,0.9827569,-0.04870623,0.0398997217416763,0,0
155484,0.0166692,35.901490483433,0.1962004,0.1527702,0.4435904,-0.06032664,0.1620702,0.984015,-0.04252451,0.0398997217416763,0,0
155486,0.016665,35.9181554839015,0.1962004,0.1527702,0.4435904,-0.06032664,0.1620702,0.984015,-0.04252451,0.0398997217416763,0,0
155490,0.0166679,35.9348233845085,0.1962655,0.15272,0.4438116,-0.05644654,0.1602066,0.9847102,-0.03864561,0.0398997217416763,0,0
155492,0.0204085,35.9552318844944,0.1962655,0.15272,0.4438116,-0.05644654,0.1602066,0.9847102,-0.03864561,0.0398997217416763,0,0
155496,0.0166691,35.9719009846449,0.1962655,0.15272,0.4438116,-0.05644654,0.1602066,0.9847102,-0.03864561,0.0398997217416763,0,0
155500,0.0166662,35.9885671846569,0.1962655,0.15272,0.4438116,-0.05644654,0.1602066,0.9847102,-0.03864561,0.0398997217416763,0,0
155504,0.0166683,36.0052354838699,0.1966405,0.152716,0.4441954,-0.05277477,0.1582618,0.985379,-0.03458562,0.0398997217416763,0,0
155506,0.0166655,36.0219009835273,0.1966405,0.152716,0.4441954,-0.05277477,0.1582618,0.985379,-0.03458562,0.0398997217416763,0,0
155510,0.0166674,36.0385683830827,0.1972285,0.1526504,0.4446176,-0.04946795,0.1561606,0.9860225,-0.03043647,0.0398997217416763,0,0
155512,0.0166664,36.0552347823977,0.1972285,0.1526504,0.4446176,-0.04946795,0.1561606,0.9860225,-0.03043647,0.0398997217416763,0,0
155516,0.0166697,36.07190448232,0.1972285,0.1526504,0.4446176,-0.04946795,0.1561606,0.9860225,-0.03043647,0.0398977547883987,0,0
155520,0.0166648,36.0885692816228,0.1989349,0.1526785,0.4455569,-0.04301982,0.1512991,0.9873346,-0.02069257,0.0398977547883987,0,0
155524,0.0166677,36.1052369810641,0.1989349,0.1526785,0.4455569,-0.04301982,0.1512991,0.9873346,-0.02069257,0.0398977547883987,0,0
155526,0.0166669,36.1219038814306,0.1989349,0.1526785,0.4455569,-0.04301982,0.1512991,0.9873346,-0.02069257,0.0398977547883987,0,0
155528,0.0166684,36.1385722812265,0.1996983,0.1526332,0.4461698,-0.04027288,0.1489761,0.9878969,-0.01561963,0.0398977547883987,0,0
155532,0.0166649,36.1552371811122,0.2009259,0.1527976,0.4467871,-0.03766523,0.146817,0.9883887,-0.01067556,0.0398977547883987,0,0
155536,0.0167166,36.1719537805766,0.2009259,0.1527976,0.4467871,-0.03766523,0.146817,0.9883887,-0.01067556,0.0398977547883987,0,0
155540,0.0166653,36.1886190809309,0.2020514,0.1530072,0.4474166,-0.0355841,0.1449734,0.9887756,-0.006263797,0.0398977547883987,0,0
155542,0.0166685,36.2052875813097,0.2020514,0.1530072,0.4474166,-0.0355841,0.1449734,0.9887756,-0.006263797,0.0398977547883987,0,0
155546,0.0166652,36.2219527810812,0.2020514,0.1530072,0.4474166,-0.0355841,0.1449734,0.9887756,-0.006263797,0.0398977547883987,0,0
155548,0.0166666,36.2386193815619,0.2030537,0.1531323,0.448165,-0.03354189,0.1427978,0.9891828,-0.001079826,0.0398977547883987,0,0
155552,0.016667,36.2552863806486,0.2030537,0.1531323,0.448165,-0.03354189,0.1427978,0.9891828,-0.001079826,0.0398977547883987,0,0
155556,0.0166686,36.2719549797475,0.2030537,0.1531323,0.448165,-0.03354189,0.1427978,0.9891828,-0.001079826,0.0399003811180592,0,0
155560,0.0166654,36.2886203788221,0.2054344,0.1537525,0.4495743,-0.02995618,0.1386363,0.9898459,0.009359582,0.0399003811180592,0,0
155564,0.0166681,36.3052884787321,0.2054344,0.1537525,0.4495743,-0.02995618,0.1386363,0.9898459,0.009359582,0.0399003811180592,0,0
155566,0.0166663,36.3219547793269,0.2064292,0.1540372,0.4502056,-0.02862203,0.136662,0.990097,0.01456298,0.0399003811180592,0,0
155570,0.0166685,36.3386232797056,0.2075065,0.1543563,0.4509476,-0.02717437,0.1347736,0.9903058,0.01980275,0.0399003811180592,0,0
155572,0.0166651,36.3552883788943,0.2075065,0.1543563,0.4509476,-0.02717437,0.1347736,0.9903058,0.01980275,0.0399003811180592,0,0
155578,0.0166685,36.3719568792731,0.2075065,0.1543563,0.4509476,-0.02717437,0.1347736,0.9903058,0.01980275,0.0399003811180592,0,0
155580,0.0166654,36.3886222783476,0.2084949,0.1544894,0.4514036,-0.02592342,0.1328395,0.9904937,0.02457555,0.0399003811180592,0,0
155584,0.0166668,36.4052890781313,0.2084949,0.1544894,0.4514036,-0.02592342,0.1328395,0.9904937,0.02457555,0.0399003811180592,0,0
155586,0.0166668,36.421955877915,0.2084949,0.1544894,0.4514036,-0.02592342,0.1328395,0.9904937,0.02457555,0.0399003811180592,0,0
155590,0.0166694,36.4386252779514,0.2095446,0.1548356,0.4520888,-0.024808,0.1308682,0.9906357,0.02998359,0.0399003811180592,0,0
155592,0.0166637,36.4552889782935,0.2095446,0.1548356,0.4520888,-0.024808,0.1308682,0.9906357,0.02998359,0.0399003811180592,0,0
155598,0.0166687,36.4719576779753,0.211945,0.1553312,0.4530283,-0.02290166,0.1270249,0.990815,0.04032022,0.0399003811180592,0,0
155600,0.016665,36.4886226784438,0.211945,0.1553312,0.4530283,-0.02290166,0.1270249,0.990815,0.04032022,0.0399003811180592,0,0
155604,0.016669,36.5052916780114,0.211945,0.1553312,0.4530283,-0.02290166,0.1270249,0.990815,0.04032022,0.0399003811180592,0,0
155606,0.0166652,36.5219568777829,0.2130085,0.15564,0.4535467,-0.0222374,0.1253675,0.9908429,0.04493025,0.0399003811180592,0,0
155608,0.0166703,36.5386271774769,0.2130085,0.15564,0.4535467,-0.0222374,0.1253675,0.9908429,0.04493025,0.0399003811180592,0,0
155614,0.0166645,36.5552916768938,0.2145253,0.1559382,0.4539763,-0.0216963,0.1234091,0.9908511,0.05013496,0.0399003811180592,0,0
155618,0.0166675,36.5719591770321,0.2145253,0.1559382,0.4539763,-0.0216963,0.1234091,0.9908511,0.05013496,0.0398984104394913,0,0
155620,0.018204,36.5901631768793,0.216188,0.1563465,0.4543648,-0.02127642,0.1216885,0.9908202,0.05490565,0.0398984104394913,0,0
155624,0.0166689,36.6068320777267,0.216188,0.1563465,0.4543648,-0.02127642,0.1216885,0.9908202,0.05490565,0.0398984104394913,0,0
155626,0.016665,36.6234970781952,0.216188,0.1563465,0.4543648,-0.02127642,0.1216885,0.9908202,0.05490565,0.0398984104394913,0,0
155632,0.0166682,36.6401652786881,0.2179006,0.1569618,0.4549559,-0.02100734,0.1204658,0.9907237,0.05927275,0.0398984104394913,0,0
155634,0.017007,36.6571722794324,0.2179006,0.1569618,0.4549559,-0.02100734,0.1204658,0.9907237,0.05927275,0.0398984104394913,0,0
155638,0.0166683,36.6738405786455,0.2222135,0.1583434,0.4562062,-0.0209349,0.1181925,0.990429,0.06813736,0.0398984104394913,0,0
155640,0.0167738,36.6906143780798,0.2222135,0.1583434,0.4562062,-0.0209349,0.1181925,0.990429,0.06813736,0.0398984104394913,0,0
155642,0.0166685,36.7072828784585,0.2222135,0.1583434,0.4562062,-0.0209349,0.1181925,0.990429,0.06813736,0.0398984104394913,0,0
155648,0.0166668,36.7239496782422,0.2245757,0.1589438,0.456848,-0.02111546,0.1175228,0.990225,0.07209094,0.0398984104394913,0,0
155652,0.0171597,36.7411093786359,0.2271788,0.1593952,0.4574111,-0.02122584,0.1171027,0.9900075,0.07564176,0.0398984104394913,0,0
155654,0.0212706,36.7623799778521,0.2271788,0.1593952,0.4574111,-0.02122584,0.1171027,0.9900075,0.07564176,0.0398984104394913,0,0
155660,0.0166679,36.7790478784591,0.2300728,0.159804,0.4579978,-0.02181598,0.1166953,0.9897524,0.07935066,0.0398984104394913,0,0
155662,0.0193723,36.7984201777726,0.2300728,0.159804,0.4579978,-0.02181598,0.1166953,0.9897524,0.07935066,0.0398984104394913,0,0
155666,0.0166681,36.8150882776827,0.2300728,0.159804,0.4579978,-0.02181598,0.1166953,0.9897524,0.07935066,0.0398984104394913,0,0
155668,0.0185056,36.8335938770324,0.2300728,0.159804,0.4579978,-0.02181598,0.1166953,0.9897524,0.07935066,0.0398984104394913,0,0
155672,0.0166684,36.8502622768283,0.2327992,0.1601215,0.4585552,-0.02214925,0.116771,0.989474,0.08255419,0.0398984104394913,0,0
155676,0.0167287,36.8669909760356,0.2327992,0.1601215,0.4585552,-0.02214925,0.116771,0.989474,0.08255419,0.0398984104394913,0,0
155680,0.0166678,36.8836587760597,0.2368511,0.1604448,0.4596922,-0.02415946,0.1164065,0.9887228,0.09106602,0.0398984104394913,0,0
155682,0.0166669,36.9003256764263,0.2368511,0.1604448,0.4596922,-0.02415946,0.1164065,0.9887228,0.09106602,0.0398984104394913,0,0
155686,0.0166669,36.9169925767928,0.2381838,0.1608287,0.4601432,-0.02475785,0.1166543,0.9882644,0.09545825,0.0398984104394913,0,0
155688,0.0166666,36.9336591772735,0.2381838,0.1608287,0.4601432,-0.02475785,0.1166543,0.9882644,0.09545825,0.0398248620331287,0,0
155692,0.016667,36.9503261763603,0.2392182,0.1611264,0.4604361,-0.02564045,0.116856,0.9877958,0.09973332,0.0398248620331287,0,0
155694,0.0166667,36.9669928755611,0.2392182,0.1611264,0.4604361,-0.02564045,0.116856,0.9877958,0.09973332,0.0398248620331287,0,0
155700,0.0166669,36.9836597759277,0.2404056,0.1614366,0.460458,-0.02690376,0.1170971,0.9872363,0.1045419,0.0398248620331287,0,0
155702,0.0166665,37.0003262758255,0.2404056,0.1614366,0.460458,-0.02690376,0.1170971,0.9872363,0.1045419,0.0398248620331287,0,0
155706,0.0166676,37.0169938765466,0.2404056,0.1614366,0.460458,-0.02690376,0.1170971,0.9872363,0.1045419,0.0398248620331287,0,0
155708,0.0166658,37.0336596760899,0.2420144,0.1618692,0.4603057,-0.0276422,0.1176609,0.9866306,0.1093247,0.0398248620331287,0,0
155712,0.0166675,37.0503271762282,0.2420144,0.1618692,0.4603057,-0.0276422,0.1176609,0.9866306,0.1093247,0.0398248620331287,0,0
155714,0.0166662,37.0669933762401,0.2420144,0.1618692,0.4603057,-0.0276422,0.1176609,0.9866306,0.1093247,0.0398248620331287,0,0
155720,0.0166679,37.0836612768471,0.243268,0.1622423,0.4602478,-0.02925371,0.1182717,0.9859971,0.1138671,0.0398248620331287,0,0
155722,0.0166668,37.1003280766308,0.243268,0.1622423,0.4602478,-0.02925371,0.1182717,0.9859971,0.1138671,0.0398248620331287,0,0
155726,0.0166669,37.1169949769974,0.2458094,0.1624798,0.4595138,-0.03073577,0.1199279,0.9846693,0.1228784,0.0398248620331287,0,0
155728,0.0166664,37.1336613763124,0.2458094,0.1624798,0.4595138,-0.03073577,0.1199279,0.9846693,0.1228784,0.0398248620331287,0,0
155732,0.0166674,37.1503287758678,0.2468603,0.1626332,0.4592495,-0.03207269,0.1211103,0.9840106,0.1265965,0.0398248620331287,0,0
155734,0.0166661,37.166994875297,0.2468603,0.1626332,0.4592495,-0.03207269,0.1211103,0.9840106,0.1265965,0.0398248620331287,0,0
155740,0.0166681,37.183662975207,0.2476728,0.1626543,0.4589682,-0.03349643,0.1223287,0.9833651,0.130026,0.0398248620331287,0,0
155742,0.0166667,37.2003296744078,0.2476728,0.1626543,0.4589682,-0.03349643,0.1223287,0.9833651,0.130026,0.0398248620331287,0,0
155746,0.0166663,37.2169959750026,0.2485867,0.1625114,0.4585404,-0.03332037,0.1237053,0.9827307,0.1335178,0.0398248620331287,0,0
155748,0.0166672,37.2336631752551,0.2485867,0.1625114,0.4585404,-0.03332037,0.1237053,0.9827307,0.1335178,0.0398248620331287,0,0
155752,0.0166676,37.2503307759762,0.2493353,0.1624041,0.4581918,-0.03355148,0.1255891,0.9820467,0.1366968,0.0398248620331287,0,0
155756,0.016666,37.2669967766851,0.2493353,0.1624041,0.4581918,-0.03355148,0.1255891,0.9820467,0.1366968,0.0394111648201942,0,0
155760,0.0166674,37.2836641762406,0.2493353,0.1624041,0.4581918,-0.03355148,0.1255891,0.9820467,0.1366968,0.0394111648201942,0,0
155762,0.0166662,37.3003303762525,0.2493353,0.1624041,0.4581918,-0.03355148,0.1255891,0.9820467,0.1366968,0.0394111648201942,0,0
155766,0.0166678,37.3169981762767,0.2499187,0.162207,0.4578575,-0.03454055,0.1274491,0.9813858,0.1394478,0.0394111648201942,0,0
155768,0.0166658,37.3336639758199,0.2499187,0.162207,0.4578575,-0.03454055,0.1274491,0.9813858,0.1394478,0.0394111648201942,0,0
155772,0.0166682,37.3503321763128,0.2512167,0.1614343,0.4571607,-0.03536034,0.1304179,0.9802092,0.1446748,0.0394111648201942,0,0
155774,0.016666,37.3669981770217,0.2512167,0.1614343,0.4571607,-0.03536034,0.1304179,0.9802092,0.1446748,0.0394111648201942,0,0
155780,0.0166679,37.3836660776287,0.2512167,0.1614343,0.4571607,-0.03536034,0.1304179,0.9802092,0.1446748,0.0394111648201942,0,0
155782,0.0166665,37.4003325775266,0.2517557,0.1607673,0.4569567,-0.03616148,0.1319681,0.9795911,0.1472347,0.0394111648201942,0,0
155786,0.0166669,37.4169994778931,0.252043,0.1599644,0.4569131,-0.03778203,0.1336632,0.9789424,0.1495942,0.0394111648201942,0,0
155788,0.016666,37.4336654786021,0.252043,0.1599644,0.4569131,-0.03778203,0.1336632,0.9789424,0.1495942,0.0394111648201942,0,0
155792,0.0166677,37.4503331780434,0.2522568,0.1590326,0.456955,-0.03768353,0.1353337,0.9783399,0.1520389,0.0394111648201942,0,0
155796,0.0166657,37.4669988788664,0.2522568,0.1590326,0.456955,-0.03768353,0.1353337,0.9783399,0.1520389,0.0392161346971989,0,0
155798,0.0166685,37.4836673792452,0.2522568,0.1590326,0.456955,-0.03768353,0.1353337,0.9783399,0.1520389,0.0392161346971989,0,0
155802,0.0166669,37.5003342796117,0.2525836,0.1589049,0.4573698,-0.0383267,0.1374512,0.9777648,0.1536694,0.0392161346971989,0,0
155806,0.0166699,37.5170041788369,0.2525836,0.1589049,0.4573698,-0.0383267,0.1374512,0.9777648,0.1536694,0.0392161346971989,0,0
155808,0.0166627,37.5336668789387,0.2525836,0.1589049,0.4573698,-0.0383267,0.1374512,0.9777648,0.1536694,0.0392161346971989,0,0
155812,0.0166677,37.55033457838,0.2528546,0.1587861,0.4575193,-0.03849952,0.1393497,0.9772543,0.1551562,0.0392161346971989,0,0
155816,0.0166667,37.5670012775809,0.2528546,0.1587861,0.4575193,-0.03849952,0.1393497,0.9772543,0.1551562,0.0392161346971989,0,0
155820,0.0166669,37.5836681779474,0.2534562,0.1583512,0.457352,-0.03807822,0.1431322,0.9763412,0.157547,0.0392161346971989,0,0
155822,0.0189179,37.6025860775262,0.2534562,0.1583512,0.457352,-0.03807822,0.1431322,0.9763412,0.157547,0.0392161346971989,0,0
155826,0.0166677,37.6192537769675,0.2536047,0.1580863,0.4572782,-0.03816527,0.1448413,0.9759498,0.1583871,0.0392161346971989,0,0
155828,0.0166673,37.6359210778028,0.2536047,0.1580863,0.4572782,-0.03816527,0.1448413,0.9759498,0.1583871,0.0390151925384998,0,0
155832,0.0166667,37.6525877770036,0.2536879,0.1577503,0.4572299,-0.03883315,0.1464272,0.9756046,0.1588921,0.0390151925384998,0,0
155836,0.0166669,37.6692546773702,0.2536879,0.1577503,0.4572299,-0.03883315,0.1464272,0.9756046,0.1588921,0.0390151925384998,0,0
155840,0.0166673,37.6859219782054,0.2536938,0.1574695,0.457225,-0.03891068,0.147826,0.9753386,0.1592109,0.0390151925384998,0,0
155842,0.0166666,37.7025885786861,0.2536938,0.1574695,0.457225,-0.03891068,0.147826,0.9753386,0.1592109,0.0390151925384998,0,0
155846,0.0166668,37.7192553784698,0.2536938,0.1574695,0.457225,-0.03891068,0.147826,0.9753386,0.1592109,0.0390151925384998,0,0
155850,0.0166665,37.7359218783677,0.2537068,0.1573001,0.457146,-0.04064817,0.1492083,0.9750757,0.1590976,0.0390151925384998,0,0
155852,0.0166672,37.7525890786201,0.2537068,0.1573001,0.457146,-0.04064817,0.1492083,0.9750757,0.1590976,0.0390151925384998,0,0
155856,0.0166672,37.7692562788725,0.2537068,0.1573001,0.457146,-0.04064817,0.1492083,0.9750757,0.1590976,0.0390151925384998,0,0
155860,0.0166671,37.7859233785421,0.2536955,0.1570944,0.4568115,-0.04140972,0.1517162,0.97463,0.1592603,0.0390151925384998,0,0
155862,0.0166669,37.8025902789086,0.2536955,0.1570944,0.4568115,-0.04140972,0.1517162,0.97463,0.1592603,0.0390151925384998,0,0
155866,0.0166667,37.8192569781095,0.2536955,0.1570944,0.4568115,-0.04140972,0.1517162,0.97463,0.1592603,0.0390151925384998,0,0
155868,0.0166662,37.8359231781214,0.2535845,0.1569838,0.4566151,-0.04306002,0.1529101,0.9744473,0.1587977,0.0390151925384998,0,0
155872,0.0166673,37.8525904789567,0.2534549,0.1568722,0.4563435,-0.0449566,0.1541211,0.974283,0.1581084,0.0390151925384998,0,0
155874,0.0166668,37.8692572787404,0.2534549,0.1568722,0.4563435,-0.0449566,0.1541211,0.974283,0.1581084,0.0388891138136387,0,0
155880,0.016667,37.8859242778271,0.2532871,0.1567538,0.4560435,-0.04558814,0.1551629,0.974212,0.1573441,0.0388891138136387,0,0
155882,0.0166664,37.9025906771421,0.2532871,0.1567538,0.4560435,-0.04558814,0.1551629,0.974212,0.1573441,0.0388891138136387,0,0
155886,0.0166676,37.9192582778633,0.2532871,0.1567538,0.4560435,-0.04558814,0.1551629,0.974212,0.1573441,0.0388891138136387,0,0
155888,0.0166664,37.9359246771783,0.2530897,0.1566404,0.4557251,-0.04549417,0.1562298,0.9742364,0.1561605,0.0388891138136387,0,0
155892,0.0166674,37.9525920767337,0.2530897,0.1566404,0.4557251,-0.04549417,0.1562298,0.9742364,0.1561605,0.0388891138136387,0,0
155896,0.0166669,37.9692589771003,0.2530897,0.1566404,0.4557251,-0.04549417,0.1562298,0.9742364,0.1561605,0.0388891138136387,0,0
155900,0.0166667,37.9859256763011,0.2521131,0.1564641,0.4550995,-0.04738279,0.1585236,0.9744614,0.1518224,0.0388891138136387,0,0
155902,0.0166665,38.002592176199,0.2521131,0.1564641,0.4550995,-0.04738279,0.1585236,0.9744614,0.1518224,0.0388891138136387,0,0
155906,0.0166669,38.0192590765655,0.2512644,0.1564543,0.4548497,-0.04782702,0.1595931,0.9747077,0.1489552,0.0388891138136387,0,0
155908,0.0166665,38.0359255764633,0.2512644,0.1564543,0.4548497,-0.04782702,0.1595931,0.9747077,0.1489552,0.0388891138136387,0,0
155912,0.0166675,38.0525930766016,0.2503556,0.1563489,0.4543963,-0.04746476,0.1604423,0.9750616,0.145809,0.0388891138136387,0,0
155914,0.0166663,38.0692593771964,0.2503556,0.1563489,0.4543963,-0.04746476,0.1604423,0.9750616,0.145809,0.0388234481215477,0,0
155920,0.0166686,38.0859279762954,0.2492529,0.156276,0.4538899,-0.04739044,0.1614093,0.9755334,0.1415477,0.0388234481215477,0,0
155922,0.0166655,38.1025934759527,0.2492529,0.156276,0.4538899,-0.04739044,0.1614093,0.9755334,0.1415477,0.0388234481215477,0,0
155926,0.0166669,38.1192603763193,0.247887,0.1561414,0.4532279,-0.04732927,0.1622621,0.9760165,0.1371964,0.0388234481215477,0,0
155928,0.0166659,38.1359262764454,0.247887,0.1561414,0.4532279,-0.04732927,0.1622621,0.9760165,0.1371964,0.0388234481215477,0,0
155932,0.0166675,38.1525937765837,0.247887,0.1561414,0.4532279,-0.04732927,0.1622621,0.9760165,0.1371964,0.0388234481215477,0,0
155934,0.0166667,38.1692604757845,0.247887,0.1561414,0.4532279,-0.04732927,0.1622621,0.9760165,0.1371964,0.0388234481215477,0,0
155940,0.016667,38.1859274748713,0.2454751,0.1555483,0.4520816,-0.04734905,0.162316,0.9764948,0.1336766,0.0388234481215477,0,0
155942,0.0166665,38.2025939747691,0.2454751,0.1555483,0.4520816,-0.04734905,0.162316,0.9764948,0.1336766,0.0388234481215477,0,0
155946,0.0166672,38.2192611750215,0.2401518,0.15128,0.4472002,-0.04629143,0.1595554,0.978028,0.125938,0.0388234481215477,0,0
155948,0.0166668,38.2359279748052,0.2401518,0.15128,0.4472002,-0.04629143,0.1595554,0.978028,0.125938,0.0388424918055534,0,0
155952,0.0166664,38.2525943741202,0.2401518,0.15128,0.4472002,-0.04629143,0.1595554,0.978028,0.125938,0.0388424918055534,0,0
155956,0.0166672,38.2692615743726,0.2380677,0.1497962,0.4452045,-0.04557289,0.1588754,0.9788189,0.1208108,0.0388424918055534,0,0
155958,0.0166695,38.2859310749918,0.2359795,0.1490139,0.4441262,-0.04476633,0.1585675,0.9793953,0.1167778,0.0388424918055534,0,0
155964,0.0166645,38.3025955744088,0.2359795,0.1490139,0.4441262,-0.04476633,0.1585675,0.9793953,0.1167778,0.0388424918055534,0,0
155968,0.0166659,38.3192614745349,0.2340382,0.1485539,0.4435677,-0.04368371,0.1586184,0.9798725,0.113057,0.0388424918055534,0,0
155970,0.0190527,38.3383141737431,0.2340382,0.1485539,0.4435677,-0.04368371,0.1586184,0.9798725,0.113057,0.0388424918055534,0,0
155974,0.0173396,38.3556537739933,0.2323382,0.1484707,0.4433385,-0.0422355,0.1591324,0.9803013,0.1090988,0.0388424918055534,0,0
155978,0.0206263,38.3762800730765,0.2323382,0.1484707,0.4433385,-0.0422355,0.1591324,0.9803013,0.1090988,0.0388424918055534,0,0
155980,0.0179294,38.3942094724625,0.2323382,0.1484707,0.4433385,-0.0422355,0.1591324,0.9803013,0.1090988,0.0388424918055534,0,0
155986,0.0166721,38.4108815733343,0.2311008,0.1485343,0.4431623,-0.04099511,0.1597139,0.9806385,0.1056362,0.0388424918055534,0,0
155988,0.0178502,38.4287317730486,0.2311008,0.1485343,0.4431623,-0.04099511,0.1597139,0.9806385,0.1056362,0.0388424918055534,0,0
155992,0.0166667,38.4453984722495,0.2288882,0.1488123,0.4426827,-0.038271,0.1607022,0.9812699,0.09909329,0.0388424918055534,0,0
155994,0.020228,38.4656264726073,0.2288882,0.1488123,0.4426827,-0.038271,0.1607022,0.9812699,0.09909329,0.0388418324291706,0,0
156000,0.0166677,38.4822941720486,0.2288882,0.1488123,0.4426827,-0.038271,0.1607022,0.9812699,0.09909329,0.0388418324291706,0,0
156002,0.0166671,38.4989612717181,0.2276545,0.1488527,0.4421969,-0.0369052,0.1610616,0.9815921,0.09578179,0.0388418324291706,0,0
156006,0.0166674,38.5156286712736,0.2261698,0.1488304,0.4416533,-0.03569188,0.1612476,0.9818955,0.09277114,0.0388418324291706,0,0
156008,0.016666,38.5322946719825,0.2261698,0.1488304,0.4416533,-0.03569188,0.1612476,0.9818955,0.09277114,0.0388424918055534,0,0
156012,0.0166674,38.548962071538,0.2261698,0.1488304,0.4416533,-0.03569188,0.1612476,0.9818955,0.09277114,0.0388424918055534,0,0
156016,0.0166662,38.5656282715499,0.2244195,0.1487602,0.4411455,-0.03430492,0.1612581,0.9821869,0.09015444,0.0388424918055534,0,0
156020,0.0166676,38.5822958722711,0.2244195,0.1487602,0.4411455,-0.03430492,0.1612581,0.9821869,0.09015444,0.0388424918055534,0,0
156022,0.0166662,38.598962072283,0.2227548,0.1487083,0.4406964,-0.03293887,0.1613058,0.9824502,0.08767552,0.0388424918055534,0,0
156026,0.0166675,38.6156295724213,0.2227548,0.1487083,0.4406964,-0.03293887,0.1613058,0.9824502,0.08767552,0.0388424918055534,0,0
156028,0.016666,38.6322955731303,0.2210467,0.1486171,0.4403635,-0.0313707,0.1613516,0.9827082,0.08524156,0.0388424918055534,0,0
156034,0.0166685,38.648964073509,0.2210467,0.1486171,0.4403635,-0.0313707,0.1613516,0.9827082,0.08524156,0.0388424918055534,0,0
156036,0.0214028,38.6703668739647,0.2210467,0.1486171,0.4403635,-0.0313707,0.1613516,0.9827082,0.08524156,0.0388424918055534,0,0
156040,0.0166668,38.6870336737484,0.2183076,0.1485969,0.4402608,-0.02926495,0.1617113,0.9830733,0.0809935,0.0388424918055534,0,0
156042,0.0166666,38.7037002742291,0.2183076,0.1485969,0.4402608,-0.02926495,0.1617113,0.9830733,0.0809935,0.038843147456646,0,0
156048,0.0166712,38.7203714735806,0.2183076,0.1485969,0.4402608,-0.02926495,0.1617113,0.9830733,0.0809935,0.038843147456646,0,0
156050,0.0175049,38.7378763742745,0.2173205,0.1488665,0.4404154,-0.02892774,0.1620451,0.9831883,0.07902732,0.038843147456646,0,0
156054,0.0166726,38.7545489743352,0.2165451,0.14929,0.440818,-0.02928367,0.1624901,0.9832394,0.07732868,0.038843147456646,0,0
156056,0.0193518,38.7739007752389,0.2165451,0.14929,0.440818,-0.02928367,0.1624901,0.9832394,0.07732868,0.038843147456646,0,0
156062,0.0166679,38.7905686758459,0.2158347,0.1498753,0.4413879,-0.0303642,0.1629171,0.9832447,0.07593392,0.038843147456646,0,0
156064,0.0174892,38.8080578763038,0.2158347,0.1498753,0.4413879,-0.0303642,0.1629171,0.9832447,0.07593392,0.038843147456646,0,0
156068,0.0166674,38.8247252758592,0.2158347,0.1498753,0.4413879,-0.0303642,0.1629171,0.9832447,0.07593392,0.038843147456646,0,0
156070,0.0166663,38.841391576454,0.2150466,0.1506207,0.4421037,-0.03232089,0.1632903,0.9832072,0.07480194,0.038843147456646,0,0
156074,0.0166672,38.8580587767065,0.2150466,0.1506207,0.4421037,-0.03232089,0.1632903,0.9832072,0.07480194,0.038843147456646,0,0
156076,0.0166672,38.8747259769589,0.213752,0.1526622,0.4432964,-0.03850875,0.16388,0.983069,0.07235874,0.038843147456646,0,0
156080,0.0166662,38.8913921769708,0.213752,0.1526622,0.4432964,-0.03850875,0.16388,0.983069,0.07235874,0.038843147456646,0,0
156084,0.0166669,38.9080590773374,0.213752,0.1526622,0.4432964,-0.03850875,0.16388,0.983069,0.07235874,0.038843147456646,0,0
156088,0.0166675,38.9247265774757,0.2135045,0.1537503,0.4434026,-0.0418421,0.1639249,0.9830349,0.07085394,0.038843147456646,0,0
156090,0.0166658,38.9413923770189,0.2135045,0.1537503,0.4434026,-0.0418421,0.1639249,0.9830349,0.07085394,0.038843147456646,0,0
156096,0.016668,38.9580603763461,0.2133435,0.155053,0.4432354,-0.04585953,0.1637649,0.983015,0.06898907,0.038843147456646,0,0
156096,0.0182632,38.9763235766441,0.2133435,0.155053,0.4432354,-0.04585953,0.1637649,0.983015,0.06898907,0.038843147456646,0,0
156102,0.0166674,38.9929909761995,0.2131279,0.1563026,0.4428602,-0.04994323,0.1633505,0.9830046,0.06726307,0.038843147456646,0,0
156104,0.0166674,39.009658375755,0.2131279,0.1563026,0.4428602,-0.04994323,0.1633505,0.9830046,0.06726307,0.038843147456646,0,0
156106,0.0166668,39.0263251755387,0.2128488,0.1575193,0.442371,-0.05458974,0.1627383,0.9829869,0.06536791,0.038843147456646,0,0
156110,0.0166682,39.0429933760315,0.2128488,0.1575193,0.442371,-0.05458974,0.1627383,0.9829869,0.06536791,0.038843147456646,0,0
156112,0.016667,39.0596603751183,0.2128488,0.1575193,0.442371,-0.05458974,0.1627383,0.9829869,0.06536791,0.038843147456646,0,0
156116,0.0166667,39.0763270743191,0.2125619,0.1586491,0.4419696,-0.05939106,0.1621053,0.9829327,0.06354363,0.0388424918055534,0,0
156124,0.0166663,39.0929933749139,0.2125619,0.1586491,0.4419696,-0.05939106,0.1621053,0.9829327,0.06354363,0.0388424918055534,0,0
156128,0.0267074,39.1197007745504,0.2119786,0.1607934,0.4413092,-0.06902214,0.160844,0.9827347,0.059981,0.0388424918055534,0,0
156132,0.0220286,39.1417293753475,0.2119786,0.1607934,0.4413092,-0.06902214,0.160844,0.9827347,0.059981,0.0388424918055534,0,0
156136,0.0186279,39.1603572759777,0.2116722,0.1618453,0.4411396,-0.07376168,0.1603083,0.9825802,0.05827969,0.0297141671180725,0,0
156138,0.0200125,39.1803697757423,0.2114315,0.1627661,0.4409013,-0.07864582,0.1596681,0.9824097,0.05649981,0.0297141671180725,0,0
156142,0.0166717,39.1970414761454,0.2114315,0.1627661,0.4409013,-0.07864582,0.1596681,0.9824097,0.05649981,0.0297141671180725,0,0
156148,0.0186401,39.2156815752387,0.2111722,0.1634845,0.4406266,-0.08372141,0.1588878,0.9822142,0.05477918,0.0297141671180725,0,0
156150,0.0214103,39.2370918747038,0.2111722,0.1634845,0.4406266,-0.08372141,0.1588878,0.9822142,0.05477918,0.0297141671180725,0,0
156154,0.0166673,39.253759175539,0.2108815,0.1640217,0.4405194,-0.08772694,0.1583578,0.9820229,0.05345834,0.0297141671180725,0,0
156156,0.0166661,39.2704252749681,0.2108815,0.1640217,0.4405194,-0.08772694,0.1583578,0.9820229,0.05345834,0.0297141671180725,0,0
156160,0.0166682,39.287093475461,0.2108815,0.1640217,0.4405194,-0.08772694,0.1583578,0.9820229,0.05345834,0.0297141671180725,0,0
156162,0.018619,39.3057124763727,0.2104543,0.1645874,0.4405619,-0.09242358,0.1578523,0.9817509,0.0520158,0.0297141671180725,0,0
156168,0.0169228,39.3226352762431,0.2104543,0.1645874,0.4405619,-0.09242358,0.1578523,0.9817509,0.0520158,0.0297141671180725,0,0
156170,0.0167059,39.3393411766738,0.2104543,0.1645874,0.4405619,-0.09242358,0.1578523,0.9817509,0.0520158,0.0297141671180725,0,0
156174,0.0166686,39.3560097757727,0.2098778,0.1656455,0.4407697,-0.1010828,0.157043,0.98117,0.0492457,0.0297141671180725,0,0
156176,0.0181547,39.3741644751281,0.2098778,0.1656455,0.4407697,-0.1010828,0.157043,0.98117,0.0492457,0.0297141671180725,0,0
156180,0.0166683,39.3908327743411,0.2098778,0.1656455,0.4407697,-0.1010828,0.157043,0.98117,0.0492457,0.0297141671180725,0,0
156182,0.0166666,39.4074993748218,0.2094904,0.1668434,0.4409476,-0.1086022,0.1564615,0.9805913,0.04654057,0.0297141671180725,0,0
156186,0.016667,39.4241663739085,0.2094904,0.1668434,0.4409476,-0.1086022,0.1564615,0.9805913,0.04654057,0.0297141671180725,0,0
156190,0.0166674,39.440833773464,0.2094904,0.1668434,0.4409476,-0.1086022,0.1564615,0.9805913,0.04654057,0.00328530324622989,0,0
156192,0.0166686,39.4575023725629,0.2093195,0.1675256,0.4409948,-0.1119119,0.1562438,0.9803159,0.04521343,0.00328530324622989,0,0
156196,0.0166652,39.4741675723344,0.2093195,0.1675256,0.4409948,-0.1119119,0.1562438,0.9803159,0.04521343,0.00328530324622989,0,0
156200,0.0166671,39.490834672004,0.2091442,0.1682915,0.4408708,-0.115411,0.1559056,0.9800313,0.04373217,0.00328530324622989,0,0
156202,0.0166662,39.507500872016,0.2091442,0.1682915,0.4408708,-0.115411,0.1559056,0.9800313,0.04373217,0.00328530324622989,0,0
156208,0.0166672,39.5241680722684,0.2091442,0.1682915,0.4408708,-0.115411,0.1559056,0.9800313,0.04373217,0.00328530324622989,0,0
156210,0.0181319,39.5422999728471,0.2091442,0.1682915,0.4408708,-0.115411,0.1559056,0.9800313,0.04373217,0.00328530324622989,0,0
156214,0.0166694,39.5589693728834,0.2087094,0.1699064,0.440109,-0.1216815,0.1549873,0.9795445,0.04080757,0.00328530324622989,0,0
156216,0.0166655,39.5756348725408,0.2087094,0.1699064,0.440109,-0.1216815,0.1549873,0.9795445,0.04080757,0.00328530324622989,0,0
156220,0.0166672,39.5923020727932,0.2084091,0.1708607,0.439432,-0.1245598,0.1544074,0.9793372,0.03926783,0.00328530324622989,0,0
156222,0.0166665,39.6089685726911,0.2081062,0.1718786,0.4387285,-0.1269516,0.1539133,0.9791657,0.03779532,0.00328530324622989,0,0
156228,0.0166678,39.6256363727152,0.2081062,0.1718786,0.4387285,-0.1269516,0.1539133,0.9791657,0.03779532,0.00328530324622989,0,0
156230,0.0166662,39.6423025727272,0.2081062,0.1718786,0.4387285,-0.1269516,0.1539133,0.9791657,0.03779532,0.000678336655255407,0,0
156234,0.0166674,39.6589699722826,0.2076698,0.1730966,0.4378611,-0.1293353,0.153378,0.978998,0.03620037,0.000678336655255407,0,0
156236,0.0166665,39.6756364721805,0.2076698,0.1730966,0.4378611,-0.1293353,0.153378,0.978998,0.03620037,0.000678336655255407,0,0
156240,0.0166685,39.6923049725592,0.2071743,0.1744362,0.4368947,-0.1315628,0.1528486,0.9788439,0.03454221,0.000678336655255407,0,0
156244,0.0166658,39.7089707721025,0.2071743,0.1744362,0.4368947,-0.1315628,0.1528486,0.9788439,0.03454221,0.000678336655255407,0,0
156248,0.0166683,39.7256390713155,0.2071743,0.1744362,0.4368947,-0.1315628,0.1528486,0.9788439,0.03454221,0.000678336655255407,0,0
156250,0.0166654,39.7423044703901,0.2066071,0.1758568,0.4357175,-0.1337245,0.1521838,0.9787135,0.03283107,0.000678336655255407,0,0
156254,0.0166683,39.7589727696031,0.2066071,0.1758568,0.4357175,-0.1337245,0.1521838,0.9787135,0.03283107,0.000678336655255407,0,0
156256,0.016665,39.7756377700716,0.2066071,0.1758568,0.4357175,-0.1337245,0.1521838,0.9787135,0.03283107,0.000678336655255407,0,0
156262,0.0166673,39.7923050709069,0.2052537,0.1783626,0.4331731,-0.1376357,0.1505955,0.9785144,0.02978388,0.000678336655255407,0,0
156264,0.0166668,39.8089718706906,0.2052537,0.1783626,0.4331731,-0.1376357,0.1505955,0.9785144,0.02978388,0.000678336655255407,0,0
156268,0.0166685,39.8256403710693,0.2052537,0.1783626,0.4331731,-0.1376357,0.1505955,0.9785144,0.02978388,0.000678336655255407,0,0
156270,0.0166651,39.842305470258,0.2044988,0.1797075,0.4319109,-0.1395137,0.1497718,0.9784194,0.02828119,0.000678336655255407,0,0
156274,0.016668,39.8589734695852,0.2037717,0.1810033,0.4307992,-0.1411891,0.1489893,0.9783376,0.02689638,0.000678336655255407,0,0
156276,0.0166658,39.8756392691284,0.2037717,0.1810033,0.4307992,-0.1411891,0.1489893,0.9783376,0.02689638,0.000678336655255407,0,0
156282,0.0166666,39.8923058696091,0.202962,0.1821926,0.4295946,-0.1426697,0.1481286,0.9782884,0.02559571,0.000678336655255407,0,0
156284,0.01732,39.9096258692443,0.202962,0.1821926,0.4295946,-0.1426697,0.1481286,0.9782884,0.02559571,0.000678336655255407,0,0
156288,0.0166685,39.9262943696231,0.202962,0.1821926,0.4295946,-0.1426697,0.1481286,0.9782884,0.02559571,0.000275143334874883,0,0
156290,0.0166659,39.9429602697492,0.2021284,0.1833041,0.4283563,-0.1440239,0.1472469,0.9782545,0.02436547,0.000275143334874883,0,0
156294,0.0166674,39.9596276693046,0.2021284,0.1833041,0.4283563,-0.1440239,0.1472469,0.9782545,0.02436547,0.000275143334874883,0,0
156296,0.0166657,39.9762933701277,0.2001487,0.1853059,0.4253795,-0.1460474,0.1450466,0.9783353,0.02217195,0.000275143334874883,0,0
156302,0.0166671,39.9929604697973,0.2001487,0.1853059,0.4253795,-0.1460474,0.1450466,0.9783353,0.02217195,0.000275143334874883,0,0
156304,0.0180609,40.0110213700682,0.2001487,0.1853059,0.4253795,-0.1460474,0.1450466,0.9783353,0.02217195,0.000275143334874883,0,0
156308,0.0166683,40.0276896692812,0.1990453,0.186092,0.4233368,-0.1466823,0.1435774,0.9784785,0.02120681,0.000275143334874883,0,0
156310,0.0166658,40.0443554688245,0.1981751,0.1868551,0.4212101,-0.1472637,0.1421622,0.9786195,0.02018241,0.000275143334874883,0,0
156314,0.0166692,40.0610246695578,0.1981751,0.1868551,0.4212101,-0.1472637,0.1421622,0.9786195,0.02018241,0.000275143334874883,0,0
156316,0.0166646,40.0776892695576,0.1981751,0.1868551,0.4212101,-0.1472637,0.1421622,0.9786195,0.02018241,0.000275143334874883,0,0
156322,0.0166683,40.0943575687706,0.1974697,0.1879206,0.4189235,-0.1475591,0.1407915,0.9787983,0.01892019,0.000275143334874883,0,0
156324,0.0166654,40.1110229678452,0.1974697,0.1879206,0.4189235,-0.1475591,0.1407915,0.9787983,0.01892019,0.000273173325695097,0,0
156328,0.0166676,40.1276905685663,0.1974697,0.1879206,0.4189235,-0.1475591,0.1407915,0.9787983,0.01892019,0.000273173325695097,0,0
156330,0.0166658,40.1443563681096,0.1969529,0.1889614,0.4166925,-0.1477457,0.1394556,0.9789844,0.0176897,0.000273173325695097,0,0
156334,0.0166679,40.1610242687166,0.1969529,0.1889614,0.4166925,-0.1477457,0.1394556,0.9789844,0.0176897,0.000273173325695097,0,0
156336,0.0166686,40.1776928678155,0.196529,0.1918715,0.4128372,-0.1477032,0.1372921,0.9793418,0.01497487,0.000273173325695097,0,0
156340,0.016666,40.1943588685244,0.196529,0.1918715,0.4128372,-0.1477032,0.1372921,0.9793418,0.01497487,0.000273173325695097,0,0
156344,0.016667,40.2110258676112,0.196529,0.1918715,0.4128372,-0.1477032,0.1372921,0.9793418,0.01497487,0.000273173325695097,0,0
156348,0.0166668,40.2276926673949,0.1963185,0.1936432,0.4111362,-0.1475747,0.1362066,0.9795291,0.01386254,0.000273173325695097,0,0
156350,0.0166661,40.244358766824,0.1963185,0.1936432,0.4111362,-0.1475747,0.1362066,0.9795291,0.01386254,0.000273173325695097,0,0
156354,0.0166674,40.2610261663795,0.1961109,0.1958439,0.4097082,-0.1473056,0.1353249,0.9797075,0.01270182,0.000273173325695097,0,0
156356,0.0166661,40.2776922658086,0.1961109,0.1958439,0.4097082,-0.1473056,0.1353249,0.9797075,0.01270182,0.000273173325695097,0,0
156362,0.0166673,40.2943595666438,0.1957089,0.1985901,0.4081392,-0.1468032,0.1342155,0.9799493,0.01159274,0.000273173325695097,0,0
156364,0.0166662,40.3110257666558,0.1957089,0.1985901,0.4081392,-0.1468032,0.1342155,0.9799493,0.01159274,0.000273173325695097,0,0
156368,0.0166679,40.3276936672628,0.1953467,0.2016226,0.4067069,-0.1460324,0.1334521,0.9801859,0.01003132,0.000273173325695097,0,0
156370,0.0166669,40.3443605676293,0.1953467,0.2016226,0.4067069,-0.1460324,0.1334521,0.9801859,0.01003132,0.000273173325695097,0,0
156374,0.0166672,40.3610277678818,0.1953467,0.2016226,0.4067069,-0.1460324,0.1334521,0.9801859,0.01003132,0.000273173325695097,0,0
156376,0.0166658,40.377693567425,0.1942891,0.2085827,0.403583,-0.1430702,0.1312459,0.9809428,0.007519636,0.000273173325695097,0,0
156382,0.0166678,40.3943613674492,0.1942891,0.2085827,0.403583,-0.1430702,0.1312459,0.9809428,0.007519636,0.000270546675892547,0,0
156384,0.0166668,40.4110281672329,0.1942891,0.2085827,0.403583,-0.1430702,0.1312459,0.9809428,0.007519636,0.000270546675892547,0,0
156388,0.0166685,40.4276966676116,0.1934263,0.2124885,0.4015758,-0.1403342,0.1293258,0.9815968,0.006985811,0.000270546675892547,0,0
156390,0.0166667,40.4443633668125,0.1925695,0.2170117,0.3995279,-0.1364223,0.1272871,0.9824173,0.006565718,0.000270546675892547,0,0
156394,0.0166675,40.4610308669508,0.1925695,0.2170117,0.3995279,-0.1364223,0.1272871,0.9824173,0.006565718,0.000270546675892547,0,0
156396,0.0166652,40.4776960667223,0.1925695,0.2170117,0.3995279,-0.1364223,0.1272871,0.9824173,0.006565718,0.000270546675892547,0,0
156402,0.016668,40.4943640660495,0.1916375,0.221705,0.3973779,-0.1316482,0.1251054,0.9833492,0.006463624,0.000270546675892547,0,0
156404,0.0166663,40.5110303666443,0.1916375,0.221705,0.3973779,-0.1316482,0.1251054,0.9833492,0.006463624,0.000270546675892547,0,0
156408,0.0166671,40.5276974663138,0.1916375,0.221705,0.3973779,-0.1316482,0.1251054,0.9833492,0.006463624,0.000270546675892547,0,0
156410,0.016666,40.5443634670228,0.1907276,0.226084,0.3954814,-0.1266966,0.1229491,0.9842687,0.006826212,0.000270546675892547,0,0
156414,0.0166692,40.5610326677561,0.1907276,0.226084,0.3954814,-0.1266966,0.1229491,0.9842687,0.006826212,0.000270546675892547,0,0
156418,0.0166642,40.5776968672872,0.1886176,0.2345996,0.3919331,-0.1151081,0.1182542,0.9862503,0.008740894,0.000270546675892547,0,0
156422,0.0166676,40.5943644680083,0.1886176,0.2345996,0.3919331,-0.1151081,0.1182542,0.9862503,0.008740894,0.000270546675892547,0,0
156424,0.016666,40.6110304687172,0.1873244,0.2383877,0.3905539,-0.1090738,0.1158344,0.9872054,0.01051853,0.000270546675892547,0,0
156428,0.0166684,40.6276988685131,0.1873244,0.2383877,0.3905539,-0.1090738,0.1158344,0.9872054,0.01051853,0.000270546675892547,0,0
156430,0.0166653,40.6443641688675,0.1860218,0.2416708,0.3894569,-0.1024113,0.113589,0.9881555,0.01257953,0.0116243129596114,0,0
156434,0.016668,40.6610321681947,0.1860218,0.2416708,0.3894569,-0.1024113,0.113589,0.9881555,0.01257953,0.0116243129596114,0,0
156438,0.0166655,40.677697667852,0.1860218,0.2416708,0.3894569,-0.1024113,0.113589,0.9881555,0.01257953,0.0116243129596114,0,0
156442,0.0166684,40.6943660676479,0.1847111,0.2440035,0.3886841,-0.09641132,0.1111129,0.989001,0.01535256,0.0116243129596114,0,0
156444,0.0166656,40.7110316678882,0.1847111,0.2440035,0.3886841,-0.09641132,0.1111129,0.989001,0.01535256,0.0116243129596114,0,0
156448,0.01667,40.7277016676962,0.183668,0.2454815,0.3883305,-0.08959109,0.1091007,0.9898163,0.01827919,0.0116243129596114,0,0
156450,0.0166649,40.7443665675819,0.183668,0.2454815,0.3883305,-0.08959109,0.1091007,0.9898163,0.01827919,0.0116243129596114,0,0
156454,0.0166682,40.7610347680748,0.183668,0.2454815,0.3883305,-0.08959109,0.1091007,0.9898163,0.01827919,0.0116243129596114,0,0
156458,0.0166654,40.7777001671493,0.1827566,0.2459174,0.3882259,-0.08347473,0.1072819,0.9904878,0.02136583,0.0116243129596114,0,0
156462,0.0166674,40.7943675667048,0.1827566,0.2459174,0.3882259,-0.08347473,0.1072819,0.9904878,0.02136583,0.0116243129596114,0,0
156464,0.0166663,40.8110338672996,0.1827566,0.2459174,0.3882259,-0.08347473,0.1072819,0.9904878,0.02136583,0.0116243129596114,0,0
156468,0.0166676,40.8277014680207,0.181544,0.2445799,0.3884184,-0.07101914,0.1042157,0.9916198,0.02802793,0.0337861552834511,0,0
156470,0.0166661,40.8443675674498,0.181544,0.2445799,0.3884184,-0.07101914,0.1042157,0.9916198,0.02802793,0.0337861552834511,0,0
156474,0.0166684,40.8610359672457,0.1810393,0.2433608,0.38905,-0.06505529,0.1030407,0.9920496,0.03143144,0.0337861552834511,0,0
156476,0.0176011,40.8786370679736,0.1807846,0.2420343,0.3898977,-0.05936061,0.1023403,0.9923719,0.03465424,0.0337861552834511,0,0
156482,0.0166686,40.8953056670725,0.1807846,0.2420343,0.3898977,-0.05936061,0.1023403,0.9923719,0.03465424,0.0337861552834511,0,0
156484,0.0166659,40.9119715671986,0.1807846,0.2420343,0.3898977,-0.05936061,0.1023403,0.9923719,0.03465424,0.0337861552834511,0,0
156488,0.0166674,40.9286389667541,0.1805765,0.2405985,0.3911537,-0.05424226,0.1019364,0.9925925,0.03777372,0.0337861552834511,0,0
156490,0.0166659,40.9453048668802,0.1805765,0.2405985,0.3911537,-0.05424226,0.1019364,0.9925925,0.03777372,0.0337861552834511,0,0
156496,0.0166676,40.9619724676013,0.1805229,0.2387249,0.3924876,-0.04826407,0.1016315,0.9927888,0.0413772,0.0337861552834511,0,0
156498,0.0166664,40.9786388669163,0.1805229,0.2387249,0.3924876,-0.04826407,0.1016315,0.9927888,0.0413772,0.0337861552834511,0,0
156502,0.0166674,40.9953062664717,0.1805229,0.2387249,0.3924876,-0.04826407,0.1016315,0.9927888,0.0413772,0.0337861552834511,0,0
156504,0.018999,41.0143052656204,0.180602,0.2372139,0.3938236,-0.04372195,0.1016421,0.9928681,0.04438791,0.0337861552834511,0,0
156508,0.0166689,41.0309741664678,0.180602,0.2372139,0.3938236,-0.04372195,0.1016421,0.9928681,0.04438791,0.0337861552834511,0,0
156510,0.016693,41.0476671662182,0.180602,0.2372139,0.3938236,-0.04372195,0.1016421,0.9928681,0.04438791,0.0337861552834511,0,0
156516,0.0166683,41.0643354654312,0.1812127,0.2337111,0.3965136,-0.03428017,0.1019386,0.9928798,0.05121553,0.0337861552834511,0,0
156518,0.0166672,41.0810026656836,0.1812127,0.2337111,0.3965136,-0.03428017,0.1019386,0.9928798,0.05121553,0.0337861552834511,0,0
156522,0.0166665,41.0976691655815,0.1816223,0.2322507,0.3978433,-0.03000672,0.1023172,0.9928174,0.05426194,0.0337861552834511,0,0
156524,0.016667,41.1143361646682,0.1819673,0.2306974,0.3989702,-0.02591569,0.1025226,0.9927421,0.05727719,0.0337861552834511,0,0
156528,0.016667,41.1310031637549,0.1819673,0.2306974,0.3989702,-0.02591569,0.1025226,0.9927421,0.05727719,0.0395753309130669,0,0
156530,0.0166668,41.1476699635386,0.182235,0.2291306,0.3998296,-0.02227342,0.1025806,0.9926618,0.06003007,0.0395753309130669,0,0
156534,0.0166762,41.1643461640924,0.182235,0.2291306,0.3998296,-0.02227342,0.1025806,0.9926618,0.06003007,0.0395753309130669,0,0
156538,0.0176121,41.1819582637399,0.182235,0.2291306,0.3998296,-0.02227342,0.1025806,0.9926618,0.06003007,0.0395753309130669,0,0
156542,0.0166666,41.1986248642206,0.1824098,0.2276252,0.4005575,-0.0187935,0.1025332,0.9925793,0.06261002,0.0395753309130669,0,0
156544,0.0166671,41.2152919638902,0.1824098,0.2276252,0.4005575,-0.0187935,0.1025332,0.9925793,0.06261002,0.0395753309130669,0,0
156548,0.0166681,41.2319600638002,0.1825466,0.2261355,0.4012069,-0.0152267,0.1024882,0.9924763,0.0652314,0.0395753309130669,0,0
156550,0.0166662,41.2486262638122,0.1825466,0.2261355,0.4012069,-0.0152267,0.1024882,0.9924763,0.0652314,0.0395753309130669,0,0
156556,0.0166681,41.2652943637222,0.1825466,0.2261355,0.4012069,-0.0152267,0.1024882,0.9924763,0.0652314,0.0395753309130669,0,0
156558,0.0166651,41.2819594629109,0.1825466,0.2261355,0.4012069,-0.0152267,0.1024882,0.9924763,0.0652314,0.0395753309130669,0,0
156562,0.0166664,41.2986258622259,0.1826266,0.2225773,0.402318,-0.00799948,0.1023849,0.9921535,0.07130743,0.0395753309130669,0,0
156564,0.0166699,41.3152957614511,0.1826266,0.2225773,0.402318,-0.00799948,0.1023849,0.9921535,0.07130743,0.0395753309130669,0,0
156568,0.0166641,41.331959862262,0.1826799,0.2208162,0.402882,-0.004691881,0.1023448,0.9919659,0.0742109,0.0395753309130669,0,0
156570,0.0166687,41.3486285619438,0.1827294,0.2188419,0.4034265,-0.0014189,0.1021349,0.9917611,0.07730712,0.0395753309130669,0,0
156574,0.0166666,41.3652951624244,0.1827294,0.2188419,0.4034265,-0.0014189,0.1021349,0.9917611,0.07730712,0.0395753309130669,0,0
156578,0.0166686,41.3819637615234,0.1827294,0.2188419,0.4034265,-0.0014189,0.1021349,0.9917611,0.07730712,0.0395753309130669,0,0
156582,0.0166651,41.3986288607121,0.1827911,0.2169339,0.4039521,0.001505701,0.1018885,0.9915593,0.08016685,0.0395753309130669,0,0
156584,0.016668,41.4152968600392,0.1827911,0.2169339,0.4039521,0.001505701,0.1018885,0.9915593,0.08016685,0.0395753309130669,0,0
156590,0.0166657,41.4319625608623,0.1829496,0.214588,0.4046963,0.004920547,0.1016993,0.9912962,0.08345548,0.0398360267281532,0,0
156592,0.0166663,41.4486288614571,0.1829496,0.214588,0.4046963,0.004920547,0.1016993,0.9912962,0.08345548,0.0398360267281532,0,0
156596,0.0166681,41.4652969613671,0.1834116,0.210817,0.4062247,0.0115611,0.1017156,0.9907195,0.08941595,0.0398360267281532,0,0
156598,0.0166653,41.4819622617215,0.1834116,0.210817,0.4062247,0.0115611,0.1017156,0.9907195,0.08941595,0.0398360267281532,0,0
156600,0.0166679,41.4986301623285,0.1834116,0.210817,0.4062247,0.0115611,0.1017156,0.9907195,0.08941595,0.0398360267281532,0,0
156606,0.0166682,41.5152983628213,0.18368,0.2087862,0.4069925,0.01517256,0.1017635,0.9903861,0.09246279,0.0398360267281532,0,0
156610,0.0166644,41.5319627635181,0.18368,0.2087862,0.4069925,0.01517256,0.1017635,0.9903861,0.09246279,0.0398360267281532,0,0
156614,0.0202422,41.5522049628198,0.1840015,0.2072155,0.4077137,0.01860721,0.1019891,0.9900537,0.09510876,0.0398360267281532,0,0
156616,0.0210651,41.5732700619847,0.1840015,0.2072155,0.4077137,0.01860721,0.1019891,0.9900537,0.09510876,0.0398360267281532,0,0
156620,0.0166683,41.5899383611977,0.1843518,0.2055458,0.4082743,0.02238119,0.1021575,0.989693,0.09782943,0.0398360267281532,0,0
156624,0.016667,41.6066053602844,0.1843518,0.2055458,0.4082743,0.02238119,0.1021575,0.989693,0.09782943,0.0398360267281532,0,0
156628,0.0166671,41.623272459954,0.1847256,0.2040394,0.4087011,0.02590635,0.1022854,0.9893531,0.1002345,0.0398360267281532,0,0
156630,0.0220431,41.6453155595809,0.1847256,0.2040394,0.4087011,0.02590635,0.1022854,0.9893531,0.1002345,0.0398360267281532,0,0
156634,0.0166674,41.6619829591364,0.1847256,0.2040394,0.4087011,0.02590635,0.1022854,0.9893531,0.1002345,0.0398360267281532,0,0
156638,0.016666,41.6786489598453,0.1852063,0.2025802,0.4090146,0.02996411,0.1025421,0.9889603,0.1026885,0.0398360267281532,0,0
156642,0.0166682,41.6953171603382,0.1852063,0.2025802,0.4090146,0.02996411,0.1025421,0.9889603,0.1026885,0.0398360267281532,0,0
156644,0.0166655,41.7119826599956,0.1852063,0.2025802,0.4090146,0.02996411,0.1025421,0.9889603,0.1026885,0.0398360267281532,0,0
156648,0.0166678,41.7286504600197,0.1863797,0.2002627,0.4095477,0.03800973,0.1034203,0.988115,0.1071836,0.0398360267281532,0,0
156652,0.0166655,41.7453159596771,0.1863797,0.2002627,0.4095477,0.03800973,0.1034203,0.988115,0.1071836,0.0398360267281532,0,0
156656,0.0166687,41.7619846593589,0.1870146,0.1991818,0.4097004,0.04200351,0.1037632,0.9876962,0.1092024,0.0398360267281532,0,0
156658,0.0192032,41.7811878584325,0.1876064,0.1981764,0.4097157,0.04552747,0.1039742,0.9873229,0.1109511,0.0398360267281532,0,0
156662,0.0166685,41.7978563588113,0.1876064,0.1981764,0.4097157,0.04552747,0.1039742,0.9873229,0.1109511,0.0398360267281532,0,0
156664,0.0167043,41.8145606592298,0.1882573,0.1971458,0.4095579,0.04926013,0.1041558,0.986941,0.112572,0.0398360267281532,0,0
156668,0.0166676,41.8312282599509,0.1882573,0.1971458,0.4095579,0.04926013,0.1041558,0.986941,0.112572,0.0398360267281532,0,0
156672,0.0199545,41.8511827606708,0.1882573,0.1971458,0.4095579,0.04926013,0.1041558,0.986941,0.112572,0.0398360267281532,0,0
156676,0.0166675,41.8678502608091,0.1889352,0.1961533,0.4093275,0.05314863,0.1045309,0.9865144,0.1141831,0.0398360267281532,0,0
156678,0.016674,41.8845242615789,0.1889352,0.1961533,0.4093275,0.05314863,0.1045309,0.9865144,0.1141831,0.0398360267281532,0,0
156682,0.0166673,41.9011915624142,0.1900614,0.1943792,0.4087023,0.06044111,0.1051629,0.9856991,0.1169825,0.0398360267281532,0,0
156686,0.0166663,41.917857863009,0.1900614,0.1943792,0.4087023,0.06044111,0.1051629,0.9856991,0.1169825,0.0398360267281532,0,0
156688,0.0166673,41.9345251638442,0.1900614,0.1943792,0.4087023,0.06044111,0.1051629,0.9856991,0.1169825,0.0398360267281532,0,0
156692,0.0166671,41.9511922635138,0.1900614,0.1943792,0.4087023,0.06044111,0.1051629,0.9856991,0.1169825,0.0398360267281532,0,0
156694,0.0166674,41.9678596630692,0.1905672,0.1935289,0.4083085,0.06404226,0.1054408,0.9853031,0.1181464,0.0398360267281532,0,0
156698,0.0167787,41.9846383631229,0.1910554,0.1928142,0.4078714,0.06702305,0.105698,0.9849889,0.1188806,0.0398360267281532,0,0
156702,0.0166663,42.0013046637177,0.1910554,0.1928142,0.4078714,0.06702305,0.105698,0.9849889,0.1188806,0.0398360267281532,0,0
156704,0.0166666,42.0179712641984,0.1916925,0.1920858,0.407277,0.0705069,0.1060979,0.9846211,0.1195547,0.0398360267281532,0,0
156708,0.0166671,42.034638363868,0.1916925,0.1920858,0.407277,0.0705069,0.1060979,0.9846211,0.1195547,0.0398360267281532,0,0
156712,0.0166671,42.0513054635376,0.1916925,0.1920858,0.407277,0.0705069,0.1060979,0.9846211,0.1195547,0.0398360267281532,0,0
156716,0.0166675,42.0679729636759,0.1923271,0.191528,0.406652,0.07383526,0.1067915,0.9842381,0.1200804,0.0398366823792458,0,0
156718,0.016668,42.084640963003,0.1923271,0.191528,0.406652,0.07383526,0.1067915,0.9842381,0.1200804,0.0398366823792458,0,0
156722,0.0166665,42.1013074629009,0.1928691,0.1911241,0.40589,0.07691775,0.1074167,0.9839113,0.1202654,0.0398366823792458,0,0
156726,0.0166651,42.1179725620896,0.1928691,0.1911241,0.40589,0.07691775,0.1074167,0.9839113,0.1202654,0.0398366823792458,0,0
156728,0.0166673,42.1346398629248,0.1928691,0.1911241,0.40589,0.07691775,0.1074167,0.9839113,0.1202654,0.0398366823792458,0,0
156732,0.0166668,42.1513066627085,0.193831,0.1903692,0.4036894,0.08296259,0.1084688,0.9833912,0.1195559,0.0398366823792458,0,0
156736,0.0166668,42.1679734624922,0.193831,0.1903692,0.4036894,0.08296259,0.1084688,0.9833912,0.1195559,0.0398366823792458,0,0
156738,0.0166671,42.1846405621618,0.193831,0.1903692,0.4036894,0.08296259,0.1084688,0.9833912,0.1195559,0.0398366823792458,0,0
156742,0.016667,42.2013075612485,0.1947602,0.1900122,0.4006704,0.08844963,0.1094989,0.9830963,0.1170825,0.0398366823792458,0,0
156746,0.0166659,42.2179734613746,0.1947602,0.1900122,0.4006704,0.08844963,0.1094989,0.9830963,0.1170825,0.0398366823792458,0,0
156750,0.0166669,42.2346403617412,0.1947602,0.1900122,0.4006704,0.08844963,0.1094989,0.9830963,0.1170825,0.0398366823792458,0,0
156752,0.0166666,42.2513069622219,0.1947602,0.1900122,0.4006704,0.08844963,0.1094989,0.9830963,0.1170825,0.0398366823792458,0,0
156756,0.0166663,42.2679732628167,0.1951582,0.1901751,0.3988201,0.0908022,0.1102261,0.9830377,0.1150742,0.0398366823792458,0,0
156758,0.0166676,42.2846408635378,0.1951582,0.1901751,0.3988201,0.0908022,0.1102261,0.9830377,0.1150742,0.0398366823792458,0,0
156764,0.0166674,42.3013082630932,0.1953142,0.190635,0.397044,0.09251177,0.1108637,0.9830574,0.1129107,0.0398366823792458,0,0
156766,0.0168612,42.3181694634259,0.1953142,0.190635,0.397044,0.09251177,0.1108637,0.9830574,0.1129107,0.0398366823792458,0,0
156770,0.0166675,42.3348369635642,0.1953142,0.190635,0.397044,0.09251177,0.1108637,0.9830574,0.1129107,0.0398360267281532,0,0
156772,0.016666,42.3515029642731,0.1950037,0.1925858,0.3930794,0.09379711,0.1116441,0.9834402,0.1076245,0.0398360267281532,0,0
156776,0.0166685,42.3681714646518,0.1950037,0.1925858,0.3930794,0.09379711,0.1116441,0.9834402,0.1076245,0.0398360267281532,0,0
156778,0.0178371,42.3860085643828,0.1950037,0.1925858,0.3930794,0.09379711,0.1116441,0.9834402,0.1076245,0.0398360267281532,0,0
156784,0.0166681,42.4026766642928,0.1944413,0.1952885,0.3892902,0.09314018,0.1123926,0.9840769,0.1014172,0.0398360267281532,0,0
156786,0.0166663,42.4193429648876,0.1944413,0.1952885,0.3892902,0.09314018,0.1123926,0.9840769,0.1014172,0.0398360267281532,0,0
156788,0.0166678,42.4360107649118,0.1944413,0.1952885,0.3892902,0.09314018,0.1123926,0.9840769,0.1014172,0.0398360267281532,0,0
156792,0.0166667,42.4526774641126,0.1938625,0.1969148,0.3872883,0.09224093,0.1128842,0.9844726,0.09778778,0.0398360267281532,0,0
156794,0.0166668,42.4693442638963,0.1938625,0.1969148,0.3872883,0.09224093,0.1128842,0.9844726,0.09778778,0.0398360267281532,0,0
156798,0.0166671,42.4860113635659,0.1938625,0.1969148,0.3872883,0.09224093,0.1128842,0.9844726,0.09778778,0.0398360267281532,0,0
156802,0.0166679,42.5026792641729,0.1930344,0.1985281,0.3854792,0.09094469,0.1135352,0.9848947,0.09392152,0.0398360267281532,0,0
156806,0.0166653,42.5193445645273,0.1930344,0.1985281,0.3854792,0.09094469,0.1135352,0.9848947,0.09392152,0.0398360267281532,0,0
156810,0.016667,42.536011563614,0.1919737,0.2001474,0.3839941,0.08946662,0.1143704,0.9853025,0.08996724,0.0398366823792458,0,0
156812,0.0166675,42.5526790637523,0.1919737,0.2001474,0.3839941,0.08946662,0.1143704,0.9853025,0.08996724,0.0398366823792458,0,0
156816,0.0166664,42.5693454630673,0.1919737,0.2001474,0.3839941,0.08946662,0.1143704,0.9853025,0.08996724,0.0398366823792458,0,0
156820,0.0166668,42.586012262851,0.1887968,0.2029945,0.3819058,0.08520397,0.1161879,0.9861526,0.08211989,0.0398366823792458,0,0
156822,0.0200157,42.6060279626399,0.1887968,0.2029945,0.3819058,0.08520397,0.1161879,0.9861526,0.08211989,0.0398366823792458,0,0
156828,0.0166687,42.6226966623217,0.1865396,0.2042778,0.3813306,0.08235519,0.1172258,0.9865977,0.07810687,0.0398366823792458,0,0
156830,0.0204101,42.6431067623198,0.1845708,0.2052487,0.3811161,0.07977152,0.1182472,0.986955,0.0746582,0.0398366823792458,0,0
156834,0.0166684,42.6597751621157,0.1845708,0.2052487,0.3811161,0.07977152,0.1182472,0.986955,0.0746582,0.0398366823792458,0,0
156836,0.0166672,42.6764423623681,0.1845708,0.2052487,0.3811161,0.07977152,0.1182472,0.986955,0.0746582,0.0398366823792458,0,0
156842,0.0166657,42.6931080631912,0.1819756,0.2059414,0.3812191,0.07659965,0.1193841,0.9873501,0.07085001,0.0398366823792458,0,0
156844,0.0181033,42.7112113628536,0.1819756,0.2059414,0.3812191,0.07659965,0.1193841,0.9873501,0.07085001,0.0398366823792458,0,0
156850,0.016669,42.7278803624213,0.179621,0.206139,0.381661,0.0735312,0.1204673,0.98768,0.06759512,0.0398360267281532,0,0
156852,0.018672,42.7465523630381,0.179621,0.206139,0.381661,0.0735312,0.1204673,0.98768,0.06759512,0.0398360267281532,0,0
156856,0.0166683,42.7632206622511,0.179621,0.206139,0.381661,0.0735312,0.1204673,0.98768,0.06759512,0.0398360267281532,0,0
156858,0.020423,42.7836436629295,0.1746709,0.2056684,0.3836733,0.06670643,0.1225185,0.9882532,0.06241037,0.0398360267281532,0,0
156864,0.0166674,42.800311062485,0.1746709,0.2056684,0.3836733,0.06670643,0.1225185,0.9882532,0.06241037,0.0398360267281532,0,0
156866,0.0173536,42.817664662376,0.1746709,0.2056684,0.3836733,0.06670643,0.1225185,0.9882532,0.06241037,0.0398360267281532,0,0
156870,0.0166682,42.8343328628689,0.1699813,0.2036822,0.3864373,0.05958427,0.1239283,0.9887555,0.05877169,0.0398360267281532,0,0
156872,0.017258,42.8515908624977,0.1699813,0.2036822,0.3864373,0.05958427,0.1239283,0.9887555,0.05877169,0.0398360267281532,0,0
156876,0.016668,42.8682588618249,0.1699813,0.2036822,0.3864373,0.05958427,0.1239283,0.9887555,0.05877169,0.0398360267281532,0,0
156878,0.0192088,42.8874676618725,0.1678817,0.2020796,0.3880546,0.05607781,0.1243378,0.9889755,0.05764461,0.0398360267281532,0,0
156884,0.0166748,42.9041424617171,0.1678817,0.2020796,0.3880546,0.05607781,0.1243378,0.9889755,0.05764461,0.0398360267281532,0,0
156886,0.0166617,42.9208041615784,0.1678817,0.2020796,0.3880546,0.05607781,0.1243378,0.9889755,0.05764461,0.0398360267281532,0,0
156890,0.0166732,42.9374773614109,0.1662319,0.2003973,0.3897829,0.05282757,0.1247082,0.9891452,0.05699844,0.0398360267281532,0,0
156892,0.016664,42.9541413616389,0.1662319,0.2003973,0.3897829,0.05282757,0.1247082,0.9891452,0.05699844,0.0398360267281532,0,0
156896,0.0166777,42.970819061622,0.1662319,0.2003973,0.3897829,0.05282757,0.1247082,0.9891452,0.05699844,0.0398360267281532,0,0
156898,0.0166613,42.9874803610146,0.1639387,0.1964467,0.393933,0.04519084,0.1258705,0.9894595,0.05553689,0.0398360267281532,0,0
156904,0.0166705,43.0041508618742,0.1639387,0.1964467,0.393933,0.04519084,0.1258705,0.9894595,0.05553689,0.0398360267281532,0,0
156908,0.0190994,43.0232502613217,0.1633992,0.1943882,0.3958873,0.04145805,0.1264054,0.9896002,0.05472109,0.0398360267281532,0,0
156910,0.0202808,43.0435310620815,0.1630916,0.1925767,0.3975233,0.03724913,0.1268351,0.9897698,0.0536765,0.0398360267281532,0,0
156916,0.0166691,43.0602001622319,0.1630916,0.1925767,0.3975233,0.03724913,0.1268351,0.9897698,0.0536765,0.0398360267281532,0,0
156918,0.0185931,43.0787932630628,0.1630916,0.1925767,0.3975233,0.03724913,0.1268351,0.9897698,0.0536765,0.0398360267281532,0,0
156922,0.0166685,43.0954617634416,0.1630578,0.1906744,0.3990006,0.03322293,0.1271475,0.9899268,0.05267482,0.0398360267281532,0,0
156924,0.0189927,43.1144544631243,0.1630578,0.1906744,0.3990006,0.03322293,0.1271475,0.9899268,0.05267482,0.0398360267281532,0,0
156930,0.0166682,43.1311226636171,0.1630879,0.1891143,0.4001077,0.02913477,0.1274954,0.990071,0.05153134,0.0398360267281532,0,0
156932,0.0166655,43.1477881632745,0.1630879,0.1891143,0.4001077,0.02913477,0.1274954,0.990071,0.05153134,0.0398360267281532,0,0
156934,0.016668,43.1644561626017,0.1630879,0.1891143,0.4001077,0.02913477,0.1274954,0.990071,0.05153134,0.0398360267281532,0,0
156938,0.0166674,43.1811235621572,0.1632006,0.1863841,0.4018176,0.02065443,0.1281591,0.9903249,0.04904417,0.0398360267281532,0,0
156940,0.0166667,43.197790261358,0.1632006,0.1863841,0.4018176,0.02065443,0.1281591,0.9903249,0.04904417,0.0398360267281532,0,0
156944,0.0166672,43.2144574616104,0.1633253,0.1851377,0.4023749,0.01615513,0.1284444,0.9904493,0.04744659,0.0398360267281532,0,0
156950,0.0166674,43.2311248611659,0.1633253,0.1851377,0.4023749,0.01615513,0.1284444,0.9904493,0.04744659,0.0398360267281532,0,0
156952,0.0176183,43.2487431615591,0.1635595,0.1840179,0.4027305,0.01180637,0.128643,0.9905669,0.04570331,0.0398360267281532,0,0
156956,0.016669,43.2654121611267,0.1635595,0.1840179,0.4027305,0.01180637,0.128643,0.9905669,0.04570331,0.0398360267281532,0,0
156958,0.017444,43.2828561607748,0.1639363,0.1830895,0.4029748,0.007533001,0.1287445,0.9906666,0.04413421,0.0398360267281532,0,0
156964,0.0177053,43.3005614615977,0.1639363,0.1830895,0.4029748,0.007533001,0.1287445,0.9906666,0.04413421,0.0398360267281532,0,0
156966,0.0199345,43.320495961234,0.1639363,0.1830895,0.4029748,0.007533001,0.1287445,0.9906666,0.04413421,0.0398360267281532,0,0
156970,0.0166786,43.3371745608747,0.1643964,0.1823389,0.4031379,0.003453042,0.1288441,0.990738,0.04272456,0.0398360267281532,0,0
156972,0.0166557,43.353830261156,0.1643964,0.1823389,0.4031379,0.003453042,0.1288441,0.990738,0.04272456,0.0398360267281532,0,0
156976,0.0166745,43.3705047611147,0.1656985,0.1810179,0.4033137,-0.004578835,0.1291458,0.990825,0.03957532,0.0398360267281532,0,0
156980,0.0166602,43.3871649615467,0.1656985,0.1810179,0.4033137,-0.004578835,0.1291458,0.990825,0.03957532,0.0398360267281532,0,0
156984,0.0166734,43.4038383606821,0.1656985,0.1810179,0.4033137,-0.004578835,0.1291458,0.990825,0.03957532,0.0398360267281532,0,0
156986,0.0166612,43.4204995613545,0.1663316,0.1804947,0.4033606,-0.008218589,0.129194,0.9908543,0.0380674,0.0398360267281532,0,0
156990,0.0166897,43.4371892604977,0.1670122,0.1800743,0.4034235,-0.01176375,0.1292496,0.9908688,0.03653967,0.0398360267281532,0,0
156992,0.0166607,43.4538499601185,0.1670122,0.1800743,0.4034235,-0.01176375,0.1292496,0.9908688,0.03653967,0.0398360267281532,0,0
156996,0.0166767,43.4705266598612,0.1670122,0.1800743,0.4034235,-0.01176375,0.1292496,0.9908688,0.03653967,0.0398366823792458,0,0
156998,0.0166602,43.4871868602932,0.1676412,0.1798561,0.4035326,-0.01471666,0.129459,0.9908527,0.0351375,0.0398366823792458,0,0
157004,0.0166692,43.5038560610265,0.1676412,0.1798561,0.4035326,-0.01471666,0.129459,0.9908527,0.0351375,0.0398366823792458,0,0
157006,0.0174261,43.5212821606547,0.1676412,0.1798561,0.4035326,-0.01471666,0.129459,0.9908527,0.0351375,0.0398366823792458,0,0
157010,0.0166685,43.5379506610334,0.1682457,0.179684,0.403606,-0.01784042,0.129658,0.9908261,0.03367584,0.0398366823792458,0,0
157012,0.016666,43.5546166617423,0.1682457,0.179684,0.403606,-0.01784042,0.129658,0.9908261,0.03367584,0.0398366823792458,0,0
157016,0.01667,43.5712866615504,0.169117,0.1795599,0.4037384,-0.02335537,0.1300083,0.9907504,0.03108,0.0398366823792458,0,0
157018,0.0179203,43.5892069619149,0.169117,0.1795599,0.4037384,-0.02335537,0.1300083,0.9907504,0.03108,0.0398366823792458,0,0
157024,0.0166679,43.6058748625219,0.169117,0.1795599,0.4037384,-0.02335537,0.1300083,0.9907504,0.03108,0.0398366823792458,0,0
157026,0.0166668,43.6225416623056,0.169117,0.1795599,0.4037384,-0.02335537,0.1300083,0.9907504,0.03108,0.0398366823792458,0,0
157030,0.0166672,43.639208862558,0.1696578,0.1795506,0.4039977,-0.02805717,0.130418,0.9906437,0.02879291,0.0398366823792458,0,0
157032,0.0166678,43.6558766625822,0.1696578,0.1795506,0.4039977,-0.02805717,0.130418,0.9906437,0.02879291,0.0398366823792458,0,0
157036,0.0166667,43.672543361783,0.1696578,0.1795506,0.4039977,-0.02805717,0.130418,0.9906437,0.02879291,0.0398366823792458,0,0
157038,0.0166668,43.6892101615667,0.1699059,0.1795524,0.4041533,-0.03031431,0.1307045,0.9905742,0.02757027,0.0398366823792458,0,0
157044,0.0166669,43.7058770619333,0.1699059,0.1795524,0.4041533,-0.03031431,0.1307045,0.9905742,0.02757027,0.0398366823792458,0,0
157046,0.0166678,43.7225448619574,0.1699059,0.1795524,0.4041533,-0.03031431,0.1307045,0.9905742,0.02757027,0.0398366823792458,0,0
157050,0.0166658,43.7392106615007,0.1701868,0.1795296,0.4042286,-0.0319654,0.1309802,0.9905149,0.02650688,0.0398366823792458,0,0
157052,0.0166665,43.7558771613985,0.1701868,0.1795296,0.4042286,-0.0319654,0.1309802,0.9905149,0.02650688,0.0398366823792458,0,0
157056,0.0166678,43.7725449614227,0.1707792,0.1793277,0.4041981,-0.03478532,0.1313472,0.9904168,0.02474798,0.0398366823792458,0,0
157058,0.0166668,43.7892117612064,0.1707792,0.1793277,0.4041981,-0.03478532,0.1313472,0.9904168,0.02474798,0.0398366823792458,0,0
157064,0.0166666,43.8058783616871,0.1707792,0.1793277,0.4041981,-0.03478532,0.1313472,0.9904168,0.02474798,0.0398366823792458,0,0
157066,0.0166677,43.8225460611284,0.1711628,0.1790651,0.4040771,-0.03606256,0.1314304,0.9903801,0.02393298,0.0398366823792458,0,0
157070,0.0166661,43.8392121605575,0.1711628,0.1790651,0.4040771,-0.03606256,0.1314304,0.9903801,0.02393298,0.0398366823792458,0,0
157072,0.0166676,43.8558797612786,0.1716012,0.1786367,0.4038734,-0.0372665,0.1314083,0.9903563,0.0231847,0.0398366823792458,0,0
157076,0.0166668,43.8725465610623,0.1716012,0.1786367,0.4038734,-0.0372665,0.1314083,0.9903563,0.0231847,0.0398366823792458,0,0
157078,0.0166666,43.889213161543,0.1719658,0.1781206,0.4036784,-0.03836754,0.1313273,0.9903395,0.02255573,0.0398366823792458,0,0
157084,0.0166669,43.9058800619096,0.1719658,0.1781206,0.4036784,-0.03836754,0.1313273,0.9903395,0.02255573,0.0398366823792458,0,0
157086,0.0166676,43.9225476626307,0.1719658,0.1781206,0.4036784,-0.03836754,0.1313273,0.9903395,0.02255573,0.0398366823792458,0,0
157090,0.0166658,43.9392134621739,0.1723573,0.1773923,0.4034303,-0.03944439,0.1311791,0.9903312,0.02191776,0.0398366823792458,0,0
157092,0.0166677,43.9558811616153,0.1723573,0.1773923,0.4034303,-0.03944439,0.1311791,0.9903312,0.02191776,0.0398366823792458,0,0
157096,0.0166666,43.9725477620959,0.1727231,0.1764709,0.4031383,-0.04043832,0.1309367,0.9903356,0.02134986,0.0398366823792458,0,0
157098,0.0166674,43.9892151616514,0.1727231,0.1764709,0.4031383,-0.04043832,0.1309367,0.9903356,0.02134986,0.0398366823792458,0,0
157104,0.0166684,44.0058835614473,0.1727231,0.1764709,0.4031383,-0.04043832,0.1309367,0.9903356,0.02134986,0.0398366823792458,0,0
157106,0.0166671,44.0225506611168,0.173359,0.174386,0.4025506,-0.04196228,0.130574,0.9903451,0.02015676,0.0398366823792458,0,0
157110,0.0166672,44.0392178613693,0.173359,0.174386,0.4025506,-0.04196228,0.130574,0.9903451,0.02015676,0.0398360267281532,0,0
157112,0.0166666,44.0558844618499,0.1736929,0.1731714,0.4022143,-0.04254616,0.1303373,0.9903626,0.01959294,0.0398360267281532,0,0
157116,0.016667,44.0725514609367,0.174056,0.1719624,0.4018675,-0.04322137,0.1300845,0.9903783,0.01899519,0.0398360267281532,0,0
157118,0.0166682,44.0892196614295,0.174056,0.1719624,0.4018675,-0.04322137,0.1300845,0.9903783,0.01899519,0.0398360267281532,0,0
157124,0.0166667,44.1058863606304,0.174056,0.1719624,0.4018675,-0.04322137,0.1300845,0.9903783,0.01899519,0.0398360267281532,0,0
157126,0.0166657,44.1225520614535,0.1746126,0.1707954,0.401462,-0.0436045,0.1298821,0.9904018,0.01826497,0.0398360267281532,0,0
157130,0.0166669,44.13921896182,0.1746126,0.1707954,0.401462,-0.0436045,0.1298821,0.9904018,0.01826497,0.0398360267281532,0,0
157132,0.0166656,44.1558845620602,0.1751997,0.1697638,0.4010224,-0.04373093,0.1296369,0.9904392,0.01766198,0.0398360267281532,0,0
157136,0.0166685,44.172553062439,0.1751997,0.1697638,0.4010224,-0.04373093,0.1296369,0.9904392,0.01766198,0.0398360267281532,0,0
157140,0.0166668,44.1892198622227,0.1751997,0.1697638,0.4010224,-0.04373093,0.1296369,0.9904392,0.01766198,0.0398360267281532,0,0
157144,0.0166665,44.2058863621205,0.1765048,0.16724,0.399859,-0.04344262,0.128887,0.9905686,0.01657812,0.0398360267281532,0,0
157146,0.018944,44.2248303629458,0.1765048,0.16724,0.399859,-0.04344262,0.128887,0.9905686,0.01657812,0.0398360267281532,0,0
157150,0.0166692,44.2414995636791,0.1765048,0.16724,0.399859,-0.04344262,0.128887,0.9905686,0.01657812,0.0398360267281532,0,0
157154,0.0166648,44.2581643629819,0.1771469,0.1658665,0.3992005,-0.04322508,0.1283839,0.9906506,0.01614053,0.0398360267281532,0,0
157158,0.0166679,44.2748322635889,0.177767,0.1643933,0.3984714,-0.04289347,0.1277687,0.9907499,0.01581153,0.0398360267281532,0,0
157160,0.0169579,44.2917901631445,0.177767,0.1643933,0.3984714,-0.04289347,0.1277687,0.9907499,0.01581153,0.0398360267281532,0,0
157164,0.016668,44.3084581624717,0.177767,0.1643933,0.3984714,-0.04289347,0.1277687,0.9907499,0.01581153,0.0398360267281532,0,0
157166,0.0166667,44.3251248616725,0.1782518,0.1632621,0.3978755,-0.0424084,0.127389,0.9908251,0.01546338,0.0398360267281532,0,0
157170,0.0166671,44.3417919613421,0.1782518,0.1632621,0.3978755,-0.0424084,0.127389,0.9908251,0.01546338,0.0398353710770607,0,0
157172,0.0166669,44.3584588617086,0.1782518,0.1632621,0.3978755,-0.0424084,0.127389,0.9908251,0.01546338,0.0398353710770607,0,0
157176,0.016667,44.3751258607954,0.1786198,0.1624727,0.3974737,-0.04203719,0.1274996,0.9908383,0.01469972,0.0398353710770607,0,0
157178,0.0166671,44.391792960465,0.1786198,0.1624727,0.3974737,-0.04203719,0.1274996,0.9908383,0.01469972,0.0398353710770607,0,0
157182,0.0166669,44.4084598608315,0.1786198,0.1624727,0.3974737,-0.04203719,0.1274996,0.9908383,0.01469972,0.0398353710770607,0,0
157186,0.0166666,44.4251264613122,0.1788431,0.1617186,0.3964398,-0.04127191,0.1273846,0.9908997,0.01369828,0.0398353710770607,0,0
157190,0.0166671,44.4417935609818,0.1788431,0.1617186,0.3964398,-0.04127191,0.1273846,0.9908997,0.01369828,0.0398353710770607,0,0
157192,0.0166666,44.4584601614624,0.1791447,0.1610109,0.3951308,-0.0404298,0.1268185,0.9910154,0.01307723,0.0398353710770607,0,0
157196,0.016667,44.4751271605492,0.1791447,0.1610109,0.3951308,-0.0404298,0.1268185,0.9910154,0.01307723,0.0398353710770607,0,0
157200,0.0166669,44.4917940609157,0.1793098,0.1606908,0.3939169,-0.03983926,0.1266414,0.9910747,0.01207096,0.0398353710770607,0,0
157204,0.0166666,44.5084606613964,0.1793098,0.1606908,0.3939169,-0.03983926,0.1266414,0.9910747,0.01207096,0.0398353710770607,0,0
157206,0.016668,44.5251286607236,0.1794146,0.1607016,0.3930803,-0.03941861,0.1268723,0.9910761,0.01085649,0.0398353710770607,0,0
157210,0.0166661,44.5417947601527,0.1794146,0.1607016,0.3930803,-0.03941861,0.1268723,0.9910761,0.01085649,0.0398301184177399,0,0
157212,0.016669,44.5584637597203,0.1794146,0.1607016,0.3930803,-0.03941861,0.1268723,0.9910761,0.01085649,0.0398301184177399,0,0
157216,0.0166651,44.575128858909,0.1794947,0.1607273,0.3923356,-0.03897859,0.1270196,0.991085,0.009859049,0.0398301184177399,0,0
157220,0.0166673,44.5917961597443,0.1794947,0.1607273,0.3923356,-0.03897859,0.1270196,0.991085,0.009859049,0.0398301184177399,0,0
157224,0.0166666,44.6084627602249,0.1794947,0.1607273,0.3923356,-0.03897859,0.1270196,0.991085,0.009859049,0.0398301184177399,0,0
157226,0.0166672,44.6251299604774,0.1794005,0.1598158,0.3898877,-0.03802776,0.1260568,0.9912564,0.008628784,0.0398301184177399,0,0
157230,0.0166669,44.6417968608439,0.1794005,0.1598158,0.3898877,-0.03802776,0.1260568,0.9912564,0.008628784,0.0398301184177399,0,0
157232,0.016667,44.6584638599306,0.1793078,0.1592664,0.3885879,-0.03772042,0.1254466,0.9913502,0.008072329,0.0398301184177399,0,0
157236,0.0172996,44.6757634598762,0.1791822,0.1587148,0.3873964,-0.03797451,0.1245813,0.9914509,0.007912354,0.0398301184177399,0,0
157240,0.016747,44.6925104595721,0.1791822,0.1587148,0.3873964,-0.03797451,0.1245813,0.9914509,0.007912354,0.0398301184177399,0,0
157244,0.0165864,44.7090968601406,0.1791822,0.1587148,0.3873964,-0.03797451,0.1245813,0.9914509,0.007912354,0.0398301184177399,0,0
157246,0.0166686,44.7257654592395,0.1790174,0.1583452,0.3865776,-0.0384905,0.1238634,0.9915209,0.007906221,0.0398301184177399,0,0
157250,0.0166654,44.742430858314,0.1790174,0.1583452,0.3865776,-0.0384905,0.1238634,0.9915209,0.007906221,0.0398301184177399,0,0
157252,0.0166694,44.7591002583504,0.1787971,0.1580068,0.3857473,-0.03950173,0.1230385,0.991584,0.007896912,0.0398301184177399,0,0
157256,0.0166652,44.7757654581219,0.1787971,0.1580068,0.3857473,-0.03950173,0.1230385,0.991584,0.007896912,0.0398301184177399,0,0
157260,0.0166693,44.7924347575754,0.1787971,0.1580068,0.3857473,-0.03950173,0.1230385,0.991584,0.007896912,0.0398301184177399,0,0
157264,0.0166645,44.8090992569923,0.178764,0.1580593,0.3852345,-0.04092084,0.1225712,0.9915868,0.007574751,0.0398301184177399,0,0
157266,0.0166668,44.825766056776,0.178764,0.1580593,0.3852345,-0.04092084,0.1225712,0.9915868,0.007574751,0.0398301184177399,0,0
157270,0.0166679,44.842433957383,0.178764,0.1580593,0.3852345,-0.04092084,0.1225712,0.9915868,0.007574751,0.0398301184177399,0,0
157272,0.0167161,44.8591500576586,0.1787487,0.1580874,0.3840351,-0.04459736,0.1212622,0.9915936,0.006977431,0.0398301184177399,0,0
157276,0.0166207,44.8757707569748,0.1787487,0.1580874,0.3840351,-0.04459736,0.1212622,0.9915936,0.006977431,0.0398301184177399,0,0
157280,0.0166667,44.8924374561757,0.1787487,0.1580874,0.3840351,-0.04459736,0.1212622,0.9915936,0.006977431,0.0398301184177399,0,0
157284,0.0166667,44.9091041553766,0.1785966,0.15793,0.3829025,-0.04912252,0.1194848,0.9915961,0.006899043,0.0398301184177399,0,0
157286,0.0167341,44.9258382562548,0.1785966,0.15793,0.3829025,-0.04912252,0.1194848,0.9915961,0.006899043,0.0398301184177399,0,0
157290,0.0166645,44.9425027556717,0.1785966,0.15793,0.3829025,-0.04912252,0.1194848,0.9915961,0.006899043,0.0398340560495853,0,0
157292,0.0166675,44.95917025581,0.1783438,0.1575382,0.3823395,-0.05121741,0.1183317,0.9916251,0.00735181,0.0398340560495853,0,0
157298,0.0166659,44.9758361559361,0.1783438,0.1575382,0.3823395,-0.05121741,0.1183317,0.9916251,0.00735181,0.0398340560495853,0,0
157300,0.0166863,44.9925224557519,0.1783438,0.1575382,0.3823395,-0.05121741,0.1183317,0.9916251,0.00735181,0.0398340560495853,0,0
157304,0.016666,45.0091884564608,0.1783897,0.1576464,0.3822871,-0.05360587,0.1178874,0.9915528,0.007212686,0.0398340560495853,0,0
157306,0.0167132,45.0259016565979,0.1783897,0.1576464,0.3822871,-0.05360587,0.1178874,0.9915528,0.007212686,0.0398340560495853,0,0
157312,0.0166685,45.0425701569766,0.1784556,0.1577397,0.3823023,-0.05577207,0.1173443,0.9914969,0.007335767,0.0398340560495853,0,0
157314,0.0168449,45.0594150573015,0.1784556,0.1577397,0.3823023,-0.05577207,0.1173443,0.9914969,0.007335767,0.0398340560495853,0,0
157318,0.0166684,45.0760834570974,0.1783628,0.1578372,0.3824069,-0.0610618,0.1158948,0.9913509,0.007952897,0.0398340560495853,0,0
157320,0.01917,45.0952534563839,0.1783628,0.1578372,0.3824069,-0.0610618,0.1158948,0.9913509,0.007952897,0.0398340560495853,0,0
157324,0.0166677,45.1119211558253,0.1783628,0.1578372,0.3824069,-0.0610618,0.1158948,0.9913509,0.007952897,0.0398340560495853,0,0
157326,0.0185299,45.1304510552436,0.1783948,0.1578961,0.38245,-0.06371018,0.1151065,0.9912733,0.008288989,0.0398340560495853,0,0
157332,0.0166686,45.1471196543425,0.1784304,0.1579451,0.3825136,-0.06644916,0.114261,0.991188,0.008677535,0.0239781830459833,0,0
157334,0.0166659,45.1637855544686,0.1784304,0.1579451,0.3825136,-0.06644916,0.114261,0.991188,0.008677535,0.0239781830459833,0,0
157338,0.0166672,45.180452754721,0.1783336,0.158022,0.3826588,-0.06895467,0.1135594,0.9910939,0.009078406,0.0239781830459833,0,0
157340,0.016667,45.1971197538078,0.1783336,0.158022,0.3826588,-0.06895467,0.1135594,0.9910939,0.009078406,0.0239781830459833,0,0
157344,0.0166672,45.2137869540602,0.1783336,0.158022,0.3826588,-0.06895467,0.1135594,0.9910939,0.009078406,0.0239781830459833,0,0
157346,0.0166667,45.2304536532611,0.1782171,0.1581012,0.3827805,-0.07122892,0.1129117,0.9910036,0.00945109,0.0239781830459833,0,0
157352,0.0166672,45.2471208535135,0.1782171,0.1581012,0.3827805,-0.07122892,0.1129117,0.9910036,0.00945109,0.0239781830459833,0,0
157354,0.0168092,45.2639300543815,0.1782171,0.1581012,0.3827805,-0.07122892,0.1129117,0.9910036,0.00945109,0.0239781830459833,0,0
157358,0.016668,45.2805980537087,0.1782598,0.1584157,0.383115,-0.07608342,0.1115268,0.9907926,0.01015036,0.0239781830459833,0,0
157360,0.0166665,45.2972645536065,0.1782598,0.1584157,0.383115,-0.07608342,0.1115268,0.9907926,0.01015036,0.0239781830459833,0,0
157364,0.0166671,45.3139316532761,0.1784537,0.1588901,0.3832799,-0.07864569,0.1107726,0.9906744,0.01041149,0.0239781830459833,0,0
157366,0.0166672,45.3305988535285,0.1784537,0.1588901,0.3832799,-0.07864569,0.1107726,0.9906744,0.01041149,0.0239781830459833,0,0
157372,0.0166669,45.347265753895,0.1787246,0.1596514,0.3834583,-0.08099956,0.1101677,0.9905515,0.01048099,0.0239781830459833,0,0
157374,0.0166669,45.3639326542616,0.1787246,0.1596514,0.3834583,-0.08099956,0.1101677,0.9905515,0.01048099,0.0239781830459833,0,0
157378,0.0166667,45.3805993534625,0.1791731,0.1608752,0.3836429,-0.0834877,0.1095697,0.9904125,0.01036332,0.0239781830459833,0,0
157380,0.0187512,45.399350553751,0.1791731,0.1608752,0.3836429,-0.0834877,0.1095697,0.9904125,0.01036332,0.0239781830459833,0,0
157384,0.0166693,45.4160198532045,0.1791731,0.1608752,0.3836429,-0.0834877,0.1095697,0.9904125,0.01036332,0.0239781830459833,0,0
157388,0.016666,45.4326858539134,0.1796221,0.1624026,0.3838789,-0.08559059,0.1091832,0.9902784,0.01009797,0.0239781830459833,0,0
157392,0.0166677,45.4493535533547,0.1796221,0.1624026,0.3838789,-0.08559059,0.1091832,0.9902784,0.01009797,0.0239814668893814,0,0
157396,0.0166658,45.466019352898,0.1796221,0.1624026,0.3838789,-0.08559059,0.1091832,0.9902784,0.01009797,0.0239814668893814,0,0
157400,0.0178969,45.4839162528515,0.1799108,0.1642094,0.384087,-0.08778844,0.1086826,0.9901426,0.00994637,0.0239814668893814,0,0
157406,0.0226016,45.5065178535879,0.180106,0.1680622,0.3844542,-0.09222636,0.1077749,0.9898422,0.009548906,0.0239814668893814,0,0
157408,0.0225054,45.5290232542902,0.180106,0.1680622,0.3844542,-0.09222636,0.1077749,0.9898422,0.009548906,0.0239814668893814,0,0
157410,0.0166674,45.5456906538457,0.180106,0.1680622,0.3844542,-0.09222636,0.1077749,0.9898422,0.009548906,0.0239814668893814,0,0
157412,0.0166684,45.5623590536416,0.1801044,0.1700963,0.3845757,-0.0944047,0.107154,0.9897047,0.009511436,0.0239814668893814,0,0
157418,0.0166666,45.5790256541222,0.1800307,0.1722187,0.3846842,-0.0966173,0.1065145,0.9895606,0.009461668,0.0239814668893814,0,0
157424,0.0186021,45.5976277533919,0.1800307,0.1722187,0.3846842,-0.0966173,0.1065145,0.9895606,0.009461668,0.0239814668893814,0,0
157428,0.0240144,45.6216421537101,0.1799038,0.1742266,0.3848401,-0.09887245,0.106022,0.9893926,0.009264064,0.0239814668893814,0,0
157432,0.0212238,45.642865953967,0.1799038,0.1742266,0.3848401,-0.09887245,0.106022,0.9893926,0.009264064,0.0239814668893814,0,0
157434,0.0166874,45.659553354606,0.1799038,0.1742266,0.3848401,-0.09887245,0.106022,0.9893926,0.009264064,0.0239814668893814,0,0
157438,0.0166668,45.6762201543897,0.1797983,0.1762008,0.3850074,-0.1009577,0.1055545,0.9892339,0.009068923,0.0239814668893814,0,0
157440,0.0167121,45.6929322537035,0.1797983,0.1762008,0.3850074,-0.1009577,0.1055545,0.9892339,0.009068923,0.0239814668893814,0,0
157444,0.0166684,45.7096006534994,0.1794731,0.1801246,0.3855142,-0.1050577,0.1044336,0.9889259,0.009052968,0.0239814668893814,0,0
157446,0.0166655,45.7262661531568,0.1794731,0.1801246,0.3855142,-0.1050577,0.1044336,0.9889259,0.009052968,0.0239814668893814,0,0
157452,0.0166676,45.7429337538779,0.1794731,0.1801246,0.3855142,-0.1050577,0.1044336,0.9889259,0.009052968,0.0239821225404739,0,0
157454,0.0166657,45.7595994547009,0.1794595,0.1824272,0.3858926,-0.1071491,0.1039761,0.9887512,0.008898402,0.0239821225404739,0,0
157458,0.0166677,45.7762671541423,0.1795182,0.1846984,0.3862449,-0.1088042,0.1037413,0.988598,0.00855969,0.0239821225404739,0,0
157460,0.0166667,45.7929338533431,0.1795182,0.1846984,0.3862449,-0.1088042,0.1037413,0.988598,0.00855969,0.0239821225404739,0,0
157464,0.016672,45.8096058536321,0.1795156,0.1871138,0.3864395,-0.1104371,0.1033725,0.9884585,0.008218316,0.0239821225404739,0,0
157470,0.0192293,45.8288351539522,0.1795156,0.1871138,0.3864395,-0.1104371,0.1033725,0.9884585,0.008218316,0.0239821225404739,0,0
157472,0.0230414,45.851876553148,0.1794781,0.1895175,0.3864848,-0.1118685,0.1030989,0.9883304,0.007683703,0.0239821225404739,0,0
157474,0.0166678,45.8685443531722,0.1794781,0.1895175,0.3864848,-0.1118685,0.1030989,0.9883304,0.007683703,0.0239821225404739,0,0
157480,0.0166676,45.8852119538933,0.1794781,0.1895175,0.3864848,-0.1118685,0.1030989,0.9883304,0.007683703,0.0239821225404739,0,0
157482,0.0166665,45.9018784537911,0.1794781,0.1895175,0.3864848,-0.1118685,0.1030989,0.9883304,0.007683703,0.0239821225404739,0,0
157486,0.0166671,45.9185455534607,0.1793362,0.1920692,0.3864192,-0.1132641,0.1025941,0.9882266,0.007337708,0.0239821225404739,0,0
157488,0.0166668,45.9352123532444,0.1793362,0.1920692,0.3864192,-0.1132641,0.1025941,0.9882266,0.007337708,0.0239821225404739,0,0
157492,0.0166672,45.9518795534968,0.1787143,0.1971352,0.3860679,-0.1160678,0.1015978,0.9880103,0.006456097,0.0239821225404739,0,0
157494,0.0166666,45.9685461539775,0.1787143,0.1971352,0.3860679,-0.1160678,0.1015978,0.9880103,0.006456097,0.0239821225404739,0,0
157498,0.0166668,45.9852129537612,0.1787143,0.1971352,0.3860679,-0.1160678,0.1015978,0.9880103,0.006456097,0.0239821225404739,0,0
157500,0.016667,46.001879952848,0.1781447,0.1999101,0.385815,-0.1176316,0.1010526,0.9878845,0.005941859,0.0239821225404739,0,0
157506,0.0166665,46.0185464527458,0.1774491,0.2022626,0.385524,-0.1191313,0.1005471,0.9877592,0.005454284,0.0239821225404739,0,0
157508,0.0166687,46.0352151524276,0.1774491,0.2022626,0.385524,-0.1191313,0.1005471,0.9877592,0.005454284,0.0239328742027283,0,0
157512,0.0166674,46.051882551983,0.1765626,0.2049161,0.3852688,-0.1207911,0.09983914,0.9876311,0.005151543,0.0239328742027283,0,0
157514,0.0166668,46.0685493517667,0.1765626,0.2049161,0.3852688,-0.1207911,0.09983914,0.9876311,0.005151543,0.0239328742027283,0,0
157518,0.0166708,46.0852201525122,0.1765626,0.2049161,0.3852688,-0.1207911,0.09983914,0.9876311,0.005151543,0.0239328742027283,0,0
157520,0.0166669,46.1018870528787,0.1755995,0.2072711,0.3849861,-0.1222769,0.09908456,0.9875252,0.004970351,0.0239328742027283,0,0
157526,0.0166668,46.1185538526624,0.1755995,0.2072711,0.3849861,-0.1222769,0.09908456,0.9875252,0.004970351,0.0239328742027283,0,0
157528,0.0166667,46.1352205518633,0.1755995,0.2072711,0.3849861,-0.1222769,0.09908456,0.9875252,0.004970351,0.0239328742027283,0,0
157532,0.0175697,46.1527902521193,0.1746827,0.20951,0.3847563,-0.1236414,0.09852765,0.9874126,0.004637896,0.0239328742027283,0,0
157534,0.0166668,46.169457051903,0.1746827,0.20951,0.3847563,-0.1236414,0.09852765,0.9874126,0.004637896,0.0239328742027283,0,0
157538,0.0166677,46.1861247513443,0.172577,0.2143439,0.3842317,-0.1263931,0.09747595,0.9871724,0.003717899,0.0239328742027283,0,0
157542,0.0166666,46.202791351825,0.172577,0.2143439,0.3842317,-0.1263931,0.09747595,0.9871724,0.003717899,0.0239295903593302,0,0
157546,0.0166657,46.2194570526481,0.172577,0.2143439,0.3842317,-0.1263931,0.09747595,0.9871724,0.003717899,0.0239295903593302,0,0
157548,0.0166678,46.2361248526722,0.1712388,0.216894,0.3841109,-0.1277109,0.09702046,0.9870494,0.003235708,0.0239295903593302,0,0
157552,0.0166671,46.2527919523418,0.1697389,0.219282,0.3840196,-0.1287807,0.09653363,0.9869593,0.002864515,0.0239295903593302,0,0
157554,0.0166692,46.2694611530751,0.1697389,0.219282,0.3840196,-0.1287807,0.09653363,0.9869593,0.002864515,0.0239295903593302,0,0
157558,0.0166648,46.2861259523779,0.1675392,0.2222231,0.3838932,-0.1297864,0.09626,0.9868564,0.001995498,0.0239295903593302,0,0
157562,0.0166666,46.3027925528586,0.1675392,0.2222231,0.3838932,-0.1297864,0.09626,0.9868564,0.001995498,0.0239295903593302,0,0
157566,0.0166669,46.3194594532251,0.1675392,0.2222231,0.3838932,-0.1297864,0.09626,0.9868564,0.001995498,0.0239295903593302,0,0
157568,0.0166667,46.336126152426,0.1649452,0.2247723,0.3836577,-0.1306177,0.09580989,0.9867916,0.001326292,0.0239295903593302,0,0
157572,0.0166801,46.3528062514961,0.1649452,0.2247723,0.3836577,-0.1306177,0.09580989,0.9867916,0.001326292,0.0239295903593302,0,0
157574,0.0166664,46.3694726508111,0.1649452,0.2247723,0.3836577,-0.1306177,0.09580989,0.9867916,0.001326292,0.0239295903593302,0,0
157578,0.016667,46.3861396498978,0.1615546,0.2271634,0.3833094,-0.1311747,0.09535848,0.9867622,0.0005643392,0.0239295903593302,0,0
157582,0.0166671,46.4028067495674,0.1615546,0.2271634,0.3833094,-0.1311747,0.09535848,0.9867622,0.0005643392,0.0239295903593302,0,0
157586,0.0166666,46.4194733500481,0.1519496,0.2323573,0.3819759,-0.1321438,0.0939599,0.9867665,-0.001209978,0.0239295903593302,0,0
157590,0.0166673,46.4361406508833,0.1519496,0.2323573,0.3819759,-0.1321438,0.0939599,0.9867665,-0.001209978,0.0239295903593302,0,0
157592,0.0173443,46.4534849505872,0.1459098,0.2350564,0.3812485,-0.1322775,0.09294351,0.9868438,-0.001840637,0.0239295903593302,0,0
157594,0.0166698,46.4701547510922,0.1459098,0.2350564,0.3812485,-0.1322775,0.09294351,0.9868438,-0.001840637,0.0239243358373642,0,0
157598,0.0166658,46.4868205506355,0.1396309,0.2379782,0.3804869,-0.1322848,0.09207881,0.986922,-0.002694698,0.0239243358373642,0,0
157602,0.0166671,46.503487650305,0.1396309,0.2379782,0.3804869,-0.1322848,0.09207881,0.986922,-0.002694698,0.0239243358373642,0,0
157606,0.0166667,46.5201543495059,0.1323144,0.2410446,0.3795458,-0.1319516,0.09090724,0.9870729,-0.003411365,0.0239243358373642,0,0
157608,0.0166695,46.5368238501251,0.1323144,0.2410446,0.3795458,-0.1319516,0.09090724,0.9870729,-0.003411365,0.0239203963428736,0,0
157612,0.0166644,46.5534882508218,0.1323144,0.2410446,0.3795458,-0.1319516,0.09090724,0.9870729,-0.003411365,0.0239203963428736,0,0
157614,0.0166674,46.5701556503773,0.1247583,0.2442903,0.3784778,-0.1314758,0.08954418,0.9872586,-0.004041793,0.0239203963428736,0,0
157618,0.0166667,46.5868223495781,0.1247583,0.2442903,0.3784778,-0.1314758,0.08954418,0.9872586,-0.004041793,0.0239203963428736,0,0
157624,0.0166662,46.6034885495901,0.1093593,0.2509645,0.3764103,-0.1293002,0.08637913,0.9878246,-0.004773438,0.0239203963428736,0,0
157626,0.0186897,46.6221782490611,0.1093593,0.2509645,0.3764103,-0.1293002,0.08637913,0.9878246,-0.004773438,0.0239203963428736,0,0
157628,0.0166692,46.6388474497944,0.1093593,0.2509645,0.3764103,-0.1293002,0.08637913,0.9878246,-0.004773438,0.0239203963428736,0,0
157634,0.0166656,46.6555130500346,0.1010551,0.254615,0.3755864,-0.1276942,0.08455332,0.9881908,-0.004893967,0.0239203963428736,0,0
157636,0.0166685,46.6721815504134,0.09327643,0.2577482,0.374956,-0.1260972,0.08245599,0.9885744,-0.004586232,0.0239203963428736,0,0
157640,0.0166648,46.6888463497162,0.09327643,0.2577482,0.374956,-0.1260972,0.08245599,0.9885744,-0.004586232,0.0239203963428736,0,0
157644,0.0166682,46.705514550209,0.09327643,0.2577482,0.374956,-0.1260972,0.08245599,0.9885744,-0.004586232,0.0239203963428736,0,0
157646,0.0204952,46.7260097507387,0.08477378,0.2612503,0.3746452,-0.124102,0.07994448,0.9890363,-0.003836866,0.0239203963428736,0,0
157652,0.0166683,46.7426780499518,0.08477378,0.2612503,0.3746452,-0.124102,0.07994448,0.9890363,-0.003836866,0.0239131730049849,0,0
157654,0.0174046,46.760082649067,0.07725618,0.2643085,0.3745869,-0.1219838,0.07772921,0.9894791,-0.003042819,0.0239131730049849,0,0
157658,0.0166675,46.7767501492053,0.07725618,0.2643085,0.3745869,-0.1219838,0.07772921,0.9894791,-0.003042819,0.0239131730049849,0,0
157660,0.0180678,46.7948179487139,0.07725618,0.2643085,0.3745869,-0.1219838,0.07772921,0.9894791,-0.003042819,0.0239131730049849,0,0
157666,0.0166686,46.8114865478128,0.06883433,0.2675866,0.3747632,-0.1194026,0.07479779,0.990023,-0.00167009,0.0239131730049849,0,0
157668,0.0187665,46.8302530478686,0.06883433,0.2675866,0.3747632,-0.1194026,0.07479779,0.990023,-0.00167009,0.0239131730049849,0,0
157672,0.016668,46.8469210471958,0.054461,0.2725158,0.3753508,-0.1139321,0.06891887,0.9910943,0.001325863,0.0239131730049849,0,0
157674,0.0199877,46.8669087477028,0.054461,0.2725158,0.3753508,-0.1139321,0.06891887,0.9910943,0.001325863,0.0239131730049849,0,0
157678,0.0166683,46.8835770469159,0.054461,0.2725158,0.3753508,-0.1139321,0.06891887,0.9910943,0.001325863,0.0239131730049849,0,0
157682,0.0166662,46.9002432469279,0.04708173,0.2745017,0.3755318,-0.110815,0.065423,0.9916805,0.003105039,0.0239131730049849,0,0
157686,0.0166676,46.916910847649,0.03986911,0.2762011,0.3757809,-0.1075227,0.06174108,0.9922706,0.005083902,0.0239131730049849,0,0
157688,0.0166667,46.9335775468498,0.03986911,0.2762011,0.3757809,-0.1075227,0.06174108,0.9922706,0.005083902,0.0239131730049849,0,0
157692,0.0166667,46.9502442460507,0.03317863,0.2776878,0.3762494,-0.1042747,0.05815544,0.9928218,0.007040841,0.0239131730049849,0,0
157694,0.0166661,46.9669103454798,0.03317863,0.2776878,0.3762494,-0.1042747,0.05815544,0.9928218,0.007040841,0.0239131730049849,0,0
157698,0.0166678,46.983578145504,0.03317863,0.2776878,0.3762494,-0.1042747,0.05815544,0.9928218,0.007040841,0.0239006970077753,0,0
157702,0.0166662,47.000244345516,0.02697829,0.2789834,0.3768886,-0.1010209,0.05470989,0.993338,0.009014876,0.0239006970077753,0,0
157706,0.0166677,47.0169120449573,0.02697829,0.2789834,0.3768886,-0.1010209,0.05470989,0.993338,0.009014876,0.0239006970077753,0,0
157708,0.0166658,47.0335778445005,0.02697829,0.2789834,0.3768886,-0.1010209,0.05470989,0.993338,0.009014876,0.0238921605050564,0,0
157712,0.0166677,47.0502455439419,0.02026612,0.2803115,0.3779069,-0.09732938,0.05069004,0.9938946,0.01144422,0.0238921605050564,0,0
157714,0.0166659,47.066911444068,0.02026612,0.2803115,0.3779069,-0.09732938,0.05069004,0.9938946,0.01144422,0.0238921605050564,0,0
157718,0.0166679,47.0835793446749,0.008343229,0.2825935,0.3804703,-0.09009828,0.04347756,0.9948482,0.01640436,0.0238921605050564,0,0
157722,0.016725,47.100304344669,0.008343229,0.2825935,0.3804703,-0.09009828,0.04347756,0.9948482,0.01640436,0.0238921605050564,0,0
157726,0.0166675,47.1169718448073,0.008343229,0.2825935,0.3804703,-0.09009828,0.04347756,0.9948482,0.01640436,0.0238921605050564,0,0
157728,0.016667,47.133638843894,0.008343229,0.2825935,0.3804703,-0.09009828,0.04347756,0.9948482,0.01640436,0.0238921605050564,0,0
157732,0.0166677,47.1503065433353,-0.002637591,0.2849902,0.3836703,-0.08219313,0.03637863,0.9957196,0.02152475,0.0238921605050564,0,0
157734,0.0166658,47.1669723428786,-0.002637591,0.2849902,0.3836703,-0.08219313,0.03637863,0.9957196,0.02152475,0.0238921605050564,0,0
157738,0.0166684,47.1836407426745,-0.008513505,0.286074,0.3853383,-0.07770478,0.0322905,0.9961585,0.02423812,0.0238921605050564,0,0
157742,0.016665,47.200305743143,-0.008513505,0.286074,0.3853383,-0.07770478,0.0322905,0.9961585,0.02423812,0.0238921605050564,0,0
157746,0.0166677,47.2169734425843,-0.008513505,0.286074,0.3853383,-0.07770478,0.0322905,0.9961585,0.02423812,0.0238921605050564,0,0
157748,0.0166665,47.2336399424821,-0.01349731,0.2870428,0.3868998,-0.07369532,0.02898282,0.9965076,0.02648504,0.0238921605050564,0,0
157752,0.0166674,47.2503073420376,-0.01349731,0.2870428,0.3868998,-0.07369532,0.02898282,0.9965076,0.02648504,0.0238921605050564,0,0
157754,0.0166659,47.2669732421637,-0.01349731,0.2870428,0.3868998,-0.07369532,0.02898282,0.9965076,0.02648504,0.0238921605050564,0,0
157758,0.0166679,47.2836411427706,-0.01905251,0.2879239,0.3886269,-0.06935953,0.02539431,0.9968477,0.02896477,0.0238921605050564,0,0
157760,0.0166667,47.3003078419715,-0.01905251,0.2879239,0.3886269,-0.06935953,0.02539431,0.9968477,0.02896477,0.0238921605050564,0,0
157766,0.0166668,47.3169746417552,-0.02998995,0.2892946,0.3922543,-0.06035628,0.01841032,0.9974211,0.03419454,0.0238921605050564,0,0
157768,0.0166659,47.3336405418813,-0.02998995,0.2892946,0.3922543,-0.06035628,0.01841032,0.9974211,0.03419454,0.0238921605050564,0,0
157772,0.0166687,47.3503092415631,-0.03482132,0.2897756,0.3940772,-0.05617305,0.01567264,0.9976293,0.03653437,0.0238665491342545,0,0
157774,0.0166652,47.3669744413346,-0.03482132,0.2897756,0.3940772,-0.05617305,0.01567264,0.9976293,0.03653437,0.0238665491342545,0,0
157778,0.016668,47.3836424406618,-0.03991245,0.2899714,0.3960443,-0.05140387,0.01277532,0.9978299,0.03911372,0.0238665491342545,0,0
157782,0.0166668,47.4003092404455,-0.03991245,0.2899714,0.3960443,-0.05140387,0.01277532,0.9978299,0.03911372,0.0238665491342545,0,0
157786,0.016667,47.4169762395322,-0.04514775,0.2899792,0.3980814,-0.04640092,0.01010799,0.9980019,0.04167575,0.0238665491342545,0,0
157788,0.016666,47.4336422402412,-0.04514775,0.2899792,0.3980814,-0.04640092,0.01010799,0.9980019,0.04167575,0.0238665491342545,0,0
157792,0.016668,47.4503102395684,-0.04928093,0.2899818,0.3998383,-0.0421069,0.007988347,0.9981196,0.04382355,0.0238665491342545,0,0
157794,0.0166657,47.4669759403914,-0.04928093,0.2899818,0.3998383,-0.0421069,0.007988347,0.9981196,0.04382355,0.0238665491342545,0,0
157798,0.0173152,47.4842911399901,-0.04928093,0.2899818,0.3998383,-0.0421069,0.007988347,0.9981196,0.04382355,0.0238665491342545,0,0
157800,0.0166685,47.5009596403688,-0.04928093,0.2899818,0.3998383,-0.0421069,0.007988347,0.9981196,0.04382355,0.0238665491342545,0,0
157806,0.0166653,47.5176249407232,-0.0579077,0.2895644,0.4034307,-0.0321018,0.00296469,0.9982971,0.04861722,0.0238665491342545,0,0
157808,0.0166665,47.534291440621,-0.0579077,0.2895644,0.4034307,-0.0321018,0.00296469,0.9982971,0.04861722,0.0237227398902178,0,0
157812,0.0166671,47.5509585402906,-0.06107353,0.2894089,0.4049222,-0.02704485,0.001315296,0.9983512,0.05061382,0.0237227398902178,0,0
157814,0.0166671,47.5676256399602,-0.06107353,0.2894089,0.4049222,-0.02704485,0.001315296,0.9983512,0.05061382,0.0237227398902178,0,0
157818,0.0166678,47.5842934399843,-0.06358162,0.2892533,0.4061615,-0.02196289,0.0003645843,0.9983945,0.05221092,0.0237227398902178,0,0
157820,0.0166659,47.6009593401104,-0.06358162,0.2892533,0.4061615,-0.02196289,0.0003645843,0.9983945,0.05221092,0.0237227398902178,0,0
157824,0.016667,47.6176263391972,-0.06588895,0.2893001,0.4073121,-0.01563573,-9.294762E-05,0.9984443,0.05352175,0.0237227398902178,0,0
157828,0.0166684,47.634294738993,-0.06588895,0.2893001,0.4073121,-0.01563573,-9.294762E-05,0.9984443,0.05352175,0.0237227398902178,0,0
157832,0.0170532,47.651347938925,-0.06588895,0.2893001,0.4073121,-0.01563573,-9.294762E-05,0.9984443,0.05352175,0.0237227398902178,0,0
157834,0.0166666,47.6680145394057,-0.06781849,0.2897165,0.4082264,-0.008896593,0.0002619743,0.9984875,0.05425368,0.0237227398902178,0,0
157840,0.016668,47.6846825387329,-0.06781849,0.2897165,0.4082264,-0.008896593,0.0002619743,0.9984875,0.05425368,0.0237227398902178,0,0
157842,0.0177061,47.7023886386305,-0.06781849,0.2897165,0.4082264,-0.008896593,0.0002619743,0.9984875,0.05425368,0.0237227398902178,0,0
157846,0.0166678,47.7190564386547,-0.07040615,0.2907236,0.4088673,0.004687902,0.001976324,0.9984955,0.05459781,0.0237227398902178,0,0
157848,0.0166958,47.7357522379607,-0.07040615,0.2907236,0.4088673,0.004687902,0.001976324,0.9984955,0.05459781,0.0237339027225971,0,0
157854,0.0166676,47.7524198386818,-0.07040615,0.2907236,0.4088673,0.004687902,0.001976324,0.9984955,0.05459781,0.0237339027225971,0,0
157856,0.0166663,47.7690861392766,-0.07124684,0.2912084,0.4089939,0.01208513,0.003440745,0.9984362,0.05447184,0.0237339027225971,0,0
157860,0.0166685,47.7857546396554,-0.07165658,0.2915808,0.4091006,0.01892975,0.005089349,0.9983314,0.05431516,0.0237339027225971,0,0
157864,0.0217009,47.8074555397034,-0.07174338,0.2918224,0.4091074,0.0256543,0.007193784,0.9981907,0.0539016,0.0237339027225971,0,0
157866,0.0201731,47.827628640458,-0.07174338,0.2918224,0.4091074,0.0256543,0.007193784,0.9981907,0.0539016,0.0237339027225971,0,0
157872,0.0167147,47.8443433400244,-0.07154215,0.2918876,0.4089529,0.03272179,0.009861619,0.9979907,0.05335254,0.0237339027225971,0,0
157874,0.0175542,47.8618975393474,-0.07154215,0.2918876,0.4089529,0.03272179,0.009861619,0.9979907,0.05335254,0.0237339027225971,0,0
157876,0.0166674,47.8785649389029,-0.07154215,0.2918876,0.4089529,0.03272179,0.009861619,0.9979907,0.05335254,0.0237339027225971,0,0
157880,0.016667,47.8952319379896,-0.07154215,0.2918876,0.4089529,0.03272179,0.009861619,0.9979907,0.05335254,0.0237339027225971,0,0
157882,0.0166665,47.9118984378874,-0.07125302,0.2918023,0.4087123,0.03916336,0.01261245,0.9977584,0.05277512,0.0237339027225971,0,0
157888,0.016668,47.9285664372146,-0.07125302,0.2918023,0.4087123,0.03916336,0.01261245,0.9977584,0.05277512,0.0237339027225971,0,0
157892,0.0166662,47.9452326372266,-0.07065315,0.29145,0.4079861,0.05201486,0.01891809,0.9971372,0.05151548,0.0361915268003941,0,0
157894,0.0174015,47.9626341369003,-0.07065315,0.29145,0.4079861,0.05201486,0.01891809,0.9971372,0.05151548,0.0361915268003941,0,0
157898,0.0166682,47.9793023373932,-0.07065315,0.29145,0.4079861,0.05201486,0.01891809,0.9971372,0.05151548,0.0361915268003941,0,0
157900,0.0166654,47.9959677364677,-0.07031512,0.2913238,0.4075946,0.05805008,0.02232485,0.9967661,0.05088233,0.0361915268003941,0,0
157906,0.0166687,48.0126364361495,-0.06995784,0.2911566,0.4071278,0.06363519,0.02574564,0.9963784,0.05017708,0.0361915268003941,0,0
157908,0.0169752,48.0296116359532,-0.06995784,0.2911566,0.4071278,0.06363519,0.02574564,0.9963784,0.05017708,0.0361915268003941,0,0
157912,0.0166679,48.0462795365602,-0.06947771,0.2908582,0.4064593,0.06947716,0.02938721,0.9959264,0.04939442,0.0361915268003941,0,0
157914,0.017662,48.0639415364712,-0.06947771,0.2908582,0.4064593,0.06947716,0.02938721,0.9959264,0.04939442,0.0361915268003941,0,0
157916,0.016668,48.0806095357984,-0.06947771,0.2908582,0.4064593,0.06947716,0.02938721,0.9959264,0.04939442,0.0361915268003941,0,0
157920,0.0166662,48.0972757358104,-0.06893162,0.2907015,0.405802,0.07487651,0.03302898,0.99546,0.04860093,0.0361915268003941,0,0
157924,0.016667,48.1139427348971,-0.06893162,0.2907015,0.405802,0.07487651,0.03302898,0.99546,0.04860093,0.0361915268003941,0,0
157928,0.0166669,48.1306096352637,-0.06893162,0.2907015,0.405802,0.07487651,0.03302898,0.99546,0.04860093,0.0391557216644287,0,0
157930,0.016669,48.1472786348313,-0.06841426,0.290547,0.4051474,0.07945601,0.03626973,0.9950289,0.04784064,0.0391557216644287,0,0
157934,0.0166649,48.163943534717,-0.06841426,0.290547,0.4051474,0.07945601,0.03626973,0.9950289,0.04784064,0.0391557216644287,0,0
157938,0.0166673,48.1806108355522,-0.06731068,0.2902342,0.4034812,0.08914562,0.04355327,0.9939982,0.04608324,0.0391557216644287,0,0
157940,0.0166655,48.1972763352096,-0.06731068,0.2902342,0.4034812,0.08914562,0.04355327,0.9939982,0.04608324,0.0391557216644287,0,0
157944,0.016669,48.2139453347772,-0.06731068,0.2902342,0.4034812,0.08914562,0.04355327,0.9939982,0.04608324,0.0391557216644287,0,0
157948,0.016665,48.2306103352457,-0.06653248,0.2901,0.4025666,0.09335303,0.0468697,0.993503,0.04516879,0.0391557216644287,0,0
157950,0.0166675,48.247277835384,-0.06653248,0.2901,0.4025666,0.09335303,0.0468697,0.993503,0.04516879,0.0391557216644287,0,0
157954,0.016667,48.2639448344707,-0.06546916,0.2898362,0.4014723,0.09738468,0.0501706,0.9929991,0.04418095,0.0391557216644287,0,0
157958,0.0166667,48.2806115336716,-0.06368501,0.28923,0.4000326,0.1009729,0.05304993,0.9925405,0.04305372,0.0391557216644287,0,0
157960,0.0166659,48.2972774337977,-0.06368501,0.28923,0.4000326,0.1009729,0.05304993,0.9925405,0.04305372,0.0391557216644287,0,0
157966,0.016668,48.3139454331249,-0.06368501,0.28923,0.4000326,0.1009729,0.05304993,0.9925405,0.04305372,0.0391557216644287,0,0
157968,0.0166659,48.330611333251,-0.06368501,0.28923,0.4000326,0.1009729,0.05304993,0.9925405,0.04305372,0.0398406237363815,0,0
157972,0.0166676,48.3472789339721,-0.06096269,0.288497,0.3985144,0.1041983,0.05567715,0.9921154,0.04183026,0.0398406237363815,0,0
157974,0.0166662,48.3639451339841,-0.06096269,0.288497,0.3985144,0.1041983,0.05567715,0.9921154,0.04183026,0.0398406237363815,0,0
157980,0.0166667,48.380611833185,-0.05125846,0.2864933,0.3944509,0.1117759,0.06075479,0.9911313,0.03838982,0.0398406237363815,0,0
157980,0.0195922,48.4002040326595,-0.05125846,0.2864933,0.3944509,0.1117759,0.06075479,0.9911313,0.03838982,0.0398406237363815,0,0
157986,0.0166686,48.4168726317585,-0.04530885,0.2855336,0.3924875,0.1147461,0.06302872,0.9907148,0.03667299,0.0398406237363815,0,0
157988,0.0178857,48.4347583316267,-0.04530885,0.2855336,0.3924875,0.1147461,0.06302872,0.9907148,0.03667299,0.0398406237363815,0,0
157992,0.0166673,48.4514256324619,-0.03769972,0.2843853,0.3901451,0.1173824,0.06514874,0.9903372,0.03477484,0.0398406237363815,0,0
157994,0.0166674,48.4680930320174,-0.03769972,0.2843853,0.3901451,0.1173824,0.06514874,0.9903372,0.03477484,0.0398406237363815,0,0
157998,0.0166668,48.4847598318011,-0.03006864,0.2832639,0.387995,0.1194504,0.06681275,0.9900363,0.03310219,0.0398406237363815,0,0
158002,0.016667,48.5014268308878,-0.03006864,0.2832639,0.387995,0.1194504,0.06681275,0.9900363,0.03310219,0.0398406237363815,0,0
158006,0.0166669,48.5180937312543,-0.02174837,0.2821494,0.3859299,0.1207156,0.06837226,0.9898304,0.03144543,0.0398406237363815,0,0
158008,0.0170113,48.5351050309837,-0.02174837,0.2821494,0.3859299,0.1207156,0.06837226,0.9898304,0.03144543,0.0398642644286156,0,0
158012,0.0166678,48.5517728310078,-0.02174837,0.2821494,0.3859299,0.1207156,0.06837226,0.9898304,0.03144543,0.0398642644286156,0,0
158014,0.0166666,48.5684394314885,-0.02174837,0.2821494,0.3859299,0.1207156,0.06837226,0.9898304,0.03144543,0.0398642644286156,0,0
158020,0.0166674,48.585106831044,-0.01310672,0.2808425,0.3838945,0.1219655,0.06973714,0.9896255,0.03004141,0.0398642644286156,0,0
158022,0.0166659,48.6017727311701,-0.01310672,0.2808425,0.3838945,0.1219655,0.06973714,0.9896255,0.03004141,0.0398642644286156,0,0
158026,0.0166686,48.618441330269,0.004369071,0.2775964,0.3801888,0.1227738,0.07190052,0.989437,0.02777078,0.0398642644286156,0,0
158028,0.0180567,48.6364980302751,0.004369071,0.2775964,0.3801888,0.1227738,0.07190052,0.989437,0.02777078,0.0398642644286156,0,0
158034,0.0166682,48.653166230768,0.01192379,0.2758542,0.3786717,0.1223209,0.07249171,0.989472,0.0269777,0.0398642644286156,0,0
158036,0.0166654,48.6698316298425,0.01192379,0.2758542,0.3786717,0.1223209,0.07249171,0.989472,0.0269777,0.0398642644286156,0,0
158040,0.0166673,48.6864989306778,0.01940918,0.273889,0.3772913,0.12177,0.07304917,0.9895148,0.02639023,0.0398642644286156,0,0
158042,0.0191255,48.7056244313717,0.01940918,0.273889,0.3772913,0.12177,0.07304917,0.9895148,0.02639023,0.0398642644286156,0,0
158046,0.0166679,48.7222923319787,0.02643136,0.2718265,0.3763355,0.1208703,0.07367621,0.9895897,0.02597076,0.0398642644286156,0,0
158048,0.016666,48.7389583326876,0.02643136,0.2718265,0.3763355,0.1208703,0.07367621,0.9895897,0.02597076,0.0398642644286156,0,0
158052,0.0166682,48.7556265331805,0.03245828,0.2698382,0.3758467,0.1201403,0.0744691,0.9896216,0.0258787,0.0398642644286156,0,0
158054,0.0166666,48.7722931336612,0.03245828,0.2698382,0.3758467,0.1201403,0.0744691,0.9896216,0.0258787,0.0398649200797081,0,0
158058,0.016668,48.7889611329883,0.03245828,0.2698382,0.3758467,0.1201403,0.0744691,0.9896216,0.0258787,0.0398649200797081,0,0
158062,0.0166662,48.8056273330003,0.04297335,0.265144,0.3753754,0.1176644,0.07578667,0.9898176,0.02593418,0.0398649200797081,0,0
158064,0.0166705,48.8222978338599,0.04297335,0.265144,0.3753754,0.1176644,0.07578667,0.9898176,0.02593418,0.0398649200797081,0,0
158070,0.0177844,48.8400822337717,0.04297335,0.265144,0.3753754,0.1176644,0.07578667,0.9898176,0.02593418,0.0398649200797081,0,0
158074,0.0166671,48.8567493334413,0.04710673,0.2627466,0.3753348,0.1164135,0.07686458,0.9898825,0.0259301,0.0398649200797081,0,0
158076,0.016666,48.8734153341502,0.04710673,0.2627466,0.3753348,0.1164135,0.07686458,0.9898825,0.0259301,0.0398649200797081,0,0
158080,0.0166675,48.8900828342885,0.05077928,0.2602705,0.3753004,0.1150086,0.07800706,0.9899608,0.02579626,0.0398649200797081,0,0
158082,0.0168474,48.9069302342832,0.05077928,0.2602705,0.3753004,0.1150086,0.07800706,0.9899608,0.02579626,0.0398649200797081,0,0
158086,0.0166676,48.9235978350043,0.05373602,0.2579029,0.3754148,0.1135229,0.07927018,0.9900376,0.02557847,0.0398649200797081,0,0
158090,0.0166663,48.9402641355991,0.05373602,0.2579029,0.3754148,0.1135229,0.07927018,0.9900376,0.02557847,0.0398649200797081,0,0
158094,0.0169194,48.9571835361421,0.05596462,0.2558124,0.3757853,0.1121036,0.08070008,0.9900889,0.0253826,0.0398649200797081,0,0
158096,0.0166674,48.9738509356976,0.05596462,0.2558124,0.3757853,0.1121036,0.08070008,0.9900889,0.0253826,0.0398649200797081,0,0
158100,0.0166676,48.9905185364187,0.05596462,0.2558124,0.3757853,0.1121036,0.08070008,0.9900889,0.0253826,0.0398649200797081,0,0
158102,0.0166661,49.0071846358478,0.05758886,0.2537232,0.3761081,0.1105743,0.08215263,0.9901481,0.02512086,0.0398649200797081,0,0
158108,0.016668,49.023852635175,0.05758886,0.2537232,0.3761081,0.1105743,0.08215263,0.9901481,0.02512086,0.0398649200797081,0,0
158110,0.0166651,49.0405177343637,0.05758886,0.2537232,0.3761081,0.1105743,0.08215263,0.9901481,0.02512086,0.0398649200797081,0,0
158114,0.0166678,49.0571855343878,0.05937299,0.2501187,0.3767159,0.1077995,0.0852301,0.9902141,0.02431217,0.0398649200797081,0,0
158116,0.016666,49.0738515350968,0.05937299,0.2501187,0.3767159,0.1077995,0.0852301,0.9902141,0.02431217,0.0398649200797081,0,0
158120,0.0166671,49.0905186347663,0.0597118,0.2483359,0.3769401,0.1064837,0.08681852,0.9902313,0.02378672,0.0398649200797081,0,0
158122,0.0175978,49.1081164348871,0.0599,0.2468822,0.3771718,0.1054769,0.08850393,0.9902031,0.02322772,0.0398649200797081,0,0
158126,0.0166684,49.1247848346829,0.0599,0.2468822,0.3771718,0.1054769,0.08850393,0.9902031,0.02322772,0.0398649200797081,0,0
158130,0.0166657,49.141450535506,0.0599,0.2468822,0.3771718,0.1054769,0.08850393,0.9902031,0.02322772,0.0398649200797081,0,0
158134,0.0166683,49.1581188347191,0.06003806,0.2453971,0.3772522,0.1046398,0.0898707,0.9901804,0.02272914,0.0398649200797081,0,0
158136,0.0166658,49.1747846342623,0.06003806,0.2453971,0.3772522,0.1046398,0.0898707,0.9901804,0.02272914,0.0398649200797081,0,0
158140,0.0166671,49.1914517339319,0.06003806,0.2453971,0.3772522,0.1046398,0.0898707,0.9901804,0.02272914,0.0398649200797081,0,0
158142,0.0166762,49.2081279344857,0.06016279,0.2436849,0.3771569,0.1040291,0.09129376,0.9901277,0.02214475,0.0398649200797081,0,0
158148,0.0166685,49.2247964348644,0.06016279,0.2436849,0.3771569,0.1040291,0.09129376,0.9901277,0.02214475,0.0398649200797081,0,0
158150,0.016665,49.2414614353329,0.06022584,0.2420494,0.3769213,0.103513,0.09255283,0.9900779,0.02156043,0.0398649200797081,0,0
158154,0.0166687,49.2581301350147,0.06022584,0.2420494,0.3769213,0.103513,0.09255283,0.9900779,0.02156043,0.0398649200797081,0,0
158156,0.0166655,49.274795634672,0.06022584,0.2420494,0.3769213,0.103513,0.09255283,0.9900779,0.02156043,0.0398649200797081,0,0
158160,0.0166666,49.2914622351527,0.06029771,0.2386539,0.3763845,0.1028643,0.09523531,0.9899168,0.02034349,0.0398649200797081,0,0
158162,0.0166668,49.3081290349364,0.06029771,0.2386539,0.3763845,0.1028643,0.09523531,0.9899168,0.02034349,0.0398649200797081,0,0
158168,0.0166677,49.3247967343777,0.06031542,0.2369057,0.3761621,0.102735,0.09665366,0.9898047,0.01975524,0.0398649200797081,0,0
158170,0.0166659,49.3414626345038,0.06031542,0.2369057,0.3761621,0.102735,0.09665366,0.9898047,0.01975524,0.0398649200797081,0,0
158174,0.0166693,49.3581319339573,0.06035561,0.2351252,0.3759515,0.1026565,0.09808257,0.9896836,0.01917684,0.0398649200797081,0,0
158176,0.0166641,49.3747960347682,0.06035561,0.2351252,0.3759515,0.1026565,0.09808257,0.9896836,0.01917684,0.0398649200797081,0,0
158180,0.0166673,49.3914633356035,0.06049747,0.233306,0.3756585,0.1026884,0.09980607,0.989522,0.01843789,0.0398649200797081,0,0
158182,0.0166674,49.4081307351589,0.06049747,0.233306,0.3756585,0.1026884,0.09980607,0.989522,0.01843789,0.0398649200797081,0,0
158188,0.0166672,49.4247979354113,0.06049747,0.233306,0.3756585,0.1026884,0.09980607,0.989522,0.01843789,0.0398649200797081,0,0
158190,0.0181102,49.4429081361741,0.06067909,0.2315093,0.3752475,0.1027883,0.1012206,0.9893804,0.01775835,0.0398649200797081,0,0
158194,0.0166697,49.4595778360963,0.06067909,0.2315093,0.3752475,0.1027883,0.1012206,0.9893804,0.01775835,0.0398649200797081,0,0
158196,0.0166644,49.476242236793,0.06101518,0.2276651,0.374141,0.1032634,0.1040859,0.9890589,0.01628978,0.0398649200797081,0,0
158200,0.0166692,49.4929114375263,0.06101518,0.2276651,0.374141,0.1032634,0.1040859,0.9890589,0.01628978,0.0398649200797081,0,0
158204,0.0166642,49.5095756370574,0.06101518,0.2276651,0.374141,0.1032634,0.1040859,0.9890589,0.01628978,0.0398649200797081,0,0
158206,0.0166722,49.5262478366494,0.06101518,0.2276651,0.374141,0.1032634,0.1040859,0.9890589,0.01628978,0.0398649200797081,0,0
158208,0.0166628,49.542910637334,0.0611891,0.2256731,0.3734891,0.1035305,0.1055109,0.9888924,0.01551725,0.0398649200797081,0,0
158212,0.0166684,49.5595790371299,0.06138691,0.2236752,0.3728253,0.1037743,0.1070499,0.988714,0.01468927,0.0398649200797081,0,0
158216,0.0166663,49.5762453377247,0.06138691,0.2236752,0.3728253,0.1037743,0.1070499,0.988714,0.01468927,0.0398649200797081,0,0
158218,0.0166694,49.592914737761,0.06158566,0.2215978,0.372072,0.1040321,0.1084407,0.988547,0.01388087,0.0398649200797081,0,0
158224,0.0166647,49.6095794383436,0.06158566,0.2215978,0.372072,0.1040321,0.1084407,0.988547,0.01388087,0.0398649200797081,0,0
158226,0.0166674,49.6262468378991,0.06158566,0.2215978,0.372072,0.1040321,0.1084407,0.988547,0.01388087,0.0398649200797081,0,0
158230,0.0166656,49.6429124381393,0.0618061,0.2196247,0.3712829,0.104285,0.1096366,0.9883988,0.01311924,0.0398649200797081,0,0
158234,0.0166681,49.6595805380493,0.0618061,0.2196247,0.3712829,0.104285,0.1096366,0.9883988,0.01311924,0.0398649200797081,0,0
158236,0.0166683,49.6762488372624,0.0618061,0.2196247,0.3712829,0.104285,0.1096366,0.9883988,0.01311924,0.0398649200797081,0,0
158240,0.0166656,49.6929144375026,0.06224122,0.2156392,0.3696049,0.1047369,0.1124753,0.9880537,0.01137275,0.0398649200797081,0,0
158242,0.0166659,49.7095803376287,0.06224122,0.2156392,0.3696049,0.1047369,0.1124753,0.9880537,0.01137275,0.0398649200797081,0,0
158246,0.0166679,49.7262482382357,0.06242511,0.21357,0.3686128,0.1050333,0.1137227,0.987889,0.01050823,0.0398649200797081,0,0
158250,0.0166654,49.7429136373103,0.06242511,0.21357,0.3686128,0.1050333,0.1137227,0.987889,0.01050823,0.0398649200797081,0,0
158254,0.0166698,49.7595834378153,0.0625869,0.211837,0.3677466,0.1053922,0.1152489,0.9876832,0.009591616,0.0398649200797081,0,0
158256,0.0166642,49.7762476373464,0.0625869,0.211837,0.3677466,0.1053922,0.1152489,0.9876832,0.009591616,0.0398649200797081,0,0
158260,0.0166683,49.7929159365594,0.06269262,0.2100578,0.3667305,0.1058109,0.1168881,0.9874551,0.008579241,0.0398649200797081,0,0
158262,0.0170945,49.8100104369223,0.06269262,0.2100578,0.3667305,0.1058109,0.1168881,0.9874551,0.008579241,0.0398649200797081,0,0
158268,0.0166683,49.8266787361354,0.06269262,0.2100578,0.3667305,0.1058109,0.1168881,0.9874551,0.008579241,0.0398649200797081,0,0
158270,0.0166669,49.8433456365019,0.06277001,0.2084066,0.3656141,0.1061918,0.1181947,0.9872664,0.007639797,0.0398649200797081,0,0
158274,0.0166666,49.8600122369826,0.06277001,0.2084066,0.3656141,0.1061918,0.1181947,0.9872664,0.007639797,0.0398649200797081,0,0
158276,0.0166662,49.8766784369946,0.06295832,0.2056751,0.3634053,0.1068569,0.1214761,0.9868107,0.005465326,0.0398649200797081,0,0
158280,0.0166685,49.8933469373733,0.06295832,0.2056751,0.3634053,0.1068569,0.1214761,0.9868107,0.005465326,0.0398649200797081,0,0
158282,0.0166654,49.9100123364478,0.06295832,0.2056751,0.3634053,0.1068569,0.1214761,0.9868107,0.005465326,0.0398649200797081,0,0
158288,0.0166696,49.9266819357872,0.06299096,0.2045099,0.362298,0.1070752,0.1228805,0.9866182,0.004458726,0.0398649200797081,0,0
158290,0.0166646,49.943346535787,0.06299096,0.2045099,0.362298,0.1070752,0.1228805,0.9866182,0.004458726,0.0398649200797081,0,0
158294,0.0166688,49.9600153360516,0.06297517,0.203412,0.3612792,0.1072228,0.1241998,0.9864407,0.003533137,0.0398649200797081,0,0
158296,0.0166661,49.9766814354807,0.06297517,0.203412,0.3612792,0.1072228,0.1241998,0.9864407,0.003533137,0.0398649200797081,0,0
158300,0.016668,49.9933494348079,0.06291861,0.2022434,0.3602093,0.1073346,0.1256904,0.9862428,0.002531771,0.0398649200797081,0,0
158302,0.016665,50.0100144352764,0.06291861,0.2022434,0.3602093,0.1073346,0.1256904,0.9862428,0.002531771,0.0398649200797081,0,0
158308,0.0166674,50.0266818348318,0.06276351,0.2011887,0.3592505,0.1073264,0.1269225,0.9860876,0.00169628,0.0398649200797081,0,0
158310,0.0166666,50.0433484353125,0.06276351,0.2011887,0.3592505,0.1073264,0.1269225,0.9860876,0.00169628,0.0398649200797081,0,0
158314,0.0166673,50.0600157361478,0.06276351,0.2011887,0.3592505,0.1073264,0.1269225,0.9860876,0.00169628,0.0398649200797081,0,0
158316,0.016666,50.0766817368567,0.06193647,0.1988735,0.3573999,0.1073285,0.1290859,0.985808,0.0003628846,0.0398649200797081,0,0
158320,0.0166677,50.093349436298,0.06193647,0.1988735,0.3573999,0.1073285,0.1290859,0.985808,0.0003628846,0.0398649200797081,0,0
158322,0.0166665,50.1100159361959,0.06193647,0.1988735,0.3573999,0.1073285,0.1290859,0.985808,0.0003628846,0.0398649200797081,0,0
158328,0.0166678,50.12668373622,0.06128161,0.1976476,0.3565579,0.1073247,0.1300659,0.9856796,-0.0001316375,0.0398649200797081,0,0
158330,0.0166654,50.1433491352946,0.06049319,0.1962591,0.3558473,0.1074282,0.131093,0.9855321,-0.0004903086,0.0398649200797081,0,0
158334,0.016673,50.160022135824,0.06049319,0.1962591,0.3558473,0.1074282,0.131093,0.9855321,-0.0004903086,0.0398649200797081,0,0
158336,0.0166608,50.1766829360276,0.06049319,0.1962591,0.3558473,0.1074282,0.131093,0.9855321,-0.0004903086,0.0398649200797081,0,0
158340,0.0166692,50.193352136761,0.05964822,0.1947699,0.3552551,0.1076032,0.1319557,0.9853978,-0.0006761237,0.0398649200797081,0,0
158340,0.0166645,50.2100166361779,0.05964822,0.1947699,0.3552551,0.1076032,0.1319557,0.9853978,-0.0006761237,0.0398649200797081,0,0
158348,0.0166699,50.2266865354031,0.05964822,0.1947699,0.3552551,0.1076032,0.1319557,0.9853978,-0.0006761237,0.0398649200797081,0,0
158350,0.0166664,50.2433529347181,0.05881199,0.1932124,0.3548012,0.1079472,0.1327393,0.9852548,-0.000733136,0.0398649200797081,0,0
158354,0.0166676,50.2600205354393,0.05881199,0.1932124,0.3548012,0.1079472,0.1327393,0.9852548,-0.000733136,0.0398649200797081,0,0
158356,0.0166661,50.2766866348684,0.05722544,0.1902867,0.3544475,0.1089519,0.1346208,0.984889,-0.0006759551,0.0398649200797081,0,0
158360,0.0166683,50.2933549340814,0.05722544,0.1902867,0.3544475,0.1089519,0.1346208,0.984889,-0.0006759551,0.0398649200797081,0,0
158364,0.016665,50.3100199345499,0.05722544,0.1902867,0.3544475,0.1089519,0.1346208,0.984889,-0.0006759551,0.0398649200797081,0,0
158368,0.0166681,50.3266880344599,0.05629838,0.188508,0.3542153,0.1097089,0.1354888,0.984686,-0.0005266696,0.0398649200797081,0,0
158370,0.0166654,50.3433534335345,0.05549011,0.1870121,0.3541354,0.110494,0.1364114,0.9844708,-0.00036518,0.0398649200797081,0,0
158374,0.0166679,50.3600213341415,0.05549011,0.1870121,0.3541354,0.110494,0.1364114,0.9844708,-0.00036518,0.0398649200797081,0,0
158376,0.0196047,50.3796260338277,0.05549011,0.1870121,0.3541354,0.110494,0.1364114,0.9844708,-0.00036518,0.0398649200797081,0,0
158382,0.016668,50.3962940331548,0.05464968,0.1854715,0.3541782,0.111511,0.1372853,0.9842348,-7.000871E-05,0.0398649200797081,0,0
158386,0.0220809,50.4183749333024,0.05464968,0.1854715,0.3541782,0.111511,0.1372853,0.9842348,-7.000871E-05,0.0398649200797081,0,0
158388,0.0166677,50.4350426327437,0.05381138,0.183982,0.3543997,0.11251,0.1381199,0.9840042,0.0003268671,0.0398649200797081,0,0
158392,0.0166665,50.4517091326416,0.05381138,0.183982,0.3543997,0.11251,0.1381199,0.9840042,0.0003268671,0.0398649200797081,0,0
158396,0.0166679,50.4683770332485,0.05229688,0.1810119,0.3557248,0.1147391,0.1399582,0.9834859,0.001474741,0.0398649200797081,0,0
158398,0.016667,50.4850440323353,0.05229688,0.1810119,0.3557248,0.1147391,0.1399582,0.9834859,0.001474741,0.0398649200797081,0,0
158402,0.0166665,50.5017105322331,0.05229688,0.1810119,0.3557248,0.1147391,0.1399582,0.9834859,0.001474741,0.0398649200797081,0,0
158404,0.0166659,50.5183764323592,0.05229688,0.1810119,0.3557248,0.1147391,0.1399582,0.9834859,0.001474741,0.0398649200797081,0,0
158408,0.0166667,50.5350431315601,0.05181774,0.1797562,0.3565651,0.1156454,0.1406419,0.9832811,0.002071558,0.0398649200797081,0,0
158412,0.0166668,50.5517099313438,0.05140936,0.1783621,0.357728,0.1166195,0.1415893,0.9830284,0.00273572,0.0398649200797081,0,0
158416,0.0166678,50.5683777313679,0.05140936,0.1783621,0.357728,0.1166195,0.1415893,0.9830284,0.00273572,0.0398649200797081,0,0
158418,0.0166667,50.5850444305688,0.05114608,0.1771094,0.3590337,0.117562,0.1425994,0.9827681,0.003380022,0.0398649200797081,0,0
158422,0.0166686,50.6017130296677,0.05114608,0.1771094,0.3590337,0.117562,0.1425994,0.9827681,0.003380022,0.0398649200797081,0,0
158424,0.0166643,50.6183773297817,0.05114608,0.1771094,0.3590337,0.117562,0.1425994,0.9827681,0.003380022,0.0398649200797081,0,0
158430,0.0166676,50.6350449305028,0.05099334,0.1759569,0.3602244,0.1183913,0.1437681,0.9824965,0.003852224,0.0398649200797081,0,0
158432,0.0166661,50.6517110299319,0.05099334,0.1759569,0.3602244,0.1183913,0.1437681,0.9824965,0.003852224,0.0398649200797081,0,0
158436,0.0166678,50.6683788299561,0.05089455,0.1748239,0.3612693,0.1191147,0.1449302,0.9822368,0.00422036,0.0398649200797081,0,0
158440,0.0224207,50.6907995305955,0.05089455,0.1748239,0.3612693,0.1191147,0.1449302,0.9822368,0.00422036,0.0398649200797081,0,0
158442,0.0166667,50.7074662297964,0.05089455,0.1748239,0.3612693,0.1191147,0.1449302,0.9822368,0.00422036,0.0398649200797081,0,0
158448,0.0166674,50.7241336293519,0.05079813,0.1728227,0.3631537,0.1205199,0.1476325,0.9816608,0.004665676,0.0398649200797081,0,0
158450,0.0166666,50.7408002298325,0.05079813,0.1728227,0.3631537,0.1205199,0.1476325,0.9816608,0.004665676,0.0398649200797081,0,0
158454,0.0166679,50.7574681304395,0.0507868,0.1720065,0.3638572,0.121155,0.1491313,0.9813559,0.004684808,0.0398649200797081,0,0
158456,0.0173893,50.7748574297875,0.05079603,0.1713435,0.3644276,0.1216961,0.1506554,0.9810565,0.00459647,0.0398649200797081,0,0
158460,0.0166682,50.7915256302804,0.05079603,0.1713435,0.3644276,0.1216961,0.1506554,0.9810565,0.00459647,0.0398649200797081,0,0
158462,0.0166655,50.8081911299378,0.05079603,0.1713435,0.3644276,0.1216961,0.1506554,0.9810565,0.00459647,0.0398649200797081,0,0
158466,0.0166682,50.8248593304306,0.05083891,0.1708733,0.3648327,0.1222662,0.1522919,0.9807339,0.004366281,0.0398649200797081,0,0
158470,0.0166668,50.8415261302143,0.05083891,0.1708733,0.3648327,0.1222662,0.1522919,0.9807339,0.004366281,0.0398649200797081,0,0
158472,0.0166665,50.8581926301122,0.05083891,0.1708733,0.3648327,0.1222662,0.1522919,0.9807339,0.004366281,0.0398649200797081,0,0
158476,0.0166674,50.8748600296676,0.05087444,0.1704705,0.3650856,0.1227239,0.1538028,0.9804422,0.004087859,0.0398649200797081,0,0
158478,0.0166671,50.8915271293372,0.05087444,0.1704705,0.3650856,0.1227239,0.1538028,0.9804422,0.004087859,0.0398649200797081,0,0
158482,0.0166667,50.9081938285381,0.05087444,0.1704705,0.3650856,0.1227239,0.1538028,0.9804422,0.004087859,0.0398649200797081,0,0
158486,0.0166667,50.9248605277389,0.05091204,0.1700729,0.365274,0.1230478,0.1552658,0.9801722,0.003773691,0.0398649200797081,0,0
158488,0.0166669,50.9415274281055,0.05091204,0.1700729,0.365274,0.1230478,0.1552658,0.9801722,0.003773691,0.0398649200797081,0,0
158492,0.016667,50.9581944271922,0.05095157,0.169248,0.3655536,0.1236718,0.1577407,0.9797002,0.003261043,0.0398649200797081,0,0
158496,0.0166669,50.9748613275588,0.05095157,0.169248,0.3655536,0.1236718,0.1577407,0.9797002,0.003261043,0.0398649200797081,0,0
158500,0.0166667,50.9915280267596,0.05096059,0.1688562,0.3656943,0.1238799,0.1587678,0.9795086,0.003061009,0.0398649200797081,0,0
158502,0.0166672,51.008195227012,0.05096059,0.1688562,0.3656943,0.1238799,0.1587678,0.9795086,0.003061009,0.0398649200797081,0,0
158506,0.0166672,51.0248624272645,0.05100648,0.1684379,0.3657124,0.1241282,0.1596636,0.9793323,0.002837268,0.0398649200797081,0,0
158510,0.0173076,51.0421700272709,0.05100648,0.1684379,0.3657124,0.1241282,0.1596636,0.9793323,0.002837268,0.0398649200797081,0,0
158514,0.0166675,51.0588375274092,0.05112114,0.1680682,0.3656952,0.1243562,0.1604476,0.9791758,0.002612334,0.0398649200797081,0,0
158516,0.0166666,51.0755041278899,0.05112114,0.1680682,0.3656952,0.1243562,0.1604476,0.9791758,0.002612334,0.0398649200797081,0,0
158520,0.0166685,51.0921726282686,0.05123785,0.1676725,0.3657315,0.1242436,0.1611117,0.9790815,0.002467973,0.0398649200797081,0,0
158522,0.016665,51.1088376287371,0.05123785,0.1676725,0.3657315,0.1242436,0.1611117,0.9790815,0.002467973,0.0398649200797081,0,0
158528,0.0166679,51.1255055293441,0.05123785,0.1676725,0.3657315,0.1242436,0.1611117,0.9790815,0.002467973,0.0398649200797081,0,0
158530,0.0194346,51.1449401285499,0.05160911,0.1665805,0.3656904,0.1220949,0.1604836,0.9794546,0.002563708,0.0398649200797081,0,0
158536,0.0166686,51.1616087276489,0.05160911,0.1665805,0.3656904,0.1220949,0.1604836,0.9794546,0.002563708,0.0398649200797081,0,0
158538,0.0196081,51.1812168285251,0.05160911,0.1665805,0.3656904,0.1220949,0.1604836,0.9794546,0.002563708,0.0398649200797081,0,0
158540,0.016668,51.1978848278522,0.05196324,0.1658693,0.3655244,0.1201826,0.1596425,0.9798285,0.002536827,0.0398649200797081,0,0
158544,0.0166695,51.2145543284714,0.0523464,0.1648572,0.3651734,0.1174062,0.1580614,0.9804211,0.002601214,0.0398649200797081,0,0
158546,0.0166672,51.2312215287238,0.0523464,0.1648572,0.3651734,0.1174062,0.1580614,0.9804211,0.002601214,0.0398649200797081,0,0
158550,0.0166655,51.2478870283812,0.0523464,0.1648572,0.3651734,0.1174062,0.1580614,0.9804211,0.002601214,0.0398649200797081,0,0
158554,0.0166669,51.2645539287478,0.05260088,0.1638584,0.3648369,0.1142646,0.1562565,0.9810807,0.002861437,0.0398649200797081,0,0
158558,0.0166674,51.2812213283032,0.05260088,0.1638584,0.3648369,0.1142646,0.1562565,0.9810807,0.002861437,0.0398649200797081,0,0
158562,0.0166658,51.2978871278465,0.05268211,0.1628467,0.3645958,0.1103804,0.1540062,0.9818791,0.003421657,0.0398649200797081,0,0
158564,0.0166666,51.3145537283272,0.05268211,0.1628467,0.3645958,0.1103804,0.1540062,0.9818791,0.003421657,0.0398649200797081,0,0
158568,0.0166671,51.3312208279967,0.05310915,0.1618537,0.3642885,0.1068181,0.1512676,0.9826966,0.00392057,0.0398649200797081,0,0
158570,0.0166652,51.3478860277683,0.05310915,0.1618537,0.3642885,0.1068181,0.1512676,0.9826966,0.00392057,0.0398649200797081,0,0
158576,0.0166681,51.3645541276783,0.05310915,0.1618537,0.3642885,0.1068181,0.1512676,0.9826966,0.00392057,0.0398649200797081,0,0
158578,0.018837,51.3833911269903,0.05447778,0.1601165,0.3642063,0.09783384,0.1439555,0.9847214,0.005391855,0.0398649200797081,0,0
158582,0.0166673,51.4000584278256,0.05447778,0.1601165,0.3642063,0.09783384,0.1439555,0.9847214,0.005391855,0.0398649200797081,0,0
158584,0.0166668,51.4167252276093,0.05447778,0.1601165,0.3642063,0.09783384,0.1439555,0.9847214,0.005391855,0.0398649200797081,0,0
158588,0.0166673,51.4333925284445,0.05510634,0.1595422,0.3646953,0.09312322,0.1404946,0.9856724,0.006265304,0.0272109527140856,0,0
158592,0.0166658,51.4500583279878,0.05604629,0.1589887,0.3654166,0.08884043,0.1366273,0.9866039,0.007288888,0.0272109527140856,0,0
158596,0.0166676,51.4667259287089,0.05604629,0.1589887,0.3654166,0.08884043,0.1366273,0.9866039,0.007288888,0.0272109527140856,0,0
158598,0.0166677,51.4833936281502,0.05604629,0.1589887,0.3654166,0.08884043,0.1366273,0.9866039,0.007288888,0.0272109527140856,0,0
158602,0.0166668,51.5000604279339,0.05675619,0.1589135,0.366667,0.08417577,0.133281,0.9874614,0.00839625,0.0272109527140856,0,0
158604,0.0166663,51.5167267285287,0.05675619,0.1589135,0.366667,0.08417577,0.133281,0.9874614,0.00839625,0.0272109527140856,0,0
158608,0.0166677,51.5333944279701,0.05723737,0.1592056,0.3679152,0.0798791,0.1298922,0.9882588,0.009579814,0.0272109527140856,0,0
158610,0.0166676,51.5500620286912,0.05723737,0.1592056,0.3679152,0.0798791,0.1298922,0.9882588,0.009579814,0.0272109527140856,0,0
158616,0.016666,51.5667280294001,0.05723737,0.1592056,0.3679152,0.0798791,0.1298922,0.9882588,0.009579814,0.0272109527140856,0,0
158618,0.0171397,51.5838677287102,0.05762852,0.1593098,0.3686746,0.0760209,0.1260052,0.9890533,0.01082223,0.0272109527140856,0,0
158622,0.0166671,51.6005348283798,0.05762852,0.1593098,0.3686746,0.0760209,0.1260052,0.9890533,0.01082223,0.0272109527140856,0,0
158624,0.0166667,51.6172015275806,0.05860797,0.1597265,0.3697344,0.06795835,0.1176727,0.9906365,0.01319315,0.0272109527140856,0,0
158626,0.0166678,51.6338693276048,0.05860797,0.1597265,0.3697344,0.06795835,0.1176727,0.9906365,0.01319315,0.0272109527140856,0,0
158630,0.0166693,51.6505386270583,0.05860797,0.1597265,0.3697344,0.06795835,0.1176727,0.9906365,0.01319315,0.024255296215415,0,0
158634,0.0166656,51.6672042272985,0.05860797,0.1597265,0.3697344,0.06795835,0.1176727,0.9906365,0.01319315,0.024255296215415,0,0
158636,0.0166662,51.6838704273105,0.05980642,0.1601091,0.3701893,0.06124587,0.107948,0.9921392,0.0159985,0.024255296215415,0,0
158640,0.016668,51.7005384266377,0.05980642,0.1601091,0.3701893,0.06124587,0.107948,0.9921392,0.0159985,0.024255296215415,0,0
158646,0.0166672,51.7172056268901,0.06033826,0.1602394,0.3703643,0.05822047,0.1032229,0.9927992,0.01747141,0.024255296215415,0,0
158650,0.0166641,51.7338697277009,0.06033826,0.1602394,0.3703643,0.05822047,0.1032229,0.9927992,0.01747141,0.024255296215415,0,0
158654,0.0188156,51.7526853270829,0.06077955,0.1604846,0.370763,0.05520576,0.0985316,0.993418,0.01909072,0.024255296215415,0,0
158658,0.0231472,51.7758325263858,0.06077955,0.1604846,0.370763,0.05520576,0.0985316,0.993418,0.01909072,0.024255296215415,0,0
158662,0.0214298,51.7972623258829,0.06077955,0.1604846,0.370763,0.05520576,0.0985316,0.993418,0.01909072,0.024255296215415,0,0
158664,0.0166672,51.8139295261353,0.06171081,0.1608938,0.3716883,0.04995971,0.0887854,0.9945362,0.02278057,0.024255296215415,0,0
158668,0.0166682,51.8305977266282,0.06171081,0.1608938,0.3716883,0.04995971,0.0887854,0.9945362,0.02278057,0.0242684297263622,0,0
158670,0.0166658,51.8472635261714,0.06171081,0.1608938,0.3716883,0.04995971,0.0887854,0.9945362,0.02278057,0.0242684297263622,0,0
158674,0.0166675,51.8639310263097,0.06228114,0.1611369,0.3721658,0.04754201,0.08410484,0.9950172,0.02463344,0.0242684297263622,0,0
158676,0.0166665,51.8805975262076,0.06285568,0.1614197,0.3726694,0.04536635,0.07927843,0.9954637,0.02662605,0.0242684297263622,0,0
158680,0.0166673,51.8972648270428,0.06285568,0.1614197,0.3726694,0.04536635,0.07927843,0.9954637,0.02662605,0.0242684297263622,0,0
158684,0.0166668,51.9139316268265,0.06331117,0.1617961,0.373143,0.04328687,0.0747657,0.9958529,0.02851876,0.0242684297263622,0,0
158686,0.0166669,51.9305985271931,0.06331117,0.1617961,0.373143,0.04328687,0.0747657,0.9958529,0.02851876,0.0242684297263622,0,0
158690,0.0166674,51.9472659267485,0.06331117,0.1617961,0.373143,0.04328687,0.0747657,0.9958529,0.02851876,0.0242684297263622,0,0
158692,0.0166667,51.9639326259494,0.06369918,0.1621242,0.3734599,0.04139329,0.07055938,0.9961883,0.03027722,0.0242684297263622,0,0
158696,0.0166672,51.9805998262018,0.06369918,0.1621242,0.3734599,0.04139329,0.07055938,0.9961883,0.03027722,0.0242684297263622,0,0
158700,0.0166676,51.9972674269229,0.06369918,0.1621242,0.3734599,0.04139329,0.07055938,0.9961883,0.03027722,0.0242684297263622,0,0
158704,0.016666,52.0139334276319,0.0644543,0.1633221,0.374164,0.03738346,0.06200267,0.9968,0.03388087,0.0242684297263622,0,0
158708,0.0166669,52.0306003279984,0.0644543,0.1633221,0.374164,0.03738346,0.06200267,0.9968,0.03388087,0.0242717135697603,0,0
158710,0.0166666,52.0472669284791,0.0644543,0.1633221,0.374164,0.03738346,0.06200267,0.9968,0.03388087,0.0242717135697603,0,0
158714,0.0166668,52.0639337282628,0.06470053,0.1642201,0.3744921,0.03551006,0.05800934,0.9970509,0.03554572,0.0242717135697603,0,0
158716,0.0166668,52.0806005280465,0.06490916,0.1655077,0.3747936,0.03369059,0.05450119,0.997262,0.03691974,0.0242717135697603,0,0
158720,0.016667,52.0972675271332,0.06490916,0.1655077,0.3747936,0.03369059,0.05450119,0.997262,0.03691974,0.0242717135697603,0,0
158724,0.0166673,52.1139348279685,0.06490916,0.1655077,0.3747936,0.03369059,0.05450119,0.997262,0.03691974,0.0242717135697603,0,0
158728,0.0166672,52.1306020282209,0.06492688,0.1668323,0.3748109,0.03203063,0.05091039,0.9974577,0.03821252,0.0242717135697603,0,0
158730,0.0166661,52.14726812765,0.06492688,0.1668323,0.3748109,0.03203063,0.05091039,0.9974577,0.03821252,0.0242717135697603,0,0
158736,0.016667,52.1639351267368,0.06482375,0.1686508,0.3748216,0.03028038,0.04752276,0.9976369,0.039311,0.0242717135697603,0,0
158738,0.0184697,52.1824048273265,0.06482375,0.1686508,0.3748216,0.03028038,0.04752276,0.9976369,0.039311,0.0242717135697603,0,0
158742,0.0166678,52.1990726273507,0.06475218,0.1706465,0.3748372,0.02883247,0.04478019,0.9977755,0.04009289,0.0242717135697603,0,0
158744,0.0166657,52.2157383281738,0.06475218,0.1706465,0.3748372,0.02883247,0.04478019,0.9977755,0.04009289,0.0242717135697603,0,0
158748,0.016668,52.2324063275009,0.06475218,0.1706465,0.3748372,0.02883247,0.04478019,0.9977755,0.04009289,0.0242717135697603,0,0
158752,0.0171029,52.2495092283934,0.06442398,0.1758702,0.3748254,0.02561553,0.0384449,0.9980586,0.04177187,0.0242717135697603,0,0
158756,0.0166682,52.2661774288863,0.06442398,0.1758702,0.3748254,0.02561553,0.0384449,0.9980586,0.04177187,0.0242730267345905,0,0
158758,0.019488,52.2856654282659,0.06442398,0.1758702,0.3748254,0.02561553,0.0384449,0.9980586,0.04177187,0.0242730267345905,0,0
158762,0.016668,52.3023334275931,0.06373031,0.1812102,0.3746978,0.02300587,0.03271254,0.9982688,0.04312878,0.0242730267345905,0,0
158764,0.0166658,52.3189992271364,0.06373031,0.1812102,0.3746978,0.02300587,0.03271254,0.9982688,0.04312878,0.0242730267345905,0,0
158768,0.0166695,52.3356687277555,0.06373031,0.1812102,0.3746978,0.02300587,0.03271254,0.9982688,0.04312878,0.0242690872400999,0,0
158770,0.0166655,52.3523342274129,0.06322441,0.1841425,0.3744777,0.0215896,0.02952854,0.9983699,0.04381244,0.0242690872400999,0,0
158776,0.0166668,52.3690010271966,0.06322441,0.1841425,0.3744777,0.0215896,0.02952854,0.9983699,0.04381244,0.0242690872400999,0,0
158778,0.0166655,52.385666526854,0.06322441,0.1841425,0.3744777,0.0215896,0.02952854,0.9983699,0.04381244,0.0242690872400999,0,0
158782,0.0166677,52.4023342262954,0.06273174,0.1870164,0.3742429,0.02022512,0.0269486,0.9984534,0.04422159,0.0242690872400999,0,0
158784,0.0166664,52.4190006256104,0.06273174,0.1870164,0.3742429,0.02022512,0.0269486,0.9984534,0.04422159,0.0242690872400999,0,0
158790,0.0166676,52.4356682263315,0.06224884,0.1898798,0.3739336,0.01893301,0.02413383,0.9985288,0.04471416,0.0242690872400999,0,0
158792,0.0166658,52.4523340258747,0.06224884,0.1898798,0.3739336,0.01893301,0.02413383,0.9985288,0.04471416,0.0242690872400999,0,0
158796,0.0166682,52.4690022263676,0.06224884,0.1898798,0.3739336,0.01893301,0.02413383,0.9985288,0.04471416,0.0242690872400999,0,0
158798,0.0171554,52.4861576259136,0.06143239,0.196266,0.3734079,0.0165767,0.01883683,0.99865,0.04548101,0.0242690872400999,0,0
158802,0.0166673,52.5028249267489,0.06143239,0.196266,0.3734079,0.0165767,0.01883683,0.99865,0.04548101,0.0242690872400999,0,0
158804,0.0166662,52.5194911267608,0.06143239,0.196266,0.3734079,0.0165767,0.01883683,0.99865,0.04548101,0.0242690872400999,0,0
158810,0.0166678,52.536158926785,0.06045717,0.2029566,0.3731421,0.0144194,0.01442721,0.9987366,0.04592566,0.0242690872400999,0,0
158812,0.0174904,52.5536493267864,0.06045717,0.2029566,0.3731421,0.0144194,0.01442721,0.9987366,0.04592566,0.0242690872400999,0,0
158816,0.0166689,52.5703182276338,0.06045717,0.2029566,0.3731421,0.0144194,0.01442721,0.9987366,0.04592566,0.0242690872400999,0,0
158818,0.0166661,52.586984327063,0.05983805,0.2062398,0.3730902,0.0134529,0.01233026,0.9987676,0.0461546,0.0242690872400999,0,0
158822,0.0166695,52.6036538276821,0.05983805,0.2062398,0.3730902,0.0134529,0.01233026,0.9987676,0.0461546,0.0242690872400999,0,0
158824,0.0166649,52.6203187275678,0.05983805,0.2062398,0.3730902,0.0134529,0.01233026,0.9987676,0.0461546,0.0242690872400999,0,0
158830,0.016667,52.6369857266545,0.05915692,0.2092268,0.3729883,0.01255917,0.01037334,0.9987924,0.0463516,0.024267116561532,0,0
158832,0.0166659,52.6536516267806,0.05915692,0.2092268,0.3729883,0.01255917,0.01037334,0.9987924,0.0463516,0.024267116561532,0,0
158836,0.0166695,52.6703211273998,0.05915692,0.2092268,0.3729883,0.01255917,0.01037334,0.9987924,0.0463516,0.024267116561532,0,0
158838,0.0168445,52.687165627256,0.05819436,0.2125099,0.3729306,0.01140075,0.008126486,0.9988144,0.04662412,0.024267116561532,0,0
158842,0.0166692,52.7038348279893,0.05819436,0.2125099,0.3729306,0.01140075,0.008126486,0.9988144,0.04662412,0.024267116561532,0,0
158844,0.0166695,52.7205043286085,0.05584528,0.2181852,0.3727313,0.009336532,0.003840951,0.9988371,0.04714303,0.024267116561532,0,0
158850,0.0166634,52.7371677290648,0.05584528,0.2181852,0.3727313,0.009336532,0.003840951,0.9988371,0.04714303,0.024267116561532,0,0
158852,0.0166678,52.753835529089,0.05584528,0.2181852,0.3727313,0.009336532,0.003840951,0.9988371,0.04714303,0.024267116561532,0,0
158856,0.0167011,52.7705366294831,0.05277521,0.2230642,0.3729532,0.007451522,-0.0005621841,0.9988198,0.04799165,0.024267116561532,0,0
158858,0.0166359,52.7871725298464,0.05277521,0.2230642,0.3729532,0.007451522,-0.0005621841,0.9988198,0.04799165,0.024267116561532,0,0
158862,0.0166661,52.8038386292756,0.05277521,0.2230642,0.3729532,0.007451522,-0.0005621841,0.9988198,0.04799165,0.024267116561532,0,0
158864,0.0166658,52.8205044288188,0.05115186,0.2249993,0.3731808,0.006611718,-0.002924605,0.9987912,0.04861889,0.024267116561532,0,0
158870,0.016678,52.8371824286878,0.05115186,0.2249993,0.3731808,0.006611718,-0.002924605,0.9987912,0.04861889,0.0242625195533037,0,0
158872,0.0166583,52.8538407292217,0.04940058,0.2269435,0.3735774,0.005783665,-0.005046039,0.9987596,0.04919588,0.0242625195533037,0,0
158876,0.0166658,52.870506528765,0.04940058,0.2269435,0.3735774,0.005783665,-0.005046039,0.9987596,0.04919588,0.0242625195533037,0,0
158878,0.0166641,52.8871706295758,0.04940058,0.2269435,0.3735774,0.005783665,-0.005046039,0.9987596,0.04919588,0.0242625195533037,0,0
158882,0.0168168,52.9039874300361,0.04753565,0.2284331,0.3739592,0.005075247,-0.007119574,0.9987214,0.04979054,0.0242625195533037,0,0
158884,0.0166664,52.9206538293511,0.04753565,0.2284331,0.3739592,0.005075247,-0.007119574,0.9987214,0.04979054,0.0242625195533037,0,0
158890,0.0166725,52.9373263288289,0.04753565,0.2284331,0.3739592,0.005075247,-0.007119574,0.9987214,0.04979054,0.0242625195533037,0,0
158892,0.0166586,52.9539849292487,0.04260746,0.230929,0.3749134,0.004186448,-0.01144942,0.9986279,0.05092805,0.0242625195533037,0,0
158896,0.016671,52.9706559292972,0.04260746,0.230929,0.3749134,0.004186448,-0.01144942,0.9986279,0.05092805,0.0242625195533037,0,0
158898,0.0171858,52.9878417290747,0.04260746,0.230929,0.3749134,0.004186448,-0.01144942,0.9986279,0.05092805,0.0242625195533037,0,0
158902,0.0166687,53.0045104287565,0.03515318,0.2330389,0.375863,0.003758176,-0.01498365,0.9985692,0.05119543,0.0242625195533037,0,0
158906,0.0167318,53.021242229268,0.03515318,0.2330389,0.375863,0.003758176,-0.01498365,0.9985692,0.05119543,0.0242625195533037,0,0
158910,0.0166689,53.0379111301154,0.03035133,0.234218,0.3764113,0.003540039,-0.0162634,0.9985642,0.05091745,0.024260550737381,0,0
158912,0.0166659,53.0545770302415,0.03035133,0.234218,0.3764113,0.003540039,-0.0162634,0.9985642,0.05091745,0.024260550737381,0,0
158916,0.0166685,53.0712455306202,0.03035133,0.234218,0.3764113,0.003540039,-0.0162634,0.9985642,0.05091745,0.024260550737381,0,0
158918,0.0166656,53.0879111308604,0.03035133,0.234218,0.3764113,0.003540039,-0.0162634,0.9985642,0.05091745,0.024260550737381,0,0
158922,0.0166707,53.1045818310231,0.02438868,0.2356713,0.3769378,0.003747276,-0.0176762,0.9985669,0.0503746,0.024260550737381,0,0
158926,0.0180966,53.122678430751,0.02438868,0.2356713,0.3769378,0.003747276,-0.0176762,0.9985669,0.0503746,0.024260550737381,0,0
158930,0.0166689,53.1393473315984,0.01832867,0.2371702,0.3773705,0.003854668,-0.01896748,0.9985768,0.04969569,0.024260550737381,0,0
158932,0.0166666,53.1560139320791,0.01832867,0.2371702,0.3773705,0.003854668,-0.01896748,0.9985768,0.04969569,0.024260550737381,0,0
158936,0.0166681,53.1726820319891,0.01832867,0.2371702,0.3773705,0.003854668,-0.01896748,0.9985768,0.04969569,0.024260550737381,0,0
158938,0.0166661,53.1893481314182,0.004529686,0.2410431,0.3779866,0.004967005,-0.02061942,0.9986303,0.04783048,0.024260550737381,0,0
158942,0.0166671,53.2060152310878,0.004529686,0.2410431,0.3779866,0.004967005,-0.02061942,0.9986303,0.04783048,0.024260550737381,0,0
158944,0.0166665,53.2226817309856,0.004529686,0.2410431,0.3779866,0.004967005,-0.02061942,0.9986303,0.04783048,0.024260550737381,0,0
158950,0.0166679,53.2393496315926,-0.001617683,0.2430158,0.3780398,0.006445111,-0.02101639,0.9986489,0.04708662,0.024260550737381,0,0
158952,0.0166657,53.2560153324157,-0.008821461,0.2452838,0.3779756,0.006834748,-0.02130745,0.9986956,0.04589536,0.024260550737381,0,0
158956,0.0166669,53.2726822327822,-0.008821461,0.2452838,0.3779756,0.006834748,-0.02130745,0.9986956,0.04589536,0.0242559537291527,0,0
158958,0.0166665,53.2893487326801,-0.01453289,0.2474041,0.3779365,0.007574222,-0.02122951,0.9987287,0.045088,0.0242559537291527,0,0
158962,0.0166686,53.306017331779,-0.01453289,0.2474041,0.3779365,0.007574222,-0.02122951,0.9987287,0.045088,0.0242559537291527,0,0
158966,0.0178713,53.3238886315376,-0.01453289,0.2474041,0.3779365,0.007574222,-0.02122951,0.9987287,0.045088,0.0242559537291527,0,0
158970,0.0166684,53.3405570313334,-0.02102145,0.2501037,0.3779407,0.01047105,-0.02114842,0.9987285,0.04454683,0.0242526698857546,0,0
158972,0.0166667,53.3572237305343,-0.02102145,0.2501037,0.3779407,0.01047105,-0.02114842,0.9987285,0.04454683,0.0242526698857546,0,0
158974,0.0166674,53.3738911300898,-0.02102145,0.2501037,0.3779407,0.01047105,-0.02114842,0.9987285,0.04454683,0.0242526698857546,0,0
158978,0.0166675,53.390558630228,-0.02663739,0.2526202,0.3780125,0.01154338,-0.02090509,0.9987432,0.04406549,0.0242526698857546,0,0
158982,0.0166675,53.4072261303663,-0.02663739,0.2526202,0.3780125,0.01154338,-0.02090509,0.9987432,0.04406549,0.0242526698857546,0,0
158984,0.0166652,53.4238913301378,-0.03727552,0.2580822,0.3782791,0.01584282,-0.01965294,0.9987313,0.0435738,0.0242526698857546,0,0
158988,0.0166672,53.4405585303903,-0.03727552,0.2580822,0.3782791,0.01584282,-0.01965294,0.9987313,0.0435738,0.0242526698857546,0,0
158992,0.016667,53.457225529477,-0.0418508,0.260831,0.3784397,0.01921267,-0.01917324,0.9986802,0.04360119,0.0242526698857546,0,0
158996,0.0166667,53.4738922286779,-0.04638295,0.2632371,0.3785455,0.02200489,-0.01888615,0.9986225,0.04372837,0.0242526698857546,0,0
158998,0.0166671,53.4905593283474,-0.04638295,0.2632371,0.3785455,0.02200489,-0.01888615,0.9986225,0.04372837,0.0242526698857546,0,0
159002,0.016667,53.5072263274342,-0.04638295,0.2632371,0.3785455,0.02200489,-0.01888615,0.9986225,0.04372837,0.0242526698857546,0,0
159004,0.0166668,53.5238931272179,-0.05085429,0.2655294,0.3786635,0.02387021,-0.01877491,0.9985736,0.04391433,0.0242526698857546,0,0
159010,0.0166673,53.5405604280531,-0.05085429,0.2655294,0.3786635,0.02387021,-0.01877491,0.9985736,0.04391433,0.0242526698857546,0,0
159012,0.0166666,53.5572270285338,-0.05500365,0.2675593,0.3788334,0.02534379,-0.01866221,0.9985362,0.04398662,0.0242526698857546,0,0
159016,0.0175034,53.5747304279357,-0.05500365,0.2675593,0.3788334,0.02534379,-0.01866221,0.9985362,0.04398662,0.0242526698857546,0,0
159018,0.0166673,53.591397728771,-0.05500365,0.2675593,0.3788334,0.02534379,-0.01866221,0.9985362,0.04398662,0.0242526698857546,0,0
159022,0.0166664,53.608064128086,-0.06227041,0.2706958,0.3793237,0.02953953,-0.0185893,0.9983823,0.04488536,0.0242526698857546,0,0
159026,0.0166669,53.6247310284525,-0.06227041,0.2706958,0.3793237,0.02953953,-0.0185893,0.9983823,0.04488536,0.0242526698857546,0,0
159030,0.016667,53.6413980275393,-0.06227041,0.2706958,0.3793237,0.02953953,-0.0185893,0.9983823,0.04488536,0.024243475869298,0,0
159032,0.0166673,53.6580653283745,-0.06227041,0.2706958,0.3793237,0.02953953,-0.0185893,0.9983823,0.04488536,0.024243475869298,0,0
159036,0.0166793,53.6747446283698,-0.06760252,0.2722414,0.3800433,0.03386695,-0.01878369,0.9981968,0.04586116,0.024243475869298,0,0
159038,0.0166672,53.6914118286222,-0.06760252,0.2722414,0.3800433,0.03386695,-0.01878369,0.9981968,0.04586116,0.024243475869298,0,0
159042,0.0166666,53.7080784291029,-0.06760252,0.2722414,0.3800433,0.03386695,-0.01878369,0.9981968,0.04586116,0.024243475869298,0,0
159046,0.0166671,53.7247455287725,-0.06913656,0.2727732,0.3804712,0.03704498,-0.01862768,0.9980568,0.04651221,0.024243475869298,0,0
159050,0.016667,53.7414125278592,-0.06913656,0.2727732,0.3804712,0.03704498,-0.01862768,0.9980568,0.04651221,0.024243475869298,0,0
159052,0.0166653,53.7580778282136,-0.06913656,0.2727732,0.3804712,0.03704498,-0.01862768,0.9980568,0.04651221,0.024243475869298,0,0
159056,0.0166689,53.774746729061,-0.07044146,0.2733236,0.3808963,0.03960463,-0.01813979,0.9979522,0.04683727,0.024243475869298,0,0
159058,0.0166668,53.7914135288447,-0.07044146,0.2733236,0.3808963,0.03960463,-0.01813979,0.9979522,0.04683727,0.024243475869298,0,0
159062,0.0166663,53.8080798294395,-0.07044146,0.2733236,0.3808963,0.03960463,-0.01813979,0.9979522,0.04683727,0.024243475869298,0,0
159066,0.0166668,53.8247466292232,-0.07244315,0.2749374,0.3823304,0.04804934,-0.01540523,0.9975808,0.04781667,0.024243475869298,0,0
159070,0.016667,53.84141362831,-0.07244315,0.2749374,0.3823304,0.04804934,-0.01540523,0.9975808,0.04781667,0.024243475869298,0,0
159072,0.016667,53.8580806273967,-0.07337169,0.2757777,0.3831192,0.05329728,-0.01304547,0.9973171,0.04845373,0.024243475869298,0,0
159076,0.0166667,53.8747473265976,-0.07429359,0.2765292,0.3838202,0.05883727,-0.009816811,0.9970086,0.04915062,0.024243475869298,0,0
159078,0.0166678,53.8914151266217,-0.07429359,0.2765292,0.3838202,0.05883727,-0.009816811,0.9970086,0.04915062,0.024243475869298,0,0
159082,0.0166661,53.9080812260509,-0.07429359,0.2765292,0.3838202,0.05883727,-0.009816811,0.9970086,0.04915062,0.024243475869298,0,0
159084,0.0166674,53.9247486256063,-0.07496584,0.2771222,0.3844137,0.06416187,-0.006533083,0.996667,0.04995398,0.024243475869298,0,0
159090,0.0166671,53.9414157252759,-0.07496584,0.2771222,0.3844137,0.06416187,-0.006533083,0.996667,0.04995398,0.024243475869298,0,0
159092,0.0166667,53.9580824244767,-0.07546153,0.2777712,0.3850911,0.07065202,-0.00259293,0.996197,0.05092305,0.024243475869298,0,0
159096,0.0166667,53.9747491236776,-0.07546153,0.2777712,0.3850911,0.07065202,-0.00259293,0.996197,0.05092305,0.024243475869298,0,0
159098,0.0166666,53.9914157241583,-0.07546153,0.2777712,0.3850911,0.07065202,-0.00259293,0.996197,0.05092305,0.024243475869298,0,0
159102,0.016667,54.008082723245,-0.07569224,0.2783217,0.3856782,0.07656321,0.001623552,0.9957187,0.051765,0.024243475869298,0,0
159106,0.0166672,54.0247499234974,-0.07569224,0.2783217,0.3856782,0.07656321,0.001623552,0.9957187,0.051765,0.024243475869298,0,0
159110,0.0166667,54.0414166226983,-0.07497708,0.278674,0.3861893,0.08976263,0.01136335,0.9944679,0.05335999,0.024243475869298,0,0
159112,0.0166667,54.0580833218992,-0.07497708,0.278674,0.3861893,0.08976263,0.01136335,0.9944679,0.05335999,0.024243475869298,0,0
159116,0.016667,54.0747503209859,-0.07497708,0.278674,0.3861893,0.08976263,0.01136335,0.9944679,0.05335999,0.024243475869298,0,0
159118,0.0166673,54.0914176218212,-0.07497708,0.278674,0.3861893,0.08976263,0.01136335,0.9944679,0.05335999,0.024243475869298,0,0
159122,0.0166674,54.1080850213766,-0.07351458,0.2783383,0.3856939,0.1011702,0.02061666,0.9931988,0.05381103,0.024243475869298,0,0
159126,0.0166663,54.1247513219714,-0.07351458,0.2783383,0.3856939,0.1011702,0.02061666,0.9931988,0.05381103,0.024243475869298,0,0
159130,0.0166669,54.141418222338,-0.07267845,0.2780137,0.3850926,0.1068767,0.02536662,0.992492,0.05379162,0.0365067273378372,0,0
159132,0.0166669,54.1580851227045,-0.07267845,0.2780137,0.3850926,0.1068767,0.02536662,0.992492,0.05379162,0.0365067273378372,0,0
159136,0.0166668,54.1747519224882,-0.07267845,0.2780137,0.3850926,0.1068767,0.02536662,0.992492,0.05379162,0.0365067273378372,0,0
159138,0.0166671,54.1914190221578,-0.07267845,0.2780137,0.3850926,0.1068767,0.02536662,0.992492,0.05379162,0.0365067273378372,0,0
159144,0.0166668,54.2080858219415,-0.07179826,0.2777455,0.3843317,0.1128847,0.03062688,0.9916699,0.05394331,0.0365067273378372,0,0
159146,0.0166664,54.2247522212565,-0.07179826,0.2777455,0.3843317,0.1128847,0.03062688,0.9916699,0.05394331,0.0365067273378372,0,0
159150,0.0166676,54.2414198219776,-0.07104164,0.2774047,0.3834511,0.1181283,0.03537582,0.9908879,0.05417987,0.0365067273378372,0,0
159152,0.016666,54.2580858226866,-0.07104164,0.2774047,0.3834511,0.1181283,0.03537582,0.9908879,0.05417987,0.0365067273378372,0,0
159158,0.016668,54.2747538220137,-0.06982389,0.276798,0.3813822,0.1280018,0.04466767,0.9892715,0.05442696,0.0365067273378372,0,0
159160,0.0173824,54.2921362221241,-0.06982389,0.276798,0.3813822,0.1280018,0.04466767,0.9892715,0.05442696,0.0365067273378372,0,0
159164,0.0166674,54.3088036216795,-0.06982389,0.276798,0.3813822,0.1280018,0.04466767,0.9892715,0.05442696,0.0365067273378372,0,0
159166,0.0167117,54.3255153223872,-0.06931848,0.2765499,0.3803679,0.1325341,0.04894267,0.98847,0.05446559,0.0365067273378372,0,0
159170,0.0173025,54.3428178224713,-0.06865171,0.2763078,0.3791859,0.1371136,0.05342456,0.9876169,0.054392,0.0365067273378372,0,0
159172,0.0166679,54.3594857230783,-0.06865171,0.2763078,0.3791859,0.1371136,0.05342456,0.9876169,0.054392,0.0365067273378372,0,0
159178,0.0166667,54.3761524222791,-0.06781554,0.2761616,0.3781456,0.1411755,0.05757043,0.9868183,0.05426675,0.0365067273378372,0,0
159180,0.0179053,54.3940577227622,-0.06781554,0.2761616,0.3781456,0.1411755,0.05757043,0.9868183,0.05426675,0.0365067273378372,0,0
159184,0.0166672,54.4107249230146,-0.06781554,0.2761616,0.3781456,0.1411755,0.05757043,0.9868183,0.05426675,0.0365067273378372,0,0
159186,0.0166664,54.4273913223296,-0.06781554,0.2761616,0.3781456,0.1411755,0.05757043,0.9868183,0.05426675,0.0365067273378372,0,0
159190,0.0166672,54.4440585225821,-0.06674001,0.2759734,0.3771021,0.1448452,0.06176282,0.9860458,0.05402774,0.0365067273378372,0,0
159192,0.0166664,54.4607249218971,-0.06674001,0.2759734,0.3771021,0.1448452,0.06176282,0.9860458,0.05402774,0.0365067273378372,0,0
159198,0.0166671,54.4773920215666,-0.06396262,0.2754206,0.3746908,0.1516709,0.0697445,0.9845287,0.05324282,0.0397651083767414,0,0
159200,0.0166669,54.4940589219332,-0.06396262,0.2754206,0.3746908,0.1516709,0.0697445,0.9845287,0.05324282,0.0397651083767414,0,0
159204,0.0166676,54.5107265226543,-0.06204604,0.2750301,0.373407,0.1546504,0.07333712,0.9838311,0.05273736,0.0397651083767414,0,0
159206,0.0166751,54.5274016223848,-0.06204604,0.2750301,0.373407,0.1546504,0.07333712,0.9838311,0.05273736,0.0397651083767414,0,0
159210,0.0166662,54.5440678223968,-0.05931891,0.2743678,0.371686,0.1580212,0.07682087,0.9830784,0.05181462,0.0397651083767414,0,0
159214,0.0181556,54.5622234232724,-0.05931891,0.2743678,0.371686,0.1580212,0.07682087,0.9830784,0.05181462,0.0397651083767414,0,0
159218,0.016668,54.5788914225996,-0.05611851,0.2738173,0.3701084,0.1609731,0.07979826,0.9824218,0.05066993,0.0397651083767414,0,0
159220,0.0166662,54.5955576226115,-0.05611851,0.2738173,0.3701084,0.1609731,0.07979826,0.9824218,0.05066993,0.0397651083767414,0,0
159222,0.016668,54.6122256219387,-0.05611851,0.2738173,0.3701084,0.1609731,0.07979826,0.9824218,0.05066993,0.0397651083767414,0,0
159226,0.0166668,54.6288924217224,-0.05611851,0.2738173,0.3701084,0.1609731,0.07979826,0.9824218,0.05066993,0.0397651083767414,0,0
159230,0.0166691,54.6455615218729,-0.05184024,0.2732405,0.3684552,0.1635616,0.08281451,0.9818218,0.04914667,0.0397651083767414,0,0
159232,0.0166661,54.662227621302,-0.05184024,0.2732405,0.3684552,0.1635616,0.08281451,0.9818218,0.04914667,0.0397651083767414,0,0
159236,0.0166653,54.6788929216564,-0.04022405,0.2715729,0.3648892,0.1683288,0.08778394,0.9807575,0.04554256,0.0397651083767414,0,0
159240,0.0166695,54.6955624222755,-0.04022405,0.2715729,0.3648892,0.1683288,0.08778394,0.9807575,0.04554256,0.0397651083767414,0,0
159244,0.0166641,54.7122265230864,-0.03432041,0.2707449,0.3633409,0.1698058,0.08957116,0.9804144,0.04393927,0.0397651083767414,0,0
159246,0.0167392,54.7289657238871,-0.03432041,0.2707449,0.3633409,0.1698058,0.08957116,0.9804144,0.04393927,0.0397651083767414,0,0
159252,0.0175053,54.746471023187,-0.02704242,0.2696989,0.361685,0.1708709,0.09146751,0.9801359,0.04207628,0.0398366823792458,0,0
159254,0.0166666,54.7631376236677,-0.02704242,0.2696989,0.361685,0.1708709,0.09146751,0.9801359,0.04207628,0.0398366823792458,0,0
159258,0.0166673,54.779804924503,-0.02007174,0.2686589,0.3603284,0.1716556,0.09313335,0.9799101,0.04045657,0.0398366823792458,0,0
159260,0.017099,54.7969039250165,-0.02007174,0.2686589,0.3603284,0.1716556,0.09313335,0.9799101,0.04045657,0.0398366823792458,0,0
159264,0.016668,54.8135719243437,-0.02007174,0.2686589,0.3603284,0.1716556,0.09313335,0.9799101,0.04045657,0.0398366823792458,0,0
159270,0.0178488,54.8314207252115,-0.01364703,0.2675762,0.3590507,0.1718931,0.09450132,0.9797982,0.03895798,0.0398366823792458,0,0
159272,0.0201344,54.8515551257879,-0.01364703,0.2675762,0.3590507,0.1718931,0.09450132,0.9797982,0.03895798,0.0398366823792458,0,0
159276,0.0166682,54.8682233262807,-0.0004300736,0.2654328,0.3566394,0.1714992,0.09698927,0.9797401,0.03592086,0.0398366823792458,0,0
159278,0.0170849,54.8853082265705,-0.0004300736,0.2654328,0.3566394,0.1714992,0.09698927,0.9797401,0.03592086,0.0398366823792458,0,0
159282,0.0166681,54.9019763264805,-0.0004300736,0.2654328,0.3566394,0.1714992,0.09698927,0.9797401,0.03592086,0.0398366823792458,0,0
159284,0.0179929,54.919969227165,-0.0004300736,0.2654328,0.3566394,0.1714992,0.09698927,0.9797401,0.03592086,0.0398366823792458,0,0
159288,0.0166693,54.9366385266185,0.005562362,0.2644591,0.3557262,0.1710258,0.09792648,0.9797747,0.0346719,0.0398360267281532,0,0
159292,0.0166658,54.9533043261617,0.0115122,0.2634273,0.3549854,0.1703097,0.09888704,0.9798461,0.03343223,0.0398360267281532,0,0
159296,0.0166703,54.9699746258557,0.0115122,0.2634273,0.3549854,0.1703097,0.09888704,0.9798461,0.03343223,0.0398360267281532,0,0
159298,0.0180049,54.9879795257002,0.0169534,0.2622965,0.3544199,0.1691429,0.09959677,0.9800113,0.03238626,0.0398360267281532,0,0
159302,0.0166899,55.0046694260091,0.0169534,0.2622965,0.3544199,0.1691429,0.09959677,0.9800113,0.03238626,0.0398360267281532,0,0
159306,0.0166649,55.0213343258947,0.0169534,0.2622965,0.3544199,0.1691429,0.09959677,0.9800113,0.03238626,0.0398360267281532,0,0
159310,0.0166683,55.0380026251078,0.0220149,0.2610941,0.3540988,0.1682345,0.1003632,0.9801198,0.03145754,0.0398360267281532,0,0
159312,0.0175497,55.0555523242801,0.0220149,0.2610941,0.3540988,0.1682345,0.1003632,0.9801198,0.03145754,0.0398360267281532,0,0
159316,0.0166718,55.0722241234034,0.03184075,0.2578489,0.353669,0.1655982,0.1015689,0.980503,0.02957728,0.0398360267281532,0,0
159318,0.0177899,55.0900140237063,0.03184075,0.2578489,0.353669,0.1655982,0.1015689,0.980503,0.02957728,0.0398360267281532,0,0
159322,0.0166683,55.1066823229194,0.03184075,0.2578489,0.353669,0.1655982,0.1015689,0.980503,0.02957728,0.0398360267281532,0,0
159326,0.0166671,55.1233494225889,0.03660331,0.2560214,0.3536431,0.1640902,0.102179,0.9807183,0.02873171,0.0398360267281532,0,0
159328,0.0166652,55.1400146223605,0.03660331,0.2560214,0.3536431,0.1640902,0.102179,0.9807183,0.02873171,0.0398360267281532,0,0
159332,0.0166687,55.1566833220422,0.03660331,0.2560214,0.3536431,0.1640902,0.102179,0.9807183,0.02873171,0.0398360267281532,0,0
159334,0.016667,55.173350321129,0.04098603,0.254275,0.3537865,0.1626375,0.1028082,0.9809182,0.02790997,0.0398360267281532,0,0
159338,0.0166667,55.1900170203298,0.04518626,0.252348,0.3540997,0.1610545,0.1033856,0.9811413,0.0271024,0.0398360267281532,0,0
159342,0.0166666,55.2066836208105,0.04518626,0.252348,0.3540997,0.1610545,0.1033856,0.9811413,0.0271024,0.0398360267281532,0,0
159346,0.016667,55.2233506198972,0.04518626,0.252348,0.3540997,0.1610545,0.1033856,0.9811413,0.0271024,0.0398360267281532,0,0
159350,0.0166657,55.2400163207203,0.04924437,0.250622,0.3546569,0.159432,0.1041688,0.9813437,0.02635774,0.0398360267281532,0,0
159352,0.0166671,55.2566834203899,0.04924437,0.250622,0.3546569,0.159432,0.1041688,0.9813437,0.02635774,0.0398360267281532,0,0
159356,0.0166676,55.273351021111,0.05713756,0.2469089,0.3556912,0.1559077,0.1053611,0.9818227,0.02481892,0.0398360267281532,0,0
159358,0.016666,55.2900170218199,0.05713756,0.2469089,0.3556912,0.1559077,0.1053611,0.9818227,0.02481892,0.0398360267281532,0,0
159362,0.0166686,55.3066856209189,0.05713756,0.2469089,0.3556912,0.1559077,0.1053611,0.9818227,0.02481892,0.0398360267281532,0,0
159364,0.0166663,55.3233519215137,0.06084077,0.2452606,0.3561351,0.1544037,0.1062357,0.9819899,0.02385858,0.0398360267281532,0,0
159370,0.0166672,55.3400191217661,0.06445809,0.2435279,0.3564446,0.1525368,0.1073277,0.9821911,0.02266834,0.0398360267281532,0,0
159372,0.0166665,55.3566856216639,0.06445809,0.2435279,0.3564446,0.1525368,0.1073277,0.9821911,0.02266834,0.0398360267281532,0,0
159376,0.0166668,55.3733524214476,0.06445809,0.2435279,0.3564446,0.1525368,0.1073277,0.9821911,0.02266834,0.0398366823792458,0,0
159378,0.016667,55.3900194205344,0.06742745,0.2420903,0.3566569,0.1506459,0.1084287,0.9823878,0.02152313,0.0398366823792458,0,0
159382,0.0166681,55.4066875204444,0.06742745,0.2420903,0.3566569,0.1506459,0.1084287,0.9823878,0.02152313,0.0398366823792458,0,0
159384,0.0166656,55.4233531206846,0.06742745,0.2420903,0.3566569,0.1506459,0.1084287,0.9823878,0.02152313,0.0398366823792458,0,0
159390,0.0166674,55.4400205202401,0.07014258,0.2406803,0.3566894,0.1488996,0.1095206,0.9825591,0.02029027,0.0398360267281532,0,0
159392,0.0166667,55.4566872194409,0.07014258,0.2406803,0.3566894,0.1488996,0.1095206,0.9825591,0.02029027,0.0398360267281532,0,0
159396,0.016667,55.4733542185277,0.07224599,0.2395814,0.3565765,0.1470883,0.1108863,0.9827061,0.01892017,0.0398360267281532,0,0
159398,0.0166677,55.490021917969,0.07224599,0.2395814,0.3565765,0.1470883,0.1108863,0.9827061,0.01892017,0.0398360267281532,0,0
159402,0.0166665,55.5066884178668,0.07224599,0.2395814,0.3565765,0.1470883,0.1108863,0.9827061,0.01892017,0.0398360267281532,0,0
159404,0.0166667,55.5233551170677,0.07558061,0.2381953,0.3563535,0.142898,0.1142168,0.9829948,0.01599579,0.0398360267281532,0,0
159408,0.0166667,55.5400218162686,0.07558061,0.2381953,0.3563535,0.142898,0.1142168,0.9829948,0.01599579,0.0398360267281532,0,0
159412,0.0166667,55.5566885154694,0.07558061,0.2381953,0.3563535,0.142898,0.1142168,0.9829948,0.01599579,0.0398360267281532,0,0
159416,0.0166669,55.573355415836,0.07666875,0.237797,0.3563233,0.1410862,0.1156732,0.9831047,0.01481765,0.0398360267281532,0,0
159418,0.0166658,55.5900212153792,0.07747815,0.2374127,0.3563453,0.1393974,0.1170244,0.9832011,0.013753,0.0398360267281532,0,0
159422,0.0166682,55.6066894158721,0.07747815,0.2374127,0.3563453,0.1393974,0.1170244,0.9832011,0.013753,0.0398360267281532,0,0
159426,0.0166658,55.6233552154154,0.07808344,0.2369093,0.3563598,0.1377463,0.1181917,0.9833077,0.01275465,0.0398360267281532,0,0
159430,0.0166678,55.6400230154395,0.07808344,0.2369093,0.3563598,0.1377463,0.1181917,0.9833077,0.01275465,0.0398360267281532,0,0
159432,0.0166658,55.6566888149828,0.07808344,0.2369093,0.3563598,0.1377463,0.1181917,0.9833077,0.01275465,0.0398360267281532,0,0
159436,0.0166676,55.6733564157039,0.07840639,0.23623,0.3563811,0.1361373,0.1191303,0.9834298,0.01184558,0.0398366823792458,0,0
159438,0.0166656,55.6900220159441,0.07840639,0.23623,0.3563811,0.1361373,0.1191303,0.9834298,0.01184558,0.0398366823792458,0,0
159442,0.016668,55.7066900152713,0.07840639,0.23623,0.3563811,0.1361373,0.1191303,0.9834298,0.01184558,0.0398366823792458,0,0
159446,0.0166671,55.7233571149409,0.07859056,0.2338989,0.3564032,0.1333003,0.1204159,0.983681,0.01013766,0.0398366823792458,0,0
159450,0.0171221,55.7404792141169,0.07859056,0.2338989,0.3564032,0.1333003,0.1204159,0.983681,0.01013766,0.0398366823792458,0,0
159452,0.0194812,55.7599604148418,0.07846546,0.2321505,0.3563732,0.1319526,0.1208421,0.983819,0.009265214,0.0398366823792458,0,0
159458,0.016668,55.776628414169,0.07818217,0.2301107,0.3562801,0.1307198,0.1208623,0.9839876,0.008545652,0.0398366823792458,0,0
159460,0.0186645,55.7952929139137,0.07818217,0.2301107,0.3562801,0.1307198,0.1208623,0.9839876,0.008545652,0.0398366823792458,0,0
159464,0.0166681,55.8119610138237,0.07781558,0.2276285,0.3561703,0.1296613,0.1209245,0.9841269,0.007711662,0.0398366823792458,0,0
159466,0.0166657,55.8286267146468,0.07781558,0.2276285,0.3561703,0.1296613,0.1209245,0.9841269,0.007711662,0.0398366823792458,0,0
159472,0.0166676,55.8452943153679,0.07734831,0.2249823,0.356004,0.1289107,0.120906,0.9842337,0.006912307,0.0398366823792458,0,0
159474,0.0185852,55.8638795148581,0.07734831,0.2249823,0.356004,0.1289107,0.120906,0.9842337,0.006912307,0.0398366823792458,0,0
159478,0.0166685,55.8805480152369,0.07734831,0.2249823,0.356004,0.1289107,0.120906,0.9842337,0.006912307,0.0398366823792458,0,0
159480,0.0166655,55.8972135148942,0.07734831,0.2249823,0.356004,0.1289107,0.120906,0.9842337,0.006912307,0.0398366823792458,0,0
159484,0.0166679,55.9138814155012,0.07677277,0.2218015,0.355738,0.1283237,0.1206755,0.9843442,0.006077998,0.0398366823792458,0,0
159486,0.0166656,55.9305470157415,0.07677277,0.2218015,0.355738,0.1283237,0.1206755,0.9843442,0.006077998,0.0398366823792458,0,0
159492,0.0166676,55.9472146164626,0.07601782,0.2156475,0.3551308,0.1279517,0.1203606,0.9844401,0.004384436,0.0398366823792458,0,0
159494,0.0166661,55.9638807158917,0.07601782,0.2156475,0.3551308,0.1279517,0.1203606,0.9844401,0.004384436,0.0398366823792458,0,0
159498,0.016668,55.9805487152189,0.07601782,0.2156475,0.3551308,0.1279517,0.1203606,0.9844401,0.004384436,0.0398366823792458,0,0
159500,0.0176422,55.998190915212,0.07583231,0.212954,0.3548629,0.127994,0.1203686,0.984437,0.00356525,0.0398366823792458,0,0
159504,0.0166674,56.0148583147675,0.07570938,0.2101468,0.354691,0.1282439,0.1202618,0.9844199,0.002839194,0.0398366823792458,0,0
159506,0.0166669,56.031525215134,0.07570938,0.2101468,0.354691,0.1282439,0.1202618,0.9844199,0.002839194,0.0398366823792458,0,0
159512,0.0166829,56.0482081156224,0.07570351,0.2078726,0.3548912,0.1286966,0.1206627,0.9843134,0.002171002,0.0398360267281532,0,0
159514,0.0166651,56.0648732148111,0.07570351,0.2078726,0.3548912,0.1286966,0.1206627,0.9843134,0.002171002,0.0398360267281532,0,0
159518,0.0166701,56.081543315202,0.07570351,0.2078726,0.3548912,0.1286966,0.1206627,0.9843134,0.002171002,0.0398360267281532,0,0
159520,0.0166636,56.0982069149613,0.07578985,0.2059629,0.3555618,0.1294354,0.1212176,0.9841492,0.001766211,0.0398360267281532,0,0
159524,0.0166681,56.1148750148714,0.07578985,0.2059629,0.3555618,0.1294354,0.1212176,0.9841492,0.001766211,0.0398360267281532,0,0
159526,0.0166657,56.1315407156944,0.07578985,0.2059629,0.3555618,0.1294354,0.1212176,0.9841492,0.001766211,0.0398360267281532,0,0
159532,0.0166682,56.1482089161873,0.0759025,0.2043925,0.3565635,0.1301894,0.1217594,0.9839831,0.001620558,0.0398360267281532,0,0
159534,0.0166656,56.1648745164275,0.0759025,0.2043925,0.3565635,0.1301894,0.1217594,0.9839831,0.001620558,0.0398360267281532,0,0
159538,0.0166689,56.181543417275,0.07611395,0.20224,0.3594435,0.1317862,0.1228058,0.9836396,0.002064885,0.0398360267281532,0,0
159540,0.0184296,56.1999730169773,0.07611395,0.20224,0.3594435,0.1317862,0.1228058,0.9836396,0.002064885,0.0398360267281532,0,0
159544,0.0166684,56.2166414167732,0.07611395,0.20224,0.3594435,0.1317862,0.1228058,0.9836396,0.002064885,0.0398360267281532,0,0
159548,0.0166656,56.2333070170134,0.07626536,0.2013787,0.360986,0.1326005,0.1232501,0.9834737,0.002433069,0.0398360267281532,0,0
159552,0.0166681,56.2499751169235,0.07654815,0.2006999,0.3624151,0.1334606,0.123672,0.9833035,0.002782065,0.0398360267281532,0,0
159554,0.0166657,56.2666408177465,0.07654815,0.2006999,0.3624151,0.1334606,0.123672,0.9833035,0.002782065,0.0398360267281532,0,0
159558,0.0166675,56.2833083178848,0.07696879,0.200068,0.3636293,0.1343164,0.123895,0.9831579,0.003112112,0.0398360267281532,0,0
159560,0.016666,56.2999743185937,0.07696879,0.200068,0.3636293,0.1343164,0.123895,0.9831579,0.003112112,0.0398360267281532,0,0
159564,0.0166677,56.3166420180351,0.07696879,0.200068,0.3636293,0.1343164,0.123895,0.9831579,0.003112112,0.0398360267281532,0,0
159566,0.0166662,56.333308218047,0.07696879,0.200068,0.3636293,0.1343164,0.123895,0.9831579,0.003112112,0.0398360267281532,0,0
159572,0.0166677,56.3499759174883,0.07749655,0.1995647,0.3646275,0.1351484,0.1241085,0.9830162,0.003344447,0.0398360267281532,0,0
159574,0.016667,56.3666429165751,0.07749655,0.1995647,0.3646275,0.1351484,0.1241085,0.9830162,0.003344447,0.0398360267281532,0,0
159578,0.0166673,56.3833102174103,0.07922421,0.1988628,0.3668507,0.1374232,0.1245759,0.9826396,0.003899114,0.0398360267281532,0,0
159580,0.0166653,56.3999755177647,0.07922421,0.1988628,0.3668507,0.1374232,0.1245759,0.9826396,0.003899114,0.0398360267281532,0,0
159584,0.0166709,56.4166464172304,0.07922421,0.1988628,0.3668507,0.1374232,0.1245759,0.9826396,0.003899114,0.0398360267281532,0,0
159586,0.0166644,56.4333108179271,0.08037674,0.1989014,0.3680905,0.1386243,0.1252598,0.9823833,0.00404233,0.0398360267281532,0,0
159592,0.0166669,56.4499777182937,0.08162004,0.1990885,0.3694242,0.1398369,0.1261545,0.9820965,0.004143611,0.0398360267281532,0,0
159594,0.0166661,56.4666438177228,0.08162004,0.1990885,0.3694242,0.1398369,0.1261545,0.9820965,0.004143611,0.0398360267281532,0,0
159598,0.0166685,56.4833123181015,0.0828131,0.1992858,0.3706837,0.141011,0.1270181,0.9818169,0.004233907,0.0398360267281532,0,0
159600,0.0166646,56.4999769181013,0.0828131,0.1992858,0.3706837,0.141011,0.1270181,0.9818169,0.004233907,0.0398360267281532,0,0
159604,0.0166679,56.5166448187083,0.0828131,0.1992858,0.3706837,0.141011,0.1270181,0.9818169,0.004233907,0.0398360267281532,0,0
159606,0.0166658,56.5333106182516,0.08381697,0.1995091,0.371809,0.1421426,0.127828,0.9815481,0.004332595,0.0398360267281532,0,0
159612,0.0166687,56.5499793179333,0.08381697,0.1995091,0.371809,0.1421426,0.127828,0.9815481,0.004332595,0.0398360267281532,0,0
159614,0.0166654,56.5666447170079,0.08381697,0.1995091,0.371809,0.1421426,0.127828,0.9815481,0.004332595,0.0398360267281532,0,0
159618,0.0166678,56.583312517032,0.085773,0.2002474,0.3744396,0.1443524,0.1298513,0.9809587,0.004592066,0.0398360267281532,0,0
159620,0.0188503,56.6021628174931,0.085773,0.2002474,0.3744396,0.1443524,0.1298513,0.9809587,0.004592066,0.0398360267281532,0,0
159626,0.016667,56.6188298165798,0.08669094,0.2009797,0.3759485,0.1453101,0.131287,0.9806257,0.004676113,0.0398360267281532,0,0
159630,0.0207401,56.6395699158311,0.08747328,0.2019168,0.3774771,0.1460981,0.1328381,0.9802993,0.004766487,0.0398360267281532,0,0
159632,0.0190369,56.6586068160832,0.08747328,0.2019168,0.3774771,0.1460981,0.1328381,0.9802993,0.004766487,0.0398360267281532,0,0
159638,0.0166685,56.6752753164619,0.0882075,0.2029049,0.3789057,0.1469403,0.1344299,0.9799561,0.004815098,0.0398360267281532,0,0
159640,0.0188133,56.6940886173397,0.0882075,0.2029049,0.3789057,0.1469403,0.1344299,0.9799561,0.004815098,0.0398360267281532,0,0
159644,0.0166684,56.7107570171356,0.0882075,0.2029049,0.3789057,0.1469403,0.1344299,0.9799561,0.004815098,0.0398360267281532,0,0
159646,0.0196674,56.7304244171828,0.0882075,0.2029049,0.3789057,0.1469403,0.1344299,0.9799561,0.004815098,0.0398360267281532,0,0
159652,0.0166676,56.7470920179039,0.08881957,0.2037416,0.3800388,0.1476619,0.1358828,0.9796475,0.004764077,0.0398360267281532,0,0
159654,0.0167306,56.7638226170093,0.08881957,0.2037416,0.3800388,0.1476619,0.1358828,0.9796475,0.004764077,0.0398360267281532,0,0
159658,0.0166676,56.7804902177304,0.08975945,0.2049464,0.381599,0.1490813,0.137973,0.9791405,0.004695329,0.0398366823792458,0,0
159660,0.0166663,56.7971565183252,0.08975945,0.2049464,0.381599,0.1490813,0.137973,0.9791405,0.004695329,0.0398366823792458,0,0
159664,0.0166671,56.8138236179948,0.08975945,0.2049464,0.381599,0.1490813,0.137973,0.9791405,0.004695329,0.0398366823792458,0,0
159668,0.0219073,56.8357309177518,0.09014264,0.2052775,0.3818928,0.1496173,0.1385074,0.9789836,0.004620524,0.0398366823792458,0,0
159672,0.0166683,56.8523992169648,0.09048579,0.2054186,0.3819228,0.1500113,0.1387214,0.9788935,0.004528228,0.0398366823792458,0,0
159674,0.0166669,56.8690661173314,0.09048579,0.2054186,0.3819228,0.1500113,0.1387214,0.9788935,0.004528228,0.0398366823792458,0,0
159678,0.0166665,56.8857326172292,0.09075999,0.2053117,0.3817089,0.1502046,0.1385465,0.978889,0.004450316,0.0398366823792458,0,0
159680,0.0166675,56.9024001173675,0.09075999,0.2053117,0.3817089,0.1502046,0.1385465,0.978889,0.004450316,0.0398366823792458,0,0
159684,0.0166666,56.9190667178482,0.09075999,0.2053117,0.3817089,0.1502046,0.1385465,0.978889,0.004450316,0.0398366823792458,0,0
159686,0.0166669,56.9357336182147,0.09114227,0.2048652,0.3808848,0.1501366,0.1378057,0.979005,0.004223817,0.0398366823792458,0,0
159692,0.0166669,56.9524005185813,0.09114227,0.2048652,0.3808848,0.1501366,0.1378057,0.979005,0.004223817,0.0398366823792458,0,0
159694,0.0166669,56.9690674189478,0.09114227,0.2048652,0.3808848,0.1501366,0.1378057,0.979005,0.004223817,0.0398366823792458,0,0
159698,0.0166687,56.9857361186296,0.0919346,0.2039481,0.3791614,0.1499635,0.1364727,0.9792206,0.003631528,0.0398366823792458,0,0
159700,0.0166692,57.0024053193629,0.0919346,0.2039481,0.3791614,0.1499635,0.1364727,0.9792206,0.003631528,0.0398366823792458,0,0
159704,0.016667,57.0190723184496,0.09481543,0.2014604,0.3739541,0.1489183,0.1329661,0.979868,0.001427988,0.0398366823792458,0,0
159706,0.0166663,57.0357386190444,0.09481543,0.2014604,0.3739541,0.1489183,0.1329661,0.979868,0.001427988,0.0398366823792458,0,0
159710,0.0166683,57.0524069182575,0.09481543,0.2014604,0.3739541,0.1489183,0.1329661,0.979868,0.001427988,0.0398366823792458,0,0
159714,0.0166664,57.0690733175725,0.09678982,0.2001024,0.3708844,0.147943,0.1311724,0.9802585,-0.0001060262,0.0398360267281532,0,0
159718,0.016666,57.0857393182814,0.09894961,0.1987529,0.3677659,0.1463697,0.1293122,0.9807402,-0.001726642,0.0398360267281532,0,0
159720,0.0172638,57.1030031181872,0.09894961,0.1987529,0.3677659,0.1463697,0.1293122,0.9807402,-0.001726642,0.0398360267281532,0,0
159726,0.0166683,57.1196714174002,0.1009651,0.1975766,0.3649009,0.1441372,0.1276541,0.9812837,-0.003332008,0.0398360267281532,0,0
159728,0.0166661,57.1363375168294,0.1009651,0.1975766,0.3649009,0.1441372,0.1276541,0.9812837,-0.003332008,0.0398360267281532,0,0
159732,0.0166689,57.1530064176768,0.1009651,0.1975766,0.3649009,0.1441372,0.1276541,0.9812837,-0.003332008,0.0398360267281532,0,0
159734,0.0166642,57.1696706172079,0.102707,0.1965309,0.3624181,0.141513,0.126106,0.9818599,-0.004747541,0.0398360267281532,0,0
159736,0.0166689,57.1863395180553,0.102707,0.1965309,0.3624181,0.141513,0.126106,0.9818599,-0.004747541,0.0398360267281532,0,0
159740,0.0166671,57.2030066177249,0.102707,0.1965309,0.3624181,0.141513,0.126106,0.9818599,-0.004747541,0.0398360267281532,0,0
159744,0.0166665,57.2196731176227,0.1063198,0.1944543,0.3574272,0.1342736,0.1227208,0.9832858,-0.007691464,0.0398360267281532,0,0
159748,0.0166691,57.2363422177732,0.1063198,0.1944543,0.3574272,0.1342736,0.1227208,0.9832858,-0.007691464,0.0398360267281532,0,0
159750,0.0166655,57.2530077174306,0.1063198,0.1944543,0.3574272,0.1342736,0.1227208,0.9832858,-0.007691464,0.0398360267281532,0,0
159754,0.0166662,57.2696739174426,0.1080902,0.1934285,0.3550374,0.1292241,0.1209192,0.9841724,-0.009183297,0.0398360267281532,0,0
159758,0.0166764,57.2863503172994,0.1097121,0.1925253,0.3530263,0.1246533,0.1192628,0.9849516,-0.01040805,0.0398360267281532,0,0
159760,0.016667,57.3030173163861,0.1097121,0.1925253,0.3530263,0.1246533,0.1192628,0.9849516,-0.01040805,0.0398360267281532,0,0
159764,0.0166667,57.319684015587,0.1112022,0.1917377,0.3513095,0.1187651,0.1177021,0.9858527,-0.01164417,0.0398360267281532,0,0
159768,0.0166675,57.3363515157253,0.1112022,0.1917377,0.3513095,0.1187651,0.1177021,0.9858527,-0.01164417,0.0398360267281532,0,0
159772,0.0166664,57.3530179150403,0.1112022,0.1917377,0.3513095,0.1187651,0.1177021,0.9858527,-0.01164417,0.0398360267281532,0,0
159774,0.0166669,57.3696848154068,0.1131175,0.1910924,0.3497279,0.114455,0.1163816,0.9865048,-0.01279452,0.0398360267281532,0,0
159778,0.0166672,57.3863520156592,0.1131175,0.1910924,0.3497279,0.114455,0.1163816,0.9865048,-0.01279452,0.0398360267281532,0,0
159780,0.0166674,57.4030194152147,0.1131175,0.1910924,0.3497279,0.114455,0.1163816,0.9865048,-0.01279452,0.0398360267281532,0,0
159784,0.0166663,57.4196857158095,0.1164291,0.189791,0.3473004,0.1005935,0.1138161,0.9882769,-0.01534794,0.0398360267281532,0,0
159786,0.0166673,57.4363530166447,0.1164291,0.189791,0.3473004,0.1005935,0.1138161,0.9882769,-0.01534794,0.0398360267281532,0,0
159792,0.0166666,57.4530196171254,0.1164291,0.189791,0.3473004,0.1005935,0.1138161,0.9882769,-0.01534794,0.0398360267281532,0,0
159794,0.0166666,57.4696862176061,0.118498,0.1891566,0.34631,0.09500419,0.1127125,0.9889372,-0.01653295,0.0398360267281532,0,0
159798,0.016667,57.4863532166928,0.1205706,0.1884249,0.3454542,0.0902204,0.1115751,0.9894968,-0.01752888,0.0398360267281532,0,0
159800,0.0166666,57.5030198171735,0.1205706,0.1884249,0.3454542,0.0902204,0.1115751,0.9894968,-0.01752888,0.0398360267281532,0,0
159804,0.016667,57.5196868162602,0.1221626,0.1875996,0.3448443,0.08252147,0.1103449,0.9902869,-0.01860164,0.0398366823792458,0,0
159806,0.0166674,57.5363542158157,0.1221626,0.1875996,0.3448443,0.08252147,0.1103449,0.9902869,-0.01860164,0.0398366823792458,0,0
159812,0.0166667,57.5530209150165,0.1237496,0.1868867,0.3443918,0.07666505,0.1093511,0.9908512,-0.0194625,0.0398366823792458,0,0
159814,0.0166671,57.5696880146861,0.1237496,0.1868867,0.3443918,0.07666505,0.1093511,0.9908512,-0.0194625,0.0398366823792458,0,0
159818,0.0166671,57.5863551143557,0.1237496,0.1868867,0.3443918,0.07666505,0.1093511,0.9908512,-0.0194625,0.0398366823792458,0,0
159820,0.0166676,57.6030227150768,0.1237496,0.1868867,0.3443918,0.07666505,0.1093511,0.9908512,-0.0194625,0.0398366823792458,0,0
159826,0.0166657,57.6196884158999,0.1273701,0.1854946,0.3440382,0.06334822,0.107594,0.9919451,-0.02133841,0.0398366823792458,0,0
159828,0.0184845,57.6381729152054,0.1273701,0.1854946,0.3440382,0.06334822,0.107594,0.9919451,-0.02133841,0.0398366823792458,0,0
159832,0.0166663,57.6548392158002,0.1287746,0.184917,0.3442239,0.05570877,0.106952,0.992453,-0.02224345,0.0398366823792458,0,0
159834,0.0166696,57.6715088151395,0.1287746,0.184917,0.3442239,0.05570877,0.106952,0.992453,-0.02224345,0.0398366823792458,0,0
159840,0.0166657,57.6881745159626,0.1304109,0.1843542,0.3443196,0.05030164,0.1063765,0.9927868,-0.02298304,0.0398366823792458,0,0
159842,0.0166704,57.7048449162394,0.1304109,0.1843542,0.3443196,0.05030164,0.1063765,0.9927868,-0.02298304,0.0398366823792458,0,0
159846,0.0166638,57.7215087171644,0.1327343,0.1836244,0.3442743,0.04454763,0.1056559,0.9931167,-0.02390489,0.0398366823792458,0,0
159848,0.0187464,57.7402551174164,0.1327343,0.1836244,0.3442743,0.04454763,0.1056559,0.9931167,-0.02390489,0.0398366823792458,0,0
159854,0.0166685,57.7569236177951,0.1343932,0.182842,0.3444012,0.03821893,0.1048906,0.9934446,-0.02459856,0.0398366823792458,0,0
159856,0.0169553,57.773878917098,0.1343932,0.182842,0.3444012,0.03821893,0.1048906,0.9934446,-0.02459856,0.0398366823792458,0,0
159860,0.0166675,57.7905464172363,0.1343932,0.182842,0.3444012,0.03821893,0.1048906,0.9934446,-0.02459856,0.0398366823792458,0,0
159862,0.0166665,57.8072129171342,0.1357403,0.1820418,0.3446268,0.03072014,0.1040857,0.9937717,-0.02530478,0.0398366823792458,0,0
159866,0.0166675,57.8238804172724,0.1357403,0.1820418,0.3446268,0.03072014,0.1040857,0.9937717,-0.02530478,0.0398366823792458,0,0
159868,0.0166659,57.8405463173985,0.1357403,0.1820418,0.3446268,0.03072014,0.1040857,0.9937717,-0.02530478,0.0398360267281532,0,0
159872,0.0166667,57.8572130165994,0.1386885,0.1804623,0.345382,0.01860426,0.1027453,0.9941822,-0.02643791,0.0398360267281532,0,0
159874,0.0166672,57.8738802168518,0.1386885,0.1804623,0.345382,0.01860426,0.1027453,0.9941822,-0.02643791,0.0398360267281532,0,0
159880,0.0166675,57.8905477169901,0.139989,0.1796678,0.3461672,0.01317188,0.1021915,0.9943177,-0.02675389,0.0398360267281532,0,0
159882,0.0169295,57.9074772167951,0.139989,0.1796678,0.3461672,0.01317188,0.1021915,0.9943177,-0.02675389,0.0398360267281532,0,0
159886,0.0166681,57.9241453167051,0.14088,0.1788034,0.3471608,0.008586099,0.1017125,0.994416,-0.02678959,0.0398360267281532,0,0
159888,0.0166676,57.9408129174262,0.14088,0.1788034,0.3471608,0.008586099,0.1017125,0.994416,-0.02678959,0.0398360267281532,0,0
159892,0.016666,57.9574789181352,0.1416871,0.1779086,0.3484698,0.002854658,0.1013739,0.9944814,-0.02686998,0.0398360267281532,0,0
159894,0.0166676,57.9741465188563,0.1416871,0.1779086,0.3484698,0.002854658,0.1013739,0.9944814,-0.02686998,0.0398360267281532,0,0
159900,0.0166661,57.9908126182854,0.1416871,0.1779086,0.3484698,0.002854658,0.1013739,0.9944814,-0.02686998,0.0398360267281532,0,0
159902,0.0166663,58.0074789188802,0.1428248,0.1767459,0.349686,-0.001263781,0.1008364,0.9945435,-0.026714,0.0398360267281532,0,0
159906,0.0166676,58.0241465196013,0.1428248,0.1767459,0.349686,-0.001263781,0.1008364,0.9945435,-0.026714,0.0398360267281532,0,0
159908,0.0166658,58.0408123191446,0.1438245,0.1756733,0.3507953,-0.004256439,0.1004467,0.9945798,-0.02652026,0.0398360267281532,0,0
159916,0.0179717,58.058784019202,0.1438245,0.1756733,0.3507953,-0.004256439,0.1004467,0.9945798,-0.02652026,0.0398360267281532,0,0
159920,0.0243935,58.0831775199622,0.1450371,0.1731272,0.3535637,-0.01288052,0.09944196,0.9946246,-0.0258323,0.0398360267281532,0,0
159924,0.0222995,58.1054770201445,0.1450371,0.1731272,0.3535637,-0.01288052,0.09944196,0.9946246,-0.0258323,0.0398360267281532,0,0
159926,0.0193652,58.1248422209173,0.1459564,0.1716189,0.3547331,-0.01639411,0.09872878,0.9946555,-0.02538309,0.0398360267281532,0,0
159930,0.0166682,58.1415104214102,0.1465115,0.1703514,0.3559254,-0.02044451,0.09820322,0.9946419,-0.02501367,0.0398360267281532,0,0
159932,0.0180712,58.1595816221088,0.1465115,0.1703514,0.3559254,-0.02044451,0.09820322,0.9946419,-0.02501367,0.0398360267281532,0,0
159934,0.0166681,58.1762497220188,0.1465115,0.1703514,0.3559254,-0.02044451,0.09820322,0.9946419,-0.02501367,0.0398360267281532,0,0
159940,0.016667,58.1929167211056,0.1470849,0.1691429,0.3569101,-0.02396992,0.09765726,0.9946258,-0.02465786,0.0398360267281532,0,0
159942,0.0166659,58.2095826212317,0.1470849,0.1691429,0.3569101,-0.02396992,0.09765726,0.9946258,-0.02465786,0.0398360267281532,0,0
159946,0.0166687,58.2262513209134,0.1476649,0.1679179,0.357968,-0.02671859,0.09718224,0.9946135,-0.02420065,0.0398360267281532,0,0
159948,0.0166659,58.2429172210395,0.1476649,0.1679179,0.357968,-0.02671859,0.09718224,0.9946135,-0.02420065,0.0398360267281532,0,0
159952,0.0166667,58.2595839202404,0.1476649,0.1679179,0.357968,-0.02671859,0.09718224,0.9946135,-0.02420065,0.0398360267281532,0,0
159956,0.0166669,58.2762508206069,0.1477672,0.1669329,0.3593397,-0.03119497,0.0970526,0.9945027,-0.02391704,0.0398366823792458,0,0
159960,0.0166697,58.2929205205292,0.1477672,0.1669329,0.3593397,-0.03119497,0.0970526,0.9945027,-0.02391704,0.0398366823792458,0,0
159962,0.0166665,58.309587020427,0.1477672,0.1669329,0.3593397,-0.03119497,0.0970526,0.9945027,-0.02391704,0.0398366823792458,0,0
159966,0.0166653,58.3262523207814,0.1476875,0.1669051,0.362192,-0.03676031,0.09821448,0.9941992,-0.02388901,0.0398366823792458,0,0
159970,0.0166659,58.3429182209075,0.1476875,0.1669051,0.362192,-0.03676031,0.09821448,0.9941992,-0.02388901,0.0398360267281532,0,0
159974,0.0209429,58.3638611212373,0.1472263,0.1666529,0.363198,-0.03887606,0.09849362,0.9940965,-0.02365829,0.0398360267281532,0,0
159978,0.0166683,58.3805294204503,0.1465686,0.1664288,0.3641322,-0.04094014,0.09874652,0.9939958,-0.02335447,0.0398360267281532,0,0
159980,0.0166658,58.3971952199936,0.1465686,0.1664288,0.3641322,-0.04094014,0.09874652,0.9939958,-0.02335447,0.0398360267281532,0,0
159982,0.0166686,58.4138638190925,0.1465686,0.1664288,0.3641322,-0.04094014,0.09874652,0.9939958,-0.02335447,0.0398360267281532,0,0
159986,0.0166662,58.4305300191045,0.1458184,0.1660855,0.3650512,-0.042715,0.09891365,0.9939153,-0.02288803,0.0398360267281532,0,0
159990,0.0166671,58.4471971187741,0.1458184,0.1660855,0.3650512,-0.042715,0.09891365,0.9939153,-0.02288803,0.0398360267281532,0,0
159994,0.0166669,58.4638640191406,0.1450184,0.1654796,0.3659901,-0.04439991,0.09906874,0.9938378,-0.02237129,0.0398360267281532,0,0
159996,0.0166665,58.4805305190384,0.1450184,0.1654796,0.3659901,-0.04439991,0.09906874,0.9938378,-0.02237129,0.0398360267281532,0,0
160000,0.0166673,58.4971978198737,0.1450184,0.1654796,0.3659901,-0.04439991,0.09906874,0.9938378,-0.02237129,0.0398360267281532,0,0
160002,0.0166657,58.5138635206968,0.1437232,0.1644862,0.3676141,-0.04703348,0.09972285,0.9936647,-0.02176188,0.0398360267281532,0,0
160006,0.0166686,58.5305321197957,0.1437232,0.1644862,0.3676141,-0.04703348,0.09972285,0.9936647,-0.02176188,0.0398360267281532,0,0
160012,0.0166659,58.5471980199218,0.1431663,0.1640383,0.3679328,-0.04811683,0.09999575,0.9935871,-0.02168704,0.0398360267281532,0,0
160014,0.0166659,58.5638639200479,0.1431663,0.1640383,0.3679328,-0.04811683,0.09999575,0.9935871,-0.02168704,0.0398360267281532,0,0
160018,0.0166683,58.5805322192609,0.142671,0.163777,0.3679151,-0.04907084,0.100329,0.9935032,-0.02185054,0.0398360267281532,0,0
160020,0.0168751,58.5974073186517,0.142671,0.163777,0.3679151,-0.04907084,0.100329,0.9935032,-0.02185054,0.0398360267281532,0,0
160022,0.0166681,58.6140754185617,0.142671,0.163777,0.3679151,-0.04907084,0.100329,0.9935032,-0.02185054,0.0398360267281532,0,0
160026,0.0166729,58.6307483185083,0.1422044,0.1637958,0.3677112,-0.04996267,0.1009047,0.9933901,-0.02231692,0.0398360267281532,0,0
160030,0.0166666,58.6474149189889,0.1422044,0.1637958,0.3677112,-0.04996267,0.1009047,0.9933901,-0.02231692,0.0398353710770607,0,0
160034,0.0166673,58.6640822198242,0.141637,0.1639057,0.3673519,-0.05077431,0.1015332,0.9932725,-0.02286315,0.0398353710770607,0,0
160036,0.0166674,58.6807496193796,0.141637,0.1639057,0.3673519,-0.05077431,0.1015332,0.9932725,-0.02286315,0.0398353710770607,0,0
160040,0.0166667,58.6974163185805,0.141637,0.1639057,0.3673519,-0.05077431,0.1015332,0.9932725,-0.02286315,0.0398353710770607,0,0
160042,0.0166666,58.7140829190612,0.1401283,0.1647673,0.3660502,-0.05231725,0.1031856,0.9929852,-0.02441115,0.0398353710770607,0,0
160046,0.016667,58.7307499181479,0.1401283,0.1647673,0.3660502,-0.05231725,0.1031856,0.9929852,-0.02441115,0.0398353710770607,0,0
160052,0.0166675,58.7474174182862,0.1392164,0.165365,0.3649617,-0.0531744,0.1037961,0.9928565,-0.02519604,0.0398353710770607,0,0
160054,0.0166655,58.7640829179436,0.1392164,0.165365,0.3649617,-0.0531744,0.1037961,0.9928565,-0.02519604,0.0398353710770607,0,0
160056,0.0166671,58.7807500176132,0.1381485,0.1661723,0.3633771,-0.05412275,0.1041631,0.9927459,-0.02600892,0.0398353710770607,0,0
160062,0.0166671,58.7974171172827,0.1381485,0.1661723,0.3633771,-0.05412275,0.1041631,0.9927459,-0.02600892,0.0398353710770607,0,0
160064,0.0166653,58.8140824176371,0.137094,0.1670061,0.36138,-0.05498578,0.1039141,0.9927098,-0.02656591,0.0398353710770607,0,0
160068,0.0175508,58.8316332176328,0.137094,0.1670061,0.36138,-0.05498578,0.1039141,0.9927098,-0.02656591,0.0398360267281532,0,0
160072,0.016668,58.84830121696,0.137094,0.1670061,0.36138,-0.05498578,0.1039141,0.9927098,-0.02656591,0.0398360267281532,0,0
160074,0.0166658,58.8649670165032,0.1361182,0.1679106,0.3592602,-0.05574883,0.1034152,0.9927071,-0.02701882,0.0398360267281532,0,0
160078,0.0166684,58.8816354162991,0.1361182,0.1679106,0.3592602,-0.05574883,0.1034152,0.9927071,-0.02701882,0.0398360267281532,0,0
160080,0.0187226,58.9003580156714,0.1361182,0.1679106,0.3592602,-0.05574883,0.1034152,0.9927071,-0.02701882,0.0398360267281532,0,0
160084,0.0166682,58.9170262161642,0.1345132,0.1696263,0.355768,-0.05705499,0.1027754,0.9926744,-0.02792038,0.0398360267281532,0,0
160086,0.0166667,58.9336929153651,0.1345132,0.1696263,0.355768,-0.05705499,0.1027754,0.9926744,-0.02792038,0.0398360267281532,0,0
160092,0.0166671,58.9503600150347,0.1338873,0.1705189,0.3545069,-0.05761478,0.1027653,0.9926291,-0.02841355,0.0398360267281532,0,0
160094,0.016666,58.9670260157436,0.1338873,0.1705189,0.3545069,-0.05761478,0.1027653,0.9926291,-0.02841355,0.0398360267281532,0,0
160098,0.0166681,58.9836941156536,0.1335109,0.1712392,0.3536529,-0.05797523,0.1027929,0.9925944,-0.02879107,0.0398360267281532,0,0
160100,0.0166661,59.0003602150828,0.1335109,0.1712392,0.3536529,-0.05797523,0.1027929,0.9925944,-0.02879107,0.0398360267281532,0,0
160104,0.0166677,59.0170279145241,0.1332065,0.1719574,0.3527521,-0.05825354,0.1028041,0.9925649,-0.02920419,0.0398360267281532,0,0
160106,0.0166672,59.0336951147765,0.1332065,0.1719574,0.3527521,-0.05825354,0.1028041,0.9925649,-0.02920419,0.0398360267281532,0,0
160112,0.0166669,59.050362015143,0.1330295,0.1724138,0.3521547,-0.05840853,0.1028081,0.9925471,-0.02948266,0.0398360267281532,0,0
160116,0.0166664,59.067028414458,0.1330295,0.1724138,0.3521547,-0.05840853,0.1028081,0.9925471,-0.02948266,0.0398366823792458,0,0
160120,0.0193729,59.0864013135433,0.1330295,0.1724138,0.3521547,-0.05840853,0.1028081,0.9925471,-0.02948266,0.0398366823792458,0,0
160122,0.0206996,59.1071009133011,0.1329138,0.1727929,0.3517461,-0.05851964,0.1028973,0.9925235,-0.02974343,0.0398366823792458,0,0
160126,0.0166687,59.1237696129829,0.1329138,0.1727929,0.3517461,-0.05851964,0.1028973,0.9925235,-0.02974343,0.0398366823792458,0,0
160128,0.0166652,59.1404348127544,0.1329138,0.1727929,0.3517461,-0.05851964,0.1028973,0.9925235,-0.02974343,0.0398366823792458,0,0
160132,0.0166675,59.1571023128927,0.132688,0.1732082,0.3511681,-0.05870584,0.1029273,0.9925012,-0.03001618,0.0398366823792458,0,0
160136,0.0166662,59.1737685129046,0.132688,0.1732082,0.3511681,-0.05870584,0.1029273,0.9925012,-0.03001618,0.0398366823792458,0,0
160140,0.0166676,59.1904361136258,0.1325282,0.1732263,0.3509913,-0.05878574,0.1028343,0.992507,-0.02998549,0.0398366823792458,0,0
160142,0.0166658,59.207101913169,0.1323187,0.1731254,0.3508779,-0.0588779,0.1026684,0.992523,-0.02984458,0.0398366823792458,0,0
160146,0.0166695,59.2237714137882,0.1323187,0.1731254,0.3508779,-0.0588779,0.1026684,0.992523,-0.02984458,0.0398366823792458,0,0
160148,0.0203801,59.2441515140235,0.1320269,0.1730279,0.350893,-0.05910135,0.1025606,0.9925264,-0.02966082,0.0398366823792458,0,0
160152,0.0166713,59.2608228139579,0.1320269,0.1730279,0.350893,-0.05910135,0.1025606,0.9925264,-0.02966082,0.0398366823792458,0,0
160156,0.016665,59.2774878144264,0.1320269,0.1730279,0.350893,-0.05910135,0.1025606,0.9925264,-0.02966082,0.0398366823792458,0,0
160160,0.0166656,59.2941534146667,0.1316662,0.1728782,0.3509549,-0.05936094,0.1023819,0.992538,-0.02937055,0.0398366823792458,0,0
160162,0.0188858,59.3130392152816,0.1316662,0.1728782,0.3509549,-0.05936094,0.1023819,0.992538,-0.02937055,0.0398366823792458,0,0
160166,0.0166682,59.3297074157745,0.1312612,0.1726252,0.3509852,-0.05967734,0.1020817,0.9925609,-0.0289955,0.0398366823792458,0,0
160170,0.0166666,59.3463740162551,0.1312612,0.1726252,0.3509852,-0.05967734,0.1020817,0.9925609,-0.0289955,0.0398366823792458,0,0
160174,0.0166672,59.3630412165076,0.1312612,0.1726252,0.3509852,-0.05967734,0.1020817,0.9925609,-0.0289955,0.0398366823792458,0,0
160176,0.0166668,59.3797080162913,0.1303171,0.1717592,0.3512345,-0.06048642,0.1013077,0.992621,-0.02795881,0.0398366823792458,0,0
160180,0.0166672,59.3963752165437,0.1303171,0.1717592,0.3512345,-0.06048642,0.1013077,0.992621,-0.02795881,0.0398366823792458,0,0
160182,0.0166672,59.4130424167961,0.1303171,0.1717592,0.3512345,-0.06048642,0.1013077,0.992621,-0.02795881,0.0398366823792458,0,0
160186,0.0166669,59.4297093171626,0.1299206,0.1712086,0.3515554,-0.06088358,0.1008884,0.9926569,-0.02733236,0.0398360267281532,0,0
160190,0.0166658,59.4463751167059,0.129677,0.1705398,0.3521106,-0.06116705,0.1004916,0.9926984,-0.02664207,0.0398360267281532,0,0
160194,0.0166678,59.46304291673,0.129677,0.1705398,0.3521106,-0.06116705,0.1004916,0.9926984,-0.02664207,0.0398360267281532,0,0
160196,0.0166657,59.4797086175531,0.129677,0.1705398,0.3521106,-0.06116705,0.1004916,0.9926984,-0.02664207,0.0398360267281532,0,0
160200,0.0166678,59.4963764175773,0.1296418,0.1697669,0.3528193,-0.0612384,0.100075,0.9927555,-0.02590922,0.0398360267281532,0,0
160202,0.0166662,59.5130426175892,0.1296418,0.1697669,0.3528193,-0.0612384,0.100075,0.9927555,-0.02590922,0.0398360267281532,0,0
160206,0.0166676,59.5297102183104,0.1297676,0.1687425,0.3537541,-0.06123485,0.09959628,0.9928259,-0.02505328,0.0398360267281532,0,0
160208,0.0166662,59.5463764183223,0.1297676,0.1687425,0.3537541,-0.06123485,0.09959628,0.9928259,-0.02505328,0.0398360267281532,0,0
160214,0.0166673,59.5630437191576,0.1297676,0.1687425,0.3537541,-0.06123485,0.09959628,0.9928259,-0.02505328,0.0398360267281532,0,0
160216,0.0166669,59.5797106195241,0.1299428,0.1676518,0.3547265,-0.06116118,0.09921337,0.9928886,-0.02425493,0.0398360267281532,0,0
160220,0.0166672,59.5963778197765,0.1299428,0.1676518,0.3547265,-0.06116118,0.09921337,0.9928886,-0.02425493,0.0398360267281532,0,0
160222,0.0166665,59.6130443196744,0.1299428,0.1676518,0.3547265,-0.06116118,0.09921337,0.9928886,-0.02425493,0.0398360267281532,0,0
160226,0.0166682,59.6297125201672,0.1303697,0.1648469,0.3566267,-0.06064937,0.09795471,0.9930922,-0.02223414,0.0398360267281532,0,0
160228,0.0166658,59.6463783197105,0.1303697,0.1648469,0.3566267,-0.06064937,0.09795471,0.9930922,-0.02223414,0.0398366823792458,0,0
160234,0.0166672,59.6630455199629,0.1306722,0.1633349,0.3574264,-0.06027805,0.09722478,0.9932089,-0.02121111,0.0398366823792458,0,0
160236,0.0166668,59.6797123197466,0.1310622,0.1620779,0.3581802,-0.05977514,0.09673112,0.9933045,-0.02040177,0.0398366823792458,0,0
160240,0.0166669,59.6963792201132,0.1310622,0.1620779,0.3581802,-0.05977514,0.09673112,0.9933045,-0.02040177,0.0398366823792458,0,0
160242,0.0166665,59.713045720011,0.1310622,0.1620779,0.3581802,-0.05977514,0.09673112,0.9933045,-0.02040177,0.0398366823792458,0,0
160246,0.0166674,59.7297131195664,0.1314761,0.1609372,0.358728,-0.05921729,0.09625559,0.9933981,-0.01970767,0.0398366823792458,0,0
160248,0.0166661,59.7463792189956,0.1314761,0.1609372,0.358728,-0.05921729,0.09625559,0.9933981,-0.01970767,0.0398366823792458,0,0
160254,0.0166677,59.7630469184369,0.1319955,0.1602392,0.3593319,-0.05861737,0.09645735,0.9934173,-0.01954602,0.0398366823792458,0,0
160256,0.0166657,59.77971261926,0.1319955,0.1602392,0.3593319,-0.05861737,0.09645735,0.9934173,-0.01954602,0.0398366823792458,0,0
160260,0.0166676,59.7963802199811,0.1319955,0.1602392,0.3593319,-0.05861737,0.09645735,0.9934173,-0.01954602,0.0398366823792458,0,0
160262,0.016666,59.81304622069,0.1324228,0.1603914,0.3596466,-0.05819283,0.09682982,0.993403,-0.01969761,0.0398366823792458,0,0
160266,0.0166677,59.8297139201313,0.1324228,0.1603914,0.3596466,-0.05819283,0.09682982,0.993403,-0.01969761,0.0398366823792458,0,0
160270,0.0166667,59.8463806193322,0.1328236,0.160312,0.3592455,-0.05747752,0.09663077,0.9934642,-0.01968956,0.0398366823792458,0,0
160274,0.0166674,59.8630480188876,0.1328236,0.160312,0.3592455,-0.05747752,0.09663077,0.9934642,-0.01968956,0.0398366823792458,0,0
160276,0.016666,59.8797140195966,0.1328236,0.160312,0.3592455,-0.05747752,0.09663077,0.9934642,-0.01968956,0.0398366823792458,0,0
160280,0.0166677,59.8963817190379,0.1328672,0.1602952,0.3592066,-0.05717247,0.09662923,0.993483,-0.0196384,0.0398366823792458,0,0
160282,0.0166666,59.9130483195186,0.1328775,0.1602622,0.3591602,-0.05690219,0.09660394,0.9935024,-0.01956755,0.0398366823792458,0,0
160286,0.0166667,59.9297150187194,0.1328775,0.1602622,0.3591602,-0.05690219,0.09660394,0.9935024,-0.01956755,0.0398366823792458,0,0
160288,0.0166666,59.9463816192001,0.1328775,0.1602622,0.3591602,-0.05690219,0.09660394,0.9935024,-0.01956755,0.0398366823792458,0,0
160292,0.0166671,59.9630487188697,0.1329224,0.1602337,0.35908,-0.05660263,0.09657583,0.9935232,-0.01951493,0.0398366823792458,0,0
160296,0.0166665,59.9797152187675,0.1329224,0.1602337,0.35908,-0.05660263,0.09657583,0.9935232,-0.01951493,0.0398366823792458,0,0
160300,0.0166676,59.9963828194886,0.1329309,0.1602156,0.3590212,-0.05629763,0.09660543,0.9935384,-0.01948008,0.0398366823792458,0,0
160302,0.0166665,60.0130493193865,0.1329309,0.1602156,0.3590212,-0.05629763,0.09660543,0.9935384,-0.01948008,0.0398366823792458,0,0
160308,0.0171731,60.0302224196494,0.1329324,0.1601841,0.3589703,-0.056004,0.0966664,0.9935494,-0.01945971,0.0398366823792458,0,0
160310,0.0166679,60.0468903202564,0.1329324,0.1601841,0.3589703,-0.056004,0.0966664,0.9935494,-0.01945971,0.0398366823792458,0,0
160314,0.0166657,60.0635560210794,0.1329324,0.1601841,0.3589703,-0.056004,0.0966664,0.9935494,-0.01945971,0.0398366823792458,0,0
160316,0.016666,60.0802220217884,0.1329324,0.1601841,0.3589703,-0.056004,0.0966664,0.9935494,-0.01945971,0.0398366823792458,0,0
160320,0.0166675,60.0968895219266,0.132986,0.1601667,0.3587896,-0.05545449,0.09688716,0.9935582,-0.01949067,0.0398366823792458,0,0
160324,0.0169399,60.1138294227421,0.132986,0.1601667,0.3587896,-0.05545449,0.09688716,0.9935582,-0.01949067,0.0398366823792458,0,0
160328,0.0166676,60.1304970234632,0.1330073,0.1601285,0.3587632,-0.05521572,0.09697733,0.9935635,-0.01944961,0.0398366823792458,0,0
160330,0.0166658,60.1471628230065,0.1330234,0.1601179,0.3587572,-0.05497457,0.09708353,0.9935673,-0.01940718,0.0398366823792458,0,0
160334,0.0166667,60.1638295222074,0.1330234,0.1601179,0.3587572,-0.05497457,0.09708353,0.9935673,-0.01940718,0.0398366823792458,0,0
160336,0.0166703,60.1804998219013,0.1330234,0.1601179,0.3587572,-0.05497457,0.09708353,0.9935673,-0.01940718,0.0398366823792458,0,0
160340,0.0166659,60.1971657220274,0.1330593,0.160096,0.3587386,-0.0547695,0.09713779,0.9935744,-0.01935275,0.0398366823792458,0,0
160342,0.0166669,60.213832622394,0.1330593,0.160096,0.3587386,-0.0547695,0.09713779,0.9935744,-0.01935275,0.0398366823792458,0,0
160348,0.0166673,60.2304999232292,0.1331177,0.160056,0.3587187,-0.05456242,0.09717926,0.9935829,-0.01929012,0.0398366823792458,0,0
160350,0.0166666,60.2471665237099,0.1331177,0.160056,0.3587187,-0.05456242,0.09717926,0.9935829,-0.01929012,0.0398366823792458,0,0
160354,0.0166671,60.2638336233795,0.1331177,0.160056,0.3587187,-0.05456242,0.09717926,0.9935829,-0.01929012,0.0398366823792458,0,0
160356,0.0166665,60.2805001232773,0.1332597,0.1600226,0.3586612,-0.05423206,0.09722259,0.993598,-0.01922878,0.0398366823792458,0,0
160360,0.0166671,60.2971672229469,0.1332597,0.1600226,0.3586612,-0.05423206,0.09722259,0.993598,-0.01922878,0.0398366823792458,0,0
160362,0.0166666,60.3138338234276,0.1332597,0.1600226,0.3586612,-0.05423206,0.09722259,0.993598,-0.01922878,0.0398366823792458,0,0
160368,0.0166673,60.3305011242628,0.1338351,0.1599622,0.3585137,-0.05333628,0.09739104,0.9936306,-0.01919313,0.0398366823792458,0,0
160370,0.0166653,60.3471664246172,0.1338351,0.1599622,0.3585137,-0.05333628,0.09739104,0.9936306,-0.01919313,0.0398366823792458,0,0
160374,0.0166677,60.3638341240585,0.1342864,0.1599407,0.3583798,-0.05266402,0.09752408,0.9936527,-0.01923192,0.0398366823792458,0,0
160376,0.0172894,60.3811235241592,0.1347182,0.1599237,0.3582106,-0.05201482,0.09761351,0.9936776,-0.01926006,0.0398366823792458,0,0
160382,0.0166676,60.3977911248803,0.1347182,0.1599237,0.3582106,-0.05201482,0.09761351,0.9936776,-0.01926006,0.0398366823792458,0,0
160384,0.0172659,60.4150570239872,0.135211,0.1599085,0.3580133,-0.0512987,0.09767941,0.9937078,-0.01928623,0.0398366823792458,0,0
160388,0.0166677,60.4317247234285,0.135211,0.1599085,0.3580133,-0.0512987,0.09767941,0.9937078,-0.01928623,0.0398373417556286,0,0
160390,0.0166661,60.4483908228576,0.135211,0.1599085,0.3580133,-0.0512987,0.09767941,0.9937078,-0.01928623,0.0398373417556286,0,0
160394,0.016668,60.4650588221848,0.1358566,0.1598984,0.3577325,-0.05052489,0.09765885,0.9937487,-0.01932958,0.0398373417556286,0,0
160396,0.0166666,60.4817254226655,0.1358566,0.1598984,0.3577325,-0.05052489,0.09765885,0.9937487,-0.01932958,0.0398373417556286,0,0
160400,0.0166669,60.498392323032,0.1368177,0.1598976,0.3573587,-0.04969345,0.09762537,0.9937905,-0.01950156,0.0398373417556286,0,0
160404,0.0166686,60.5150609221309,0.1368177,0.1598976,0.3573587,-0.04969345,0.09762537,0.9937905,-0.01950156,0.0398373417556286,0,0
160408,0.0166655,60.5317264217883,0.1368177,0.1598976,0.3573587,-0.04969345,0.09762537,0.9937905,-0.01950156,0.0398373417556286,0,0
160410,0.0166662,60.5483926218003,0.1404264,0.159959,0.3560926,-0.04750035,0.09759315,0.9938847,-0.02031159,0.0398373417556286,0,0
160416,0.0166674,60.5650600213557,0.1404264,0.159959,0.3560926,-0.04750035,0.09759315,0.9938847,-0.02031159,0.0398373417556286,0,0
160420,0.0213297,60.5863897204399,0.1426764,0.1600191,0.355325,-0.04634215,0.09760363,0.9939272,-0.02084723,0.0398373417556286,0,0
160422,0.0207589,60.6071486212313,0.1448901,0.1600922,0.3545153,-0.04541706,0.09759965,0.9939584,-0.02140685,0.0398373417556286,0,0
160426,0.0166676,60.6238162219524,0.1448901,0.1600922,0.3545153,-0.04541706,0.09759965,0.9939584,-0.02140685,0.0398373417556286,0,0
160430,0.0203072,60.6441234219819,0.146954,0.1602291,0.3537736,-0.04447186,0.09767441,0.9939815,-0.02197286,0.0398373417556286,0,0
160434,0.0166686,60.6607920210809,0.146954,0.1602291,0.3537736,-0.04447186,0.09767441,0.9939815,-0.02197286,0.0398373417556286,0,0
160436,0.0166656,60.6774576213211,0.146954,0.1602291,0.3537736,-0.04447186,0.09767441,0.9939815,-0.02197286,0.0398373417556286,0,0
160440,0.0166676,60.6941252220422,0.1487021,0.1604552,0.353169,-0.04386312,0.09783547,0.9939805,-0.02251872,0.0398373417556286,0,0
160442,0.0166653,60.7107905223966,0.1487021,0.1604552,0.353169,-0.04386312,0.09783547,0.9939805,-0.02251872,0.0398373417556286,0,0
160448,0.0166683,60.7274588216096,0.1496512,0.1604407,0.3526911,-0.04316787,0.09776928,0.9940144,-0.02264839,0.0398360267281532,0,0
160450,0.0180692,60.7455280218273,0.1496512,0.1604407,0.3526911,-0.04316787,0.09776928,0.9940144,-0.02264839,0.0398360267281532,0,0
160454,0.0166682,60.7621962223202,0.1496512,0.1604407,0.3526911,-0.04316787,0.09776928,0.9940144,-0.02264839,0.0398360267281532,0,0
160456,0.0181831,60.7803793214262,0.1496512,0.1604407,0.3526911,-0.04316787,0.09776928,0.9940144,-0.02264839,0.0398360267281532,0,0
160462,0.0166674,60.7970467209816,0.1502248,0.1603735,0.3517102,-0.0424374,0.09780565,0.9940334,-0.0230371,0.0398360267281532,0,0
160464,0.0178608,60.8149075210094,0.1502248,0.1603735,0.3517102,-0.0424374,0.09780565,0.9940334,-0.0230371,0.0398360267281532,0,0
160468,0.0166675,60.8315750211477,0.1499125,0.1603789,0.3511733,-0.04245635,0.09793323,0.9940134,-0.02332291,0.0398360267281532,0,0
160470,0.0171659,60.8487409204245,0.1491791,0.1603766,0.3503834,-0.04253812,0.09813556,0.9939818,-0.02366832,0.0398360267281532,0,0
160474,0.0166679,60.8654088210315,0.1491791,0.1603766,0.3503834,-0.04253812,0.09813556,0.9939818,-0.02366832,0.0398360267281532,0,0
160476,0.0166665,60.8820753209293,0.1491791,0.1603766,0.3503834,-0.04253812,0.09813556,0.9939818,-0.02366832,0.0398360267281532,0,0
160482,0.0166671,60.8987424205989,0.1482378,0.1603382,0.3495548,-0.04268414,0.09826399,0.9939575,-0.02389299,0.0398360267281532,0,0
160484,0.0166661,60.915408520028,0.1482378,0.1603382,0.3495548,-0.04268414,0.09826399,0.9939575,-0.02389299,0.0398360267281532,0,0
160488,0.0166785,60.9320870209485,0.1468403,0.1602671,0.348578,-0.04288846,0.09845373,0.9939258,-0.02406136,0.0398360267281532,0,0
160490,0.0166547,60.9487417209893,0.1468403,0.1602671,0.348578,-0.04288846,0.09845373,0.9939258,-0.02406136,0.0398360267281532,0,0
160496,0.0166692,60.9654109217227,0.1455045,0.1602987,0.3477469,-0.04302875,0.09879284,0.9938808,-0.02427861,0.0398360267281532,0,0
160498,0.0181204,60.9835313223302,0.1455045,0.1602987,0.3477469,-0.04302875,0.09879284,0.9938808,-0.02427861,0.0398360267281532,0,0
160502,0.0170542,61.0005855225027,0.1455045,0.1602987,0.3477469,-0.04302875,0.09879284,0.9938808,-0.02427861,0.0398360267281532,0,0
160504,0.0166671,61.0172526221722,0.1429669,0.1602513,0.3463264,-0.04323165,0.09904968,0.993847,-0.02425644,0.0398360267281532,0,0
160508,0.0166681,61.0339207220823,0.1429669,0.1602513,0.3463264,-0.04323165,0.09904968,0.993847,-0.02425644,0.0398360267281532,0,0
160510,0.0166653,61.0505860224366,0.1429669,0.1602513,0.3463264,-0.04323165,0.09904968,0.993847,-0.02425644,0.0398360267281532,0,0
160514,0.0166669,61.0672529228032,0.1408753,0.1602175,0.3457982,-0.04334613,0.09936802,0.9938186,-0.02391204,0.0398360267281532,0,0
160518,0.0166667,61.083919622004,0.1408753,0.1602175,0.3457982,-0.04334613,0.09936802,0.9938186,-0.02391204,0.0398360267281532,0,0
160520,0.016668,61.1005876213312,0.1408753,0.1602175,0.3457982,-0.04334613,0.09936802,0.9938186,-0.02391204,0.0398360267281532,0,0
160522,0.0166668,61.1172544211149,0.1399952,0.1601632,0.3458079,-0.04333057,0.09950266,0.9938129,-0.02361566,0.0398360267281532,0,0
160526,0.0166692,61.1339236218482,0.1399952,0.1601632,0.3458079,-0.04333057,0.09950266,0.9938129,-0.02361566,0.0398360267281532,0,0
160530,0.016666,61.1505896225572,0.1399952,0.1601632,0.3458079,-0.04333057,0.09950266,0.9938129,-0.02361566,0.0398360267281532,0,0
160532,0.0166691,61.1672587227076,0.139193,0.1601425,0.3458903,-0.04335022,0.09971781,0.993796,-0.02337956,0.0398360267281532,0,0
160538,0.0166651,61.1839238218963,0.139193,0.1601425,0.3458903,-0.04335022,0.09971781,0.993796,-0.02337956,0.0398360267281532,0,0
160542,0.0166663,61.2005901224911,0.1383882,0.160119,0.3460056,-0.0434101,0.09992256,0.993779,-0.02311701,0.0398360267281532,0,0
160544,0.0189716,61.2195617221296,0.1383882,0.160119,0.3460056,-0.0434101,0.09992256,0.993779,-0.02311701,0.0398360267281532,0,0
160548,0.016668,61.2362297214568,0.1383882,0.160119,0.3460056,-0.0434101,0.09992256,0.993779,-0.02311701,0.0398360267281532,0,0
160550,0.0166668,61.2528965212405,0.1362671,0.1599817,0.3461084,-0.04325371,0.100257,0.9937698,-0.02234368,0.0398360267281532,0,0
160554,0.016667,61.2695635203272,0.1362671,0.1599817,0.3461084,-0.04325371,0.100257,0.9937698,-0.02234368,0.0398360267281532,0,0
160558,0.0171255,61.2866890206933,0.1362671,0.1599817,0.3461084,-0.04325371,0.100257,0.9937698,-0.02234368,0.0398360267281532,0,0
160562,0.0166677,61.3033567201346,0.1338942,0.1598756,0.3461618,-0.0428784,0.1008366,0.9937429,-0.02164174,0.0398360267281532,0,0
160566,0.0166655,61.320022219792,0.1338942,0.1598756,0.3461618,-0.0428784,0.1008366,0.9937429,-0.02164174,0.0398360267281532,0,0
160568,0.0200463,61.3400685191154,0.1338942,0.1598756,0.3461618,-0.0428784,0.1008366,0.9937429,-0.02164174,0.0398360267281532,0,0
160570,0.0166691,61.3567376192659,0.1326611,0.1598549,0.3462188,-0.04254695,0.1012479,0.9937223,-0.02132075,0.0398360267281532,0,0
160576,0.0166666,61.3734042197466,0.1326611,0.1598549,0.3462188,-0.04254695,0.1012479,0.9937223,-0.02132075,0.0398360267281532,0,0
160578,0.0166694,61.3900736197829,0.1326611,0.1598549,0.3462188,-0.04254695,0.1012479,0.9937223,-0.02132075,0.0398360267281532,0,0
160582,0.0166639,61.4067375194281,0.131558,0.1598482,0.3463644,-0.04222018,0.1016665,0.9937001,-0.02100919,0.0398360267281532,0,0
160584,0.0166665,61.423404019326,0.131558,0.1598482,0.3463644,-0.04222018,0.1016665,0.9937001,-0.02100919,0.0398360267281532,0,0
160588,0.0166703,61.4400743190199,0.1304686,0.1598462,0.3465596,-0.04197099,0.1020466,0.9936792,-0.02065234,0.0398360267281532,0,0
160590,0.0166641,61.4567384198308,0.1304686,0.1598462,0.3465596,-0.04197099,0.1020466,0.9936792,-0.02065234,0.0398360267281532,0,0
160596,0.0166673,61.4734057206661,0.1304686,0.1598462,0.3465596,-0.04197099,0.1020466,0.9936792,-0.02065234,0.0398360267281532,0,0
160598,0.0166675,61.4900732208043,0.1291892,0.1598037,0.3468443,-0.04154767,0.1025456,0.9936548,-0.02020857,0.0398360267281532,0,0
160602,0.0166665,61.5067397207022,0.1291892,0.1598037,0.3468443,-0.04154767,0.1025456,0.9936548,-0.02020857,0.0398360267281532,0,0
160606,0.0166672,61.5234069209546,0.1291892,0.1598037,0.3468443,-0.04154767,0.1025456,0.9936548,-0.02020857,0.0398360267281532,0,0
160608,0.0166653,61.5400722213089,0.1289859,0.1597703,0.3468055,-0.0416166,0.1025303,0.993655,-0.02013111,0.0398360267281532,0,0
160610,0.0166676,61.5567398220301,0.1289611,0.1597464,0.3467454,-0.04166581,0.1024736,0.9936591,-0.02011475,0.0398360267281532,0,0
160616,0.0166671,61.5734069216996,0.1289611,0.1597464,0.3467454,-0.04166581,0.1024736,0.9936591,-0.02011475,0.0398360267281532,0,0
160618,0.0166668,61.5900737214834,0.1289102,0.1596978,0.3466899,-0.04196683,0.1023841,0.9936562,-0.02009,0.0398360267281532,0,0
160622,0.0166666,61.606740321964,0.1289102,0.1596978,0.3466899,-0.04196683,0.1023841,0.9936562,-0.02009,0.0398360267281532,0,0
160626,0.0166673,61.6234076227993,0.1287599,0.1595836,0.3465958,-0.04267102,0.102159,0.9936514,-0.01998673,0.0398360267281532,0,0
160630,0.0171817,61.6405893228948,0.1287599,0.1595836,0.3465958,-0.04267102,0.102159,0.9936514,-0.01998673,0.0372238084673882,0,0
160634,0.0220193,61.6626086235046,0.1287599,0.1595836,0.3465958,-0.04267102,0.102159,0.9936514,-0.01998673,0.0372238084673882,0,0
160636,0.0168189,61.6794275231659,0.1285139,0.1595505,0.3466097,-0.04353656,0.1019647,0.9936372,-0.01982234,0.0372238084673882,0,0
160642,0.016668,61.6960955224931,0.1285139,0.1595505,0.3466097,-0.04353656,0.1019647,0.9936372,-0.01982234,0.0372238084673882,0,0
160644,0.0192242,61.7153197228909,0.129403,0.1595629,0.346282,-0.04572683,0.1015681,0.9935721,-0.0201875,0.0372238084673882,0,0
160648,0.0166671,61.7319868225604,0.129403,0.1595629,0.346282,-0.04572683,0.1015681,0.9935721,-0.0201875,0.0372238084673882,0,0
160650,0.0166665,61.7486533224583,0.129403,0.1595629,0.346282,-0.04572683,0.1015681,0.9935721,-0.0201875,0.0372238084673882,0,0
160654,0.0166691,61.7653224226087,0.1317312,0.1595861,0.3454137,-0.04839825,0.1009856,0.9934858,-0.02110698,0.0372238084673882,0,0
160656,0.0167692,61.7820916231722,0.1317312,0.1595861,0.3454137,-0.04839825,0.1009856,0.9934858,-0.02110698,0.0372238084673882,0,0
160662,0.0166699,61.7987615223974,0.1317312,0.1595861,0.3454137,-0.04839825,0.1009856,0.9934858,-0.02110698,0.0372238084673882,0,0
160664,0.0187022,61.81746372208,0.1322375,0.1595209,0.3451467,-0.05047576,0.1003935,0.9934433,-0.02106834,0.0372238084673882,0,0
160668,0.017208,61.834671722725,0.1322375,0.1595209,0.3451467,-0.05047576,0.1003935,0.9934433,-0.02106834,0.0191694125533104,0,0
160670,0.0176229,61.8522946219891,0.1323496,0.1597055,0.3451346,-0.05250992,0.1000345,0.9933743,-0.02105228,0.0191694125533104,0,0
160676,0.016668,61.8689626213163,0.1323496,0.1597055,0.3451346,-0.05250992,0.1000345,0.9933743,-0.02105228,0.0191694125533104,0,0
160678,0.0166661,61.8856287207454,0.1323496,0.1597055,0.3451346,-0.05250992,0.1000345,0.9933743,-0.02105228,0.0191694125533104,0,0
160682,0.0166682,61.9022969212383,0.13175,0.1593103,0.344905,-0.05666294,0.09691308,0.9934977,-0.01895858,0.0191694125533104,0,0
160684,0.016666,61.9189629219472,0.13175,0.1593103,0.344905,-0.05666294,0.09691308,0.9934977,-0.01895858,0.0191694125533104,0,0
160688,0.0166671,61.9356300216168,0.13175,0.1593103,0.344905,-0.05666294,0.09691308,0.9934977,-0.01895858,0.0191694125533104,0,0
160690,0.0166655,61.9522955212742,0.13175,0.1593103,0.344905,-0.05666294,0.09691308,0.9934977,-0.01895858,0.0191694125533104,0,0
160694,0.0166681,61.9689636211842,0.1311097,0.1599186,0.3454558,-0.06079472,0.09420818,0.9935513,-0.0168729,0.0191694125533104,0,0
160698,0.0166659,61.9856295213103,0.1311097,0.1599186,0.3454558,-0.06079472,0.09420818,0.9935513,-0.0168729,0.0191694125533104,0,0
160702,0.0166677,62.0022972207516,0.1311097,0.1599186,0.3454558,-0.06079472,0.09420818,0.9935513,-0.0168729,0.0191694125533104,0,0
160704,0.0166674,62.0189646203071,0.1309217,0.1603433,0.3457289,-0.06262647,0.09279572,0.9935875,-0.01583519,0.0191694125533104,0,0
160708,0.0166656,62.0356302205473,0.1309217,0.1603433,0.3457289,-0.06262647,0.09279572,0.9935875,-0.01583519,0.0191694125533104,0,0
160710,0.0177685,62.0533987209201,0.1307037,0.1607505,0.3460482,-0.06455353,0.09088445,0.9936628,-0.01439223,0.0191694125533104,0,0
160716,0.0166689,62.0700676217675,0.1307037,0.1607505,0.3460482,-0.06455353,0.09088445,0.9936628,-0.01439223,0.0191694125533104,0,0
160718,0.0166654,62.0867330208421,0.1307037,0.1607505,0.3460482,-0.06455353,0.09088445,0.9936628,-0.01439223,0.0191694125533104,0,0
160722,0.0166683,62.1034013200551,0.1304379,0.1609386,0.3463467,-0.06640165,0.08861855,0.9937696,-0.01263155,0.0191694125533104,0,0
160724,0.0166656,62.1200669202954,0.1304379,0.1609386,0.3463467,-0.06640165,0.08861855,0.9937696,-0.01263155,0.0191694125533104,0,0
160728,0.0166691,62.1367360204458,0.1303206,0.1613016,0.3474091,-0.06949861,0.08442522,0.993961,-0.00915968,0.00147487327922136,0,0
160730,0.0166651,62.1534011196345,0.1303206,0.1613016,0.3474091,-0.06949861,0.08442522,0.993961,-0.00915968,0.00147487327922136,0,0
160736,0.0166706,62.1700717192143,0.1303206,0.1613016,0.3474091,-0.06949861,0.08442522,0.993961,-0.00915968,0.00147487327922136,0,0
160738,0.0166649,62.1867366191,0.1303206,0.1613016,0.3474091,-0.06949861,0.08442522,0.993961,-0.00915968,0.00147487327922136,0,0
160742,0.016667,62.2034036181867,0.1305761,0.1614599,0.3484199,-0.07191948,0.08026212,0.9941596,-0.005669999,0.00147487327922136,0,0
160744,0.0166662,62.2200698181987,0.1305761,0.1614599,0.3484199,-0.07191948,0.08026212,0.9941596,-0.005669999,0.00147487327922136,0,0
160748,0.0166672,62.2367370184511,0.1310128,0.161729,0.3488261,-0.07273739,0.0783977,0.9942562,-0.004206403,0.00147487327922136,0,0
160750,0.0166667,62.253403717652,0.1310128,0.161729,0.3488261,-0.07273739,0.0783977,0.9942562,-0.004206403,0.00147487327922136,0,0
160756,0.0166685,62.2700722180307,0.1310128,0.161729,0.3488261,-0.07273739,0.0783977,0.9942562,-0.004206403,0.00147487327922136,0,0
160758,0.0166648,62.2867370173335,0.1310128,0.161729,0.3488261,-0.07273739,0.0783977,0.9942562,-0.004206403,0.00147487327922136,0,0
160762,0.0166682,62.3034052178264,0.1317326,0.1621674,0.3491026,-0.07350817,0.07672054,0.9943346,-0.003018795,0.00147487327922136,0,0
160764,0.0166654,62.3200706169009,0.1317326,0.1621674,0.3491026,-0.07350817,0.07672054,0.9943346,-0.003018795,0.00147487327922136,0,0
160768,0.0166687,62.3367393165827,0.1328353,0.1627903,0.3490985,-0.07407838,0.07516637,0.9944133,-0.002143984,0.000330959999701008,0,0
160770,0.0166655,62.3534048162401,0.1328353,0.1627903,0.3490985,-0.07407838,0.07516637,0.9944133,-0.002143984,0.000330959999701008,0,0
160776,0.0166688,62.3700736165047,0.1351684,0.1654758,0.348804,-0.07515163,0.07335441,0.9944689,-0.001740445,0.000330959999701008,0,0
160778,0.0166648,62.3867384158075,0.1351684,0.1654758,0.348804,-0.07515163,0.07335441,0.9944689,-0.001740445,0.000330959999701008,0,0
160782,0.0166692,62.4034076165408,0.1351684,0.1654758,0.348804,-0.07515163,0.07335441,0.9944689,-0.001740445,0.000330959999701008,0,0
160784,0.0171144,62.4205220174044,0.1351684,0.1654758,0.348804,-0.07515163,0.07335441,0.9944689,-0.001740445,0.000330959999701008,0,0
160788,0.0166707,62.4371927175671,0.1361576,0.1676371,0.3487869,-0.07560198,0.07282241,0.9944737,-0.00183368,0.000330959999701008,0,0
160790,0.0166656,62.4538583178073,0.1369485,0.1707067,0.3487458,-0.07596064,0.07264683,0.994458,-0.002394982,0.000330959999701008,0,0
160796,0.0166709,62.470529217273,0.1369485,0.1707067,0.3487458,-0.07596064,0.07264683,0.994458,-0.002394982,0.000330959999701008,0,0
160798,0.0166619,62.4871911164373,0.1371764,0.1739772,0.3484011,-0.07648589,0.07226726,0.9944438,-0.002982944,0.000330959999701008,0,0
160802,0.0166714,62.5038625169545,0.1371764,0.1739772,0.3484011,-0.07648589,0.07226726,0.9944438,-0.002982944,0.000330959999701008,0,0
160804,0.0166892,62.5205517169088,0.1371764,0.1739772,0.3484011,-0.07648589,0.07226726,0.9944438,-0.002982944,0.000330959999701008,0,0
160808,0.0166719,62.5372236166149,0.1372349,0.1777956,0.3477709,-0.0771971,0.07190046,0.9944124,-0.003851617,0.000273173325695097,0,0
160810,0.0166613,62.5538849160075,0.1372349,0.1777956,0.3477709,-0.0771971,0.07190046,0.9944124,-0.003851617,0.000273173325695097,0,0
160816,0.016672,62.5705569162965,0.137085,0.1818338,0.3467197,-0.07792346,0.07127727,0.9943967,-0.004770007,0.000273173325695097,0,0
160818,0.0166616,62.5872185155749,0.137085,0.1818338,0.3467197,-0.07792346,0.07127727,0.9943967,-0.004770007,0.000273173325695097,0,0
160822,0.0167133,62.6039318162948,0.137085,0.1818338,0.3467197,-0.07792346,0.07127727,0.9943967,-0.004770007,0.000273173325695097,0,0
160824,0.0166199,62.6205517165363,0.136126,0.1898353,0.3444908,-0.07936057,0.06977223,0.9943805,-0.006409164,0.000273173325695097,0,0
160828,0.0166755,62.6372272167355,0.136126,0.1898353,0.3444908,-0.07936057,0.06977223,0.9943805,-0.006409164,0.000273173325695097,0,0
160832,0.0194614,62.6566886175424,0.1355033,0.1935826,0.3434266,-0.08009856,0.0689538,0.9943737,-0.007105937,0.000273173325695097,0,0
160836,0.0178029,62.6744915172458,0.1355033,0.1935826,0.3434266,-0.08009856,0.0689538,0.9943737,-0.007105937,0.000273173325695097,0,0
160838,0.0166713,62.6911628171802,0.134835,0.1972548,0.3422024,-0.08065811,0.06784596,0.9944008,-0.007630797,0.000273173325695097,0,0
160842,0.0166641,62.707826917991,0.134835,0.1972548,0.3422024,-0.08065811,0.06784596,0.9944008,-0.007630797,0.000273173325695097,0,0
160844,0.0170019,62.724828818813,0.1343847,0.2005252,0.3411487,-0.08093761,0.0669274,0.9944365,-0.008118358,0.000273173325695097,0,0
160848,0.0166668,62.7414956185967,0.1343847,0.2005252,0.3411487,-0.08093761,0.0669274,0.9944365,-0.008118358,0.000270546675892547,0,0
160852,0.0166678,62.7581634186208,0.1342286,0.2037063,0.3403374,-0.08080966,0.06651068,0.9944689,-0.008822072,0.000270546675892547,0,0
160856,0.0166666,62.7748300191015,0.1342286,0.2037063,0.3403374,-0.08080966,0.06651068,0.9944689,-0.008822072,0.000270546675892547,0,0
160858,0.0166672,62.7914972193539,0.1342286,0.2037063,0.3403374,-0.08080966,0.06651068,0.9944689,-0.008822072,0.000270546675892547,0,0
160862,0.0166666,62.8081638198346,0.1343054,0.2063627,0.3399492,-0.08038322,0.06639887,0.9945055,-0.009414414,0.000270546675892547,0,0
160864,0.0166673,62.8248311206698,0.1343054,0.2063627,0.3399492,-0.08038322,0.06639887,0.9945055,-0.009414414,0.000270546675892547,0,0
160868,0.0166669,62.8414980210364,0.1343054,0.2063627,0.3399492,-0.08038322,0.06639887,0.9945055,-0.009414414,0.000270546675892547,0,0
160870,0.0166667,62.8581647202373,0.1348693,0.2103766,0.3403684,-0.07843487,0.06754877,0.9945714,-0.01062668,0.000270546675892547,0,0
160876,0.0166669,62.8748316206038,0.1348693,0.2103766,0.3403684,-0.07843487,0.06754877,0.9945714,-0.01062668,0.000270546675892547,0,0
160878,0.0166667,62.8914983198047,0.1348693,0.2103766,0.3403684,-0.07843487,0.06754877,0.9945714,-0.01062668,0.000270546675892547,0,0
160882,0.016667,62.9081653188914,0.1358968,0.213195,0.3419928,-0.07542958,0.07001115,0.9946196,-0.01185799,0.000270546675892547,0,0
160884,0.0166668,62.9248321186751,0.1358968,0.213195,0.3419928,-0.07542958,0.07001115,0.9946196,-0.01185799,0.000270546675892547,0,0
160888,0.0166667,62.941498817876,0.1365252,0.2142122,0.3431893,-0.07385139,0.07154898,0.9946218,-0.01242174,0.000513513339683414,0,0
160890,0.0166684,62.9581672176719,0.1365252,0.2142122,0.3431893,-0.07385139,0.07154898,0.9946218,-0.01242174,0.000513513339683414,0,0
160896,0.0166658,62.9748330172151,0.1365252,0.2142122,0.3431893,-0.07385139,0.07154898,0.9946218,-0.01242174,0.000513513339683414,0,0
160898,0.0166668,62.9914998169988,0.1365252,0.2142122,0.3431893,-0.07385139,0.07154898,0.9946218,-0.01242174,0.000513513339683414,0,0
160902,0.0166671,63.0081669166684,0.137306,0.2151738,0.3445822,-0.07217523,0.07317381,0.9946204,-0.01290656,0.000513513339683414,0,0
160904,0.0166666,63.0248335171491,0.137306,0.2151738,0.3445822,-0.07217523,0.07317381,0.9946204,-0.01290656,0.000513513339683414,0,0
160908,0.0166667,63.04150021635,0.1381821,0.2159593,0.3458992,-0.07026929,0.07462295,0.9946449,-0.01323078,0.000513513339683414,0,0
160912,0.0166667,63.0581669155508,0.1381821,0.2159593,0.3458992,-0.07026929,0.07462295,0.9946449,-0.01323078,0.000513513339683414,0,0
160916,0.0166672,63.0748341158032,0.1381821,0.2159593,0.3458992,-0.07026929,0.07462295,0.9946449,-0.01323078,0.000513513339683414,0,0
160918,0.0166679,63.0915020164102,0.1400175,0.2164882,0.3482076,-0.0667565,0.07648901,0.9947472,-0.01307758,0.000513513339683414,0,0
160922,0.0166663,63.108168317005,0.1400175,0.2164882,0.3482076,-0.0667565,0.07648901,0.9947472,-0.01307758,0.000513513339683414,0,0
160924,0.016667,63.1248353160918,0.1400175,0.2164882,0.3482076,-0.0667565,0.07648901,0.9947472,-0.01307758,0.000513513339683414,0,0
160928,0.0166673,63.141502616927,0.1418047,0.2155014,0.3506991,-0.06299709,0.07758622,0.9949222,-0.01189504,0.000513513339683414,0,0
160930,0.0166667,63.1581693161279,0.1418047,0.2155014,0.3506991,-0.06299709,0.07758622,0.9949222,-0.01189504,0.000513513339683414,0,0
160934,0.0166667,63.1748360153288,0.1418047,0.2155014,0.3506991,-0.06299709,0.07758622,0.9949222,-0.01189504,0.000513513339683414,0,0
160938,0.0166681,63.1915041152388,0.1429211,0.2144928,0.3523567,-0.06112876,0.07822382,0.9949985,-0.01106252,0.000513513339683414,0,0
160944,0.0166657,63.2081698160619,0.1429211,0.2144928,0.3523567,-0.06112876,0.07822382,0.9949985,-0.01106252,0.000513513339683414,0,0
160946,0.0168037,63.2249735165387,0.1441477,0.2132032,0.3540069,-0.0592373,0.07884744,0.9950728,-0.01020943,0.000513513339683414,0,0
160948,0.0166691,63.2416426166892,0.1441477,0.2132032,0.3540069,-0.0592373,0.07884744,0.9950728,-0.01020943,0.000513513339683414,0,0
160950,0.0166674,63.2583100162447,0.1441477,0.2132032,0.3540069,-0.0592373,0.07884744,0.9950728,-0.01020943,0.000513513339683414,0,0
160954,0.0166661,63.2749761156738,0.1441477,0.2132032,0.3540069,-0.0592373,0.07884744,0.9950728,-0.01020943,0.000513513339683414,0,0
160956,0.0166668,63.2916429154575,0.1458211,0.2119137,0.3562407,-0.05714838,0.08002023,0.9951079,-0.009538503,0.000513513339683414,0,0
160960,0.0166679,63.3083108160645,0.1458211,0.2119137,0.3562407,-0.05714838,0.08002023,0.9951079,-0.009538503,0.000513513339683414,0,0
160964,0.0166658,63.3249766156077,0.1494319,0.2088726,0.360426,-0.05341271,0.08197994,0.9951666,-0.008354358,0.000513513339683414,0,0
160968,0.0166669,63.3416435159743,0.1494319,0.2088726,0.360426,-0.05341271,0.08197994,0.9951666,-0.008354358,0.0385167822241783,0,0
160970,0.0166666,63.358310116455,0.1516469,0.2069093,0.3626591,-0.05162368,0.08298653,0.9951822,-0.007786219,0.0385167822241783,0,0
160976,0.016667,63.3749771155417,0.1539281,0.2048688,0.3646424,-0.05010571,0.08413709,0.9951651,-0.007534992,0.0385167822241783,0,0
160976,0.0166669,63.3916440159082,0.1539281,0.2048688,0.3646424,-0.05010571,0.08413709,0.9951651,-0.007534992,0.0385167822241783,0,0
160982,0.0166671,63.4083111155778,0.1539281,0.2048688,0.3646424,-0.05010571,0.08413709,0.9951651,-0.007534992,0.0385167822241783,0,0
160984,0.0166672,63.4249783158302,0.1560025,0.2025614,0.3663274,-0.04888014,0.08465519,0.9951866,-0.006917556,0.0385167822241783,0,0
160988,0.016667,63.441645314917,0.1560025,0.2025614,0.3663274,-0.04888014,0.08465519,0.9951866,-0.006917556,0.0385167822241783,0,0
160992,0.0166687,63.4583140145987,0.1560025,0.2025614,0.3663274,-0.04888014,0.08465519,0.9951866,-0.006917556,0.0385167822241783,0,0
160996,0.016667,63.4749810136855,0.158426,0.1998485,0.3683793,-0.04770704,0.08564021,0.995162,-0.006518927,0.0385167822241783,0,0
160998,0.016669,63.4916500132531,0.158426,0.1998485,0.3683793,-0.04770704,0.08564021,0.995162,-0.006518927,0.0385167822241783,0,0
161002,0.0166632,63.5083132125437,0.1627669,0.1943885,0.3714542,-0.04585633,0.08720299,0.9951167,-0.005968425,0.0385167822241783,0,0
161004,0.0166669,63.5249801129103,0.1627669,0.1943885,0.3714542,-0.04585633,0.08720299,0.9951167,-0.005968425,0.0385167822241783,0,0
161008,0.0166671,63.5416472125798,0.1627669,0.1943885,0.3714542,-0.04585633,0.08720299,0.9951167,-0.005968425,0.0395727045834064,0,0
161010,0.0166671,63.5583143122494,0.1648821,0.1915662,0.3724476,-0.04519134,0.08805966,0.995071,-0.006082584,0.0395727045834064,0,0
161016,0.0166671,63.574981411919,0.166871,0.1890989,0.3729289,-0.04463475,0.08898081,0.9950112,-0.006552506,0.0395727045834064,0,0
161018,0.0166673,63.5916487127543,0.166871,0.1890989,0.3729289,-0.04463475,0.08898081,0.9950112,-0.006552506,0.0395727045834064,0,0
161022,0.0166659,63.6083146128803,0.166871,0.1890989,0.3729289,-0.04463475,0.08898081,0.9950112,-0.006552506,0.0395727045834064,0,0
161024,0.0166673,63.6249819137156,0.1685495,0.1868107,0.3728614,-0.04405317,0.08981527,0.9949574,-0.007224239,0.0395727045834064,0,0
161028,0.0166668,63.6416487134993,0.1685495,0.1868107,0.3728614,-0.04405317,0.08981527,0.9949574,-0.007224239,0.0395727045834064,0,0
161030,0.0166706,63.6583193130791,0.1685495,0.1868107,0.3728614,-0.04405317,0.08981527,0.9949574,-0.007224239,0.0395727045834064,0,0
161036,0.0166631,63.6749824136496,0.1698106,0.1853662,0.3724546,-0.04358092,0.09103394,0.9948578,-0.008448548,0.0395727045834064,0,0
161038,0.0166672,63.691649613902,0.1698106,0.1853662,0.3724546,-0.04358092,0.09103394,0.9948578,-0.008448548,0.0395727045834064,0,0
161042,0.0166678,63.7083174139261,0.1706884,0.1847424,0.3719436,-0.04297795,0.09238063,0.9947469,-0.009868289,0.0395727045834064,0,0
161044,0.0166656,63.7249830141664,0.1706884,0.1847424,0.3719436,-0.04297795,0.09238063,0.9947469,-0.009868289,0.0395727045834064,0,0
161048,0.0166672,63.7416502144188,0.1706884,0.1847424,0.3719436,-0.04297795,0.09238063,0.9947469,-0.009868289,0.0395727045834064,0,0
161052,0.0172437,63.7588939145207,0.1715093,0.1854282,0.3707757,-0.04200203,0.0954557,0.9944584,-0.01328362,0.0395727045834064,0,0
161056,0.0166651,63.7755590137094,0.1715093,0.1854282,0.3707757,-0.04200203,0.0954557,0.9944584,-0.01328362,0.0395727045834064,0,0
161058,0.0166674,63.7922264132649,0.1715093,0.1854282,0.3707757,-0.04200203,0.0954557,0.9944584,-0.01328362,0.0395727045834064,0,0
161062,0.0166664,63.8088928125799,0.1712198,0.18737,0.3687385,-0.04157655,0.09817864,0.9941554,-0.01695032,0.0395727045834064,0,0
161064,0.01667,63.8255628123879,0.1712198,0.18737,0.3687385,-0.04157655,0.09817864,0.9941554,-0.01695032,0.0395727045834064,0,0
161068,0.0166653,63.8422281127423,0.1708841,0.1889651,0.3672267,-0.04136708,0.09947161,0.9939982,-0.01901671,0.0398603230714798,0,0
161072,0.016666,63.8588941134512,0.1708841,0.1889651,0.3672267,-0.04136708,0.09947161,0.9939982,-0.01901671,0.0398603230714798,0,0
161076,0.0166692,63.8755633141845,0.1708841,0.1889651,0.3672267,-0.04136708,0.09947161,0.9939982,-0.01901671,0.0398603230714798,0,0
161078,0.0166648,63.8922281134874,0.1708841,0.1889651,0.3672267,-0.04136708,0.09947161,0.9939982,-0.01901671,0.0398603230714798,0,0
161082,0.0166669,63.9088950138539,0.1704412,0.190489,0.3655981,-0.04109949,0.1005723,0.9938599,-0.02094171,0.0398603230714798,0,0
161084,0.016667,63.9255620129406,0.1704412,0.190489,0.3655981,-0.04109949,0.1005723,0.9938599,-0.02094171,0.0398603230714798,0,0
161090,0.0166665,63.9422285128385,0.1698068,0.1926318,0.3637764,-0.04077276,0.101893,0.9936895,-0.02316541,0.0398603230714798,0,0
161092,0.0168269,63.9590554125607,0.1698068,0.1926318,0.3637764,-0.04077276,0.101893,0.9936895,-0.02316541,0.0398603230714798,0,0
161096,0.0166676,63.9757230132818,0.1698068,0.1926318,0.3637764,-0.04077276,0.101893,0.9936895,-0.02316541,0.0398603230714798,0,0
161098,0.0166665,63.9923895131797,0.1683146,0.1973934,0.3605865,-0.04014862,0.1042243,0.9933747,-0.02705646,0.0398603230714798,0,0
161104,0.0166677,64.009057212621,0.1683146,0.1973934,0.3605865,-0.04014862,0.1042243,0.9933747,-0.02705646,0.0398603230714798,0,0
161106,0.0166657,64.025722913444,0.1683146,0.1973934,0.3605865,-0.04014862,0.1042243,0.9933747,-0.02705646,0.0398603230714798,0,0
161110,0.0166672,64.0423901136965,0.1655534,0.2046786,0.3590852,-0.03992929,0.1095992,0.9926382,-0.0326058,0.0398603230714798,0,0
161112,0.0167684,64.0591585133225,0.1655534,0.2046786,0.3590852,-0.03992929,0.1095992,0.9926382,-0.0326058,0.0398603230714798,0,0
161114,0.0166698,64.0758283138275,0.1655534,0.2046786,0.3590852,-0.03992929,0.1095992,0.9926382,-0.0326058,0.0398603230714798,0,0
161118,0.0166658,64.0924941133708,0.1588479,0.2113344,0.3616645,-0.0407056,0.1155218,0.9918381,-0.03542495,0.0398603230714798,0,0
161122,0.0166666,64.1091607138515,0.1588479,0.2113344,0.3616645,-0.0407056,0.1155218,0.9918381,-0.03542495,0.0398603230714798,0,0
161124,0.0166681,64.1258288137615,0.1485526,0.2189788,0.3646308,-0.04186477,0.1210691,0.991072,-0.03695811,0.0398603230714798,0,0
161128,0.0166665,64.1424953136593,0.1485526,0.2189788,0.3646308,-0.04186477,0.1210691,0.991072,-0.03695811,0.0398603230714798,0,0
161132,0.0166686,64.1591639127582,0.1485526,0.2189788,0.3646308,-0.04186477,0.1210691,0.991072,-0.03695811,0.0398603230714798,0,0
161136,0.016665,64.1758289132267,0.1351551,0.2282692,0.367487,-0.04321939,0.1265658,0.99029,-0.03793318,0.0398603230714798,0,0
161138,0.0166663,64.1924952138215,0.1351551,0.2282692,0.367487,-0.04321939,0.1265658,0.99029,-0.03793318,0.0398603230714798,0,0
161142,0.0166675,64.2091627139598,0.1351551,0.2282692,0.367487,-0.04321939,0.1265658,0.99029,-0.03793318,0.0398603230714798,0,0
161144,0.0166663,64.2258290145546,0.1071127,0.2461092,0.3696978,-0.04570188,0.1344964,0.9890978,-0.03882705,0.0398603230714798,0,0
161150,0.016669,64.2424980141222,0.1071127,0.2461092,0.3696978,-0.04570188,0.1344964,0.9890978,-0.03882705,0.0398603230714798,0,0
161152,0.0166643,64.2591623142362,0.09030686,0.2570926,0.3697289,-0.04589693,0.1380798,0.9885884,-0.03899244,0.0398603230714798,0,0
161156,0.0166677,64.2758300136775,0.07524011,0.2673096,0.3696184,-0.04673849,0.1409823,0.9881263,-0.03931648,0.0398603230714798,0,0
161158,0.0171337,64.2929637134075,0.07524011,0.2673096,0.3696184,-0.04673849,0.1409823,0.9881263,-0.03931648,0.0398603230714798,0,0
161164,0.0166678,64.3096315134317,0.06051606,0.2774568,0.3693392,-0.04847459,0.1432058,0.9877071,-0.03971123,0.0398603230714798,0,0
161166,0.0174849,64.3271164130419,0.06051606,0.2774568,0.3693392,-0.04847459,0.1432058,0.9877071,-0.03971123,0.0398603230714798,0,0
161170,0.0166671,64.3437835127115,0.06051606,0.2774568,0.3693392,-0.04847459,0.1432058,0.9877071,-0.03971123,0.0398596674203873,0,0
161172,0.016666,64.3604495134205,0.06051606,0.2774568,0.3693392,-0.04847459,0.1432058,0.9877071,-0.03971123,0.0398596674203873,0,0
161176,0.0166679,64.3771174140275,0.04418548,0.2890934,0.369242,-0.04982789,0.1454238,0.9873005,-0.04008551,0.0398596674203873,0,0
161180,0.0182941,64.3954115137458,0.04418548,0.2890934,0.369242,-0.04982789,0.1454238,0.9873005,-0.04008551,0.0398596674203873,0,0
161182,0.0166708,64.4120823144913,0.02182605,0.3122327,0.3685587,-0.04957535,0.147865,0.98691,-0.04107137,0.0398596674203873,0,0
161184,0.0166669,64.4287492148578,0.02182605,0.3122327,0.3685587,-0.04957535,0.147865,0.98691,-0.04107137,0.0398596674203873,0,0
161188,0.0166667,64.4454159140587,0.02182605,0.3122327,0.3685587,-0.04957535,0.147865,0.98691,-0.04107137,0.0398596674203873,0,0
161192,0.0166674,64.4620833136141,0.01581159,0.3252436,0.3680597,-0.04641546,0.1485838,0.9869355,-0.04155449,0.0398596674203873,0,0
161194,0.0166667,64.478750012815,0.01209322,0.3384866,0.3677548,-0.04458253,0.1490391,0.9869071,-0.04259269,0.0398596674203873,0,0
161200,0.016667,64.4954170119017,0.01209322,0.3384866,0.3677548,-0.04458253,0.1490391,0.9869071,-0.04259269,0.0398596674203873,0,0
161202,0.0166665,64.5120835117996,0.009045675,0.3524407,0.3676063,-0.04282948,0.1488242,0.986981,-0.0434233,0.0398596674203873,0,0
161206,0.0166672,64.528750712052,0.009045675,0.3524407,0.3676063,-0.04282948,0.1488242,0.986981,-0.0434233,0.0398596674203873,0,0
161210,0.0166666,64.5454173125327,0.009045675,0.3524407,0.3676063,-0.04282948,0.1488242,0.986981,-0.0434233,0.0398603230714798,0,0
161212,0.0179686,64.5633859131485,0.009045675,0.3524407,0.3676063,-0.04282948,0.1488242,0.986981,-0.0434233,0.0398603230714798,0,0
161216,0.0166674,64.580053312704,0.006956231,0.3659985,0.3676696,-0.04128331,0.1488303,0.9870193,-0.04402386,0.0398603230714798,0,0
161220,0.0166669,64.5967202130705,0.006956231,0.3659985,0.3676696,-0.04128331,0.1488303,0.9870193,-0.04402386,0.0398603230714798,0,0
161224,0.0166669,64.6133871134371,0.00254525,0.3948664,0.3678885,-0.03862105,0.14823,0.9872409,-0.04349298,0.0398603230714798,0,0
161226,0.0166667,64.6300538126379,0.00254525,0.3948664,0.3678885,-0.03862105,0.14823,0.9872409,-0.04349298,0.0398603230714798,0,0
161230,0.0166679,64.6467217132449,0.00254525,0.3948664,0.3678885,-0.03862105,0.14823,0.9872409,-0.04349298,0.0398603230714798,0,0
161232,0.0166657,64.663387414068,-0.0001784595,0.4105241,0.367844,-0.03711246,0.1478081,0.9874035,-0.04254268,0.0398603230714798,0,0
161236,0.016668,64.6800554133952,-0.002363515,0.4258926,0.3675614,-0.03569073,0.1472736,0.9875965,-0.04110695,0.0398603230714798,0,0
161240,0.0166655,64.6967209130526,-0.002363515,0.4258926,0.3675614,-0.03569073,0.1472736,0.9875965,-0.04110695,0.0398603230714798,0,0
161244,0.0179672,64.7146881129593,-0.002363515,0.4258926,0.3675614,-0.03569073,0.1472736,0.9875965,-0.04110695,0.0398603230714798,0,0
161246,0.0194909,64.7341790124774,-0.003745189,0.4409345,0.3670381,-0.03443523,0.1464928,0.9878332,-0.03923893,0.0398603230714798,0,0
161250,0.0166697,64.7508487123996,-0.003745189,0.4409345,0.3670381,-0.03443523,0.1464928,0.9878332,-0.03923893,0.0398596674203873,0,0
161252,0.0188548,64.7697035130113,-0.004837217,0.4560536,0.3663938,-0.03339151,0.1456724,0.9880636,-0.03734939,0.0398596674203873,0,0
161256,0.0166689,64.7863724138588,-0.004837217,0.4560536,0.3663938,-0.03339151,0.1456724,0.9880636,-0.03734939,0.0398596674203873,0,0
161260,0.0166665,64.8030389137566,-0.004837217,0.4560536,0.3663938,-0.03339151,0.1456724,0.9880636,-0.03734939,0.0398596674203873,0,0
161264,0.0185739,64.8216128144413,-0.005538217,0.4718861,0.3657436,-0.03224562,0.1448299,0.9882951,-0.0354595,0.0398596674203873,0,0
161266,0.0166703,64.8382831141353,-0.005538217,0.4718861,0.3657436,-0.03224562,0.1448299,0.9882951,-0.0354595,0.0398596674203873,0,0
161270,0.0166641,64.8549472149462,-0.00600486,0.5020577,0.3645446,-0.03035843,0.1425985,0.9888133,-0.03149971,0.0398596674203873,0,0
161274,0.0166681,64.8716153148562,-0.00600486,0.5020577,0.3645446,-0.03035843,0.1425985,0.9888133,-0.03149971,0.0398596674203873,0,0
161278,0.0166661,64.8882814142853,-0.00600486,0.5020577,0.3645446,-0.03035843,0.1425985,0.9888133,-0.03149971,0.0398596674203873,0,0
161282,0.0166677,64.9049491137266,-0.005669013,0.5167957,0.3641678,-0.02949254,0.1413241,0.9890825,-0.02955329,0.0398596674203873,0,0
161284,0.0166663,64.9216154143214,-0.005419968,0.532787,0.3639527,-0.02876651,0.1398016,0.9893803,-0.02747105,0.0398596674203873,0,0
161288,0.0166673,64.9382827151567,-0.005419968,0.532787,0.3639527,-0.02876651,0.1398016,0.9893803,-0.02747105,0.0398596674203873,0,0
161290,0.016665,64.9549477156252,-0.005617349,0.5487772,0.3640005,-0.02800088,0.1387946,0.9895952,-0.0255613,0.0398596674203873,0,0
161296,0.0166699,64.9716176148504,-0.005617349,0.5487772,0.3640005,-0.02800088,0.1387946,0.9895952,-0.0255613,0.0274283103644848,0,0
161298,0.0170174,64.9886350147426,-0.005617349,0.5487772,0.3640005,-0.02800088,0.1387946,0.9895952,-0.0255613,0.0274283103644848,0,0
161302,0.0166689,65.00530391559,-0.005428622,0.5637185,0.3640337,-0.02722118,0.1378521,0.9897937,-0.02375566,0.0274283103644848,0,0
161304,0.0166992,65.0220031160861,-0.005428622,0.5637185,0.3640337,-0.02722118,0.1378521,0.9897937,-0.02375566,0.0274283103644848,0,0
161310,0.0166687,65.0386718157679,-0.005115553,0.577903,0.3638899,-0.02669778,0.1359554,0.9901099,-0.0220412,0.0274283103644848,0,0
161312,0.0171937,65.0558655150235,-0.005115553,0.577903,0.3638899,-0.02669778,0.1359554,0.9901099,-0.0220412,0.0274283103644848,0,0
161316,0.0166681,65.0725336149335,-0.005115553,0.577903,0.3638899,-0.02669778,0.1359554,0.9901099,-0.0220412,0.0274283103644848,0,0
161318,0.0197565,65.0922901146114,-0.004661537,0.5960353,0.3644938,-0.02558482,0.1280563,0.9912665,-0.01837792,0.0274283103644848,0,0
161320,0.0166678,65.1089579146355,-0.004661537,0.5960353,0.3644938,-0.02558482,0.1280563,0.9912665,-0.01837792,0.0274283103644848,0,0
161326,0.016667,65.1256249137223,-0.004661537,0.5960353,0.3644938,-0.02558482,0.1280563,0.9912665,-0.01837792,0.0274283103644848,0,0
161328,0.0166659,65.1422908138484,-0.004422672,0.5984582,0.3656807,-0.02497693,0.1236361,0.9918751,-0.01655612,0.0274283103644848,0,0
161332,0.0166677,65.1589585132897,-0.003749092,0.5981786,0.3676876,-0.02460313,0.1194491,0.9924282,-0.01459011,0.0274283103644848,0,0
161336,0.0172458,65.1762043125927,-0.002886058,0.5966013,0.3700325,-0.0243015,0.1161742,0.9928492,-0.01278345,0.0274283103644848,0,0
161338,0.0167667,65.1929710134864,-0.002886058,0.5966013,0.3700325,-0.0243015,0.1161742,0.9928492,-0.01278345,0.0274283103644848,0,0
161344,0.016668,65.2096390128136,-0.002886058,0.5966013,0.3700325,-0.0243015,0.1161742,0.9928492,-0.01278345,0.0274283103644848,0,0
161346,0.017853,65.2274920120835,-0.002241757,0.5949692,0.3719373,-0.02402625,0.1136445,0.9931667,-0.01129732,0.0274283103644848,0,0
161350,0.0166684,65.2441604118794,-0.002241757,0.5949692,0.3719373,-0.02402625,0.1136445,0.9931667,-0.01129732,0.00439244322478771,0,0
161352,0.0183361,65.2624965123832,-0.002241757,0.5949692,0.3719373,-0.02402625,0.1136445,0.9931667,-0.01129732,0.00439244322478771,0,0
161356,0.0166681,65.2791646122932,-0.001675667,0.5936671,0.3736171,-0.02371603,0.1115641,0.9934246,-0.00993159,0.00439244322478771,0,0
161360,0.0166659,65.2958305124193,-0.001675667,0.5936671,0.3736171,-0.02371603,0.1115641,0.9934246,-0.00993159,0.00439244322478771,0,0
161364,0.0166669,65.3124974127859,-0.001169115,0.5931345,0.375634,-0.02316312,0.1086794,0.9937755,-0.007898275,0.00439244322478771,0,0
161366,0.0166663,65.3291637133807,-0.001169115,0.5931345,0.375634,-0.02316312,0.1086794,0.9937755,-0.007898275,0.00439244322478771,0,0
161370,0.0166677,65.345831412822,-0.001169115,0.5931345,0.375634,-0.02316312,0.1086794,0.9937755,-0.007898275,0.00439244322478771,0,0
161372,0.016666,65.3624974135309,-0.001322152,0.5935461,0.3759438,-0.02285196,0.1071088,0.9939594,-0.007091856,0.00439244322478771,0,0
161376,0.0166685,65.3791659139097,-0.001553097,0.5940165,0.3759882,-0.02249321,0.1056193,0.9941314,-0.006438157,0.00439244322478771,0,0
161380,0.0166668,65.3958327136934,-0.001553097,0.5940165,0.3759882,-0.02249321,0.1056193,0.9941314,-0.006438157,0.00439244322478771,0,0
161384,0.0166679,65.4125006143004,-0.001688364,0.5944531,0.3758271,-0.02214849,0.1039725,0.9943168,-0.005765737,0.00439244322478771,0,0
161386,0.0173296,65.4298302140087,-0.001688364,0.5944531,0.3758271,-0.02214849,0.1039725,0.9943168,-0.005765737,0.00439244322478771,0,0
161390,0.0166685,65.4464987143874,-0.001688364,0.5944531,0.3758271,-0.02214849,0.1039725,0.9943168,-0.005765737,0.000879276660270989,0,0
161392,0.0166655,65.4631642140448,-0.001736449,0.5947963,0.3755429,-0.02185109,0.1021813,0.9945127,-0.005095795,0.000879276660270989,0,0
161396,0.0168592,65.4800234138966,-0.001736449,0.5947963,0.3755429,-0.02185109,0.1021813,0.9945127,-0.005095795,0.000879276660270989,0,0
161400,0.0166671,65.4966905135661,-0.001736449,0.5947963,0.3755429,-0.02185109,0.1021813,0.9945127,-0.005095795,0.000879276660270989,0,0
161404,0.0166685,65.5133590139449,-0.001772808,0.5951936,0.3752342,-0.02125219,0.09863966,0.9948888,-0.003851404,0.000879276660270989,0,0
161406,0.016666,65.5300250146538,-0.001772808,0.5951936,0.3752342,-0.02125219,0.09863966,0.9948888,-0.003851404,0.000879276660270989,0,0
161410,0.0166684,65.5466934144497,-0.001733787,0.5952626,0.3752871,-0.02086264,0.09715909,0.9950448,-0.003287157,0.000879276660270989,0,0
161412,0.0170403,65.5637337137014,-0.001733787,0.5952626,0.3752871,-0.02086264,0.09715909,0.9950448,-0.003287157,0.000879276660270989,0,0
161418,0.0166678,65.5804015137255,-0.001608101,0.595194,0.3755325,-0.02057181,0.09576637,0.9951876,-0.002686787,0.000879276660270989,0,0
161420,0.0166653,65.5970668140799,-0.001608101,0.595194,0.3755325,-0.02057181,0.09576637,0.9951876,-0.002686787,0.000879276660270989,0,0
161424,0.0166685,65.6137353144586,-0.001437568,0.5950989,0.3758763,-0.02034438,0.09456396,0.9953086,-0.00211369,0.000879276660270989,0,0
161426,0.0168781,65.6306134145707,-0.001437568,0.5950989,0.3758763,-0.02034438,0.09456396,0.9953086,-0.00211369,0.000879276660270989,0,0
161430,0.0166678,65.6472812145948,-0.001267283,0.5950599,0.3762951,-0.02010925,0.09338316,0.995426,-0.001517462,0.000879276660270989,0,0
161432,0.0166916,65.6639728154987,-0.001267283,0.5950599,0.3762951,-0.02010925,0.09338316,0.995426,-0.001517462,0.000879276660270989,0,0
161438,0.0166681,65.6806409154087,-0.001267283,0.5950599,0.3762951,-0.02010925,0.09338316,0.995426,-0.001517462,0.000879276660270989,0,0
161440,0.0166658,65.697306714952,-0.001267283,0.5950599,0.3762951,-0.02010925,0.09338316,0.995426,-0.001517462,0.000879276660270989,0,0
161444,0.0166677,65.7139744143933,-0.001119713,0.5951146,0.3767587,-0.01991249,0.09248377,0.9955146,-0.0009866474,0.000879276660270989,0,0
161446,0.0173406,65.7313150148839,-0.001119713,0.5951146,0.3767587,-0.01991249,0.09248377,0.9955146,-0.0009866474,0.000327020010445267,0,0
161450,0.0166674,65.7479824144393,-0.001119713,0.5951146,0.3767587,-0.01991249,0.09248377,0.9955146,-0.0009866474,0.000327020010445267,0,0
161452,0.0166681,65.7646505143493,-0.0008394727,0.5953325,0.3775437,-0.01952501,0.09090412,0.9956682,-3.64112E-05,0.000327020010445267,0,0
161458,0.0166692,65.7813197150826,-0.0008394727,0.5953325,0.3775437,-0.01952501,0.09090412,0.9956682,-3.64112E-05,0.000327020010445267,0,0
161460,0.0178546,65.7991743143648,-0.0007232159,0.5954368,0.3778757,-0.0193244,0.09013086,0.9957424,0.0003985757,0.000327020010445267,0,0
161464,0.0166676,65.8158419150859,-0.0006441313,0.5955177,0.3781896,-0.01921242,0.08940963,0.9958093,0.000802839,0.000327020010445267,0,0
161466,0.0166666,65.8325085155666,-0.0006441313,0.5955177,0.3781896,-0.01921242,0.08940963,0.9958093,0.000802839,0.000327020010445267,0,0
161470,0.0166677,65.8491762150079,-0.0006258713,0.5955641,0.3783532,-0.01914479,0.08860035,0.9958826,0.001170773,0.000327020010445267,0,0
161472,0.0166657,65.865841915831,-0.0006258713,0.5955641,0.3783532,-0.01914479,0.08860035,0.9958826,0.001170773,0.000327020010445267,0,0
161478,0.0166688,65.8825107160956,-0.0006258713,0.5955641,0.3783532,-0.01914479,0.08860035,0.9958826,0.001170773,0.000327020010445267,0,0
161480,0.0166648,65.8991755153984,-0.0005779369,0.5955855,0.3784806,-0.01898901,0.08781586,0.9959546,0.001511939,0.000327020010445267,0,0
161484,0.0166677,65.9158432148397,-0.0005779369,0.5955855,0.3784806,-0.01898901,0.08781586,0.9959546,0.001511939,0.000327020010445267,0,0
161486,0.0166664,65.9325096141547,-0.0005779369,0.5955855,0.3784806,-0.01898901,0.08781586,0.9959546,0.001511939,0.00843619648367167,0,0
161490,0.0171292,65.9496388137341,-0.0005145451,0.5956025,0.3785761,-0.0188416,0.08704641,0.9960244,0.001845519,0.00843619648367167,0,0
161492,0.0166661,65.9663049131632,-0.0005145451,0.5956025,0.3785761,-0.0188416,0.08704641,0.9960244,0.001845519,0.00843619648367167,0,0
161498,0.0166662,65.9829711131752,-0.0004676503,0.5956498,0.3785856,-0.01860972,0.08526184,0.9961817,0.00248068,0.00843619648367167,0,0
161500,0.0166674,65.9996385127306,-0.0004676503,0.5956498,0.3785856,-0.01860972,0.08526184,0.9961817,0.00248068,0.00843619648367167,0,0
161504,0.0166663,66.0163048133254,-0.0004676503,0.5956498,0.3785856,-0.01860972,0.08526184,0.9961817,0.00248068,0.00843619648367167,0,0
161506,0.0166661,66.0329709127545,-0.0004511716,0.5956758,0.3785796,-0.01844295,0.08426578,0.9962686,0.002840423,0.00843619648367167,0,0
161510,0.0166678,66.0496387127787,-0.000397316,0.595734,0.378617,-0.01829405,0.08351073,0.996334,0.003153497,0.00843619648367167,0,0
161512,0.0166655,66.0663042124361,-0.000397316,0.595734,0.378617,-0.01829405,0.08351073,0.996334,0.003153497,0.00843619648367167,0,0
161518,0.0166678,66.0829720124602,-0.0003361251,0.5957948,0.378737,-0.01818376,0.08277658,0.9963962,0.003476253,0.00843619648367167,0,0
161520,0.0166663,66.099638313055,-0.0003361251,0.5957948,0.378737,-0.01818376,0.08277658,0.9963962,0.003476253,0.00843619648367167,0,0
161524,0.0166669,66.1163052134216,-0.0003361251,0.5957948,0.378737,-0.01818376,0.08277658,0.9963962,0.003476253,0.00843619648367167,0,0
161526,0.0166664,66.1329716127366,-0.0002761653,0.595874,0.3789786,-0.01806712,0.08209513,0.9964533,0.003832329,0.00843619648367167,0,0
161532,0.0166683,66.1496399119496,-0.0002761653,0.595874,0.3789786,-0.01806712,0.08209513,0.9964533,0.003832329,0.0284605901688337,0,0
161534,0.0176975,66.1673374120146,-0.0002761653,0.595874,0.3789786,-0.01806712,0.08209513,0.9964533,0.003832329,0.0284605901688337,0,0
161536,0.0166696,66.184007011354,-0.0002761653,0.595874,0.3789786,-0.01806712,0.08209513,0.9964533,0.003832329,0.0284605901688337,0,0
161540,0.0166687,66.2006757110357,-0.0002016269,0.5959199,0.379212,-0.01786683,0.08150231,0.9965043,0.004166869,0.0284605901688337,0,0
161542,0.0166642,66.2173399105668,-2.875836E-05,0.595848,0.379715,-0.01768983,0.08058247,0.9965797,0.004730152,0.0284605901688337,0,0
161546,0.0166671,66.2340070102364,-2.875836E-05,0.595848,0.379715,-0.01768983,0.08058247,0.9965797,0.004730152,0.0284605901688337,0,0
161550,0.016667,66.2506740093231,-2.875836E-05,0.595848,0.379715,-0.01768983,0.08058247,0.9965797,0.004730152,0.0284605901688337,0,0
161554,0.0166668,66.2673408091068,3.176584E-05,0.595802,0.3799011,-0.0175707,0.08014791,0.9966157,0.00497601,0.0284605901688337,0,0
161558,0.0166664,66.2840072084218,5.506991E-05,0.5958139,0.3800423,-0.01747769,0.07983012,0.9966419,0.005160788,0.0284605901688337,0,0
161560,0.0166665,66.3006737083197,5.506991E-05,0.5958139,0.3800423,-0.01747769,0.07983012,0.9966419,0.005160788,0.0284605901688337,0,0
161564,0.0166672,66.3173409085721,7.221426E-05,0.5958226,0.3801194,-0.01736416,0.07939836,0.9966773,0.005367015,0.0284605901688337,0,0
161566,0.0166675,66.3340084087104,7.221426E-05,0.5958226,0.3801194,-0.01736416,0.07939836,0.9966773,0.005367015,0.0284605901688337,0,0
161570,0.0166674,66.3506758082658,0.000104517,0.5958651,0.3801463,-0.01722538,0.07898463,0.9967114,0.005566694,0.0284605901688337,0,0
161572,0.0166666,66.3673424087465,0.000104517,0.5958651,0.3801463,-0.01722538,0.07898463,0.9967114,0.005566694,0.0375711843371391,0,0
161578,0.016667,66.3840094078332,0.000104517,0.5958651,0.3801463,-0.01722538,0.07898463,0.9967114,0.005566694,0.0375711843371391,0,0
161580,0.0166667,66.4006761070341,0.000104517,0.5958651,0.3801463,-0.01722538,0.07898463,0.9967114,0.005566694,0.0375711843371391,0,0
161584,0.0166663,66.4173424076289,0.0001343321,0.595918,0.3801574,-0.01711257,0.07861158,0.9967419,0.005746303,0.0375711843371391,0,0
161586,0.0166672,66.4340096078813,0.0001343321,0.595918,0.3801574,-0.01711257,0.07861158,0.9967419,