F,DT,T,HMDPositionX,HMDPositionY,HMDPositionZ,HMDRotationX,HMDRotationY,HMDRotationZ,HMDRotationW
0,0.02192,0.0219199992716312,-0.009156927,0.04705057,-0.008151743,0.01679545,0.0460608,0.00987819,0.9987486
0,0.016668,0.038587998598814,-0.009156927,0.04705057,-0.008151743,0.01679545,0.0460608,0.00987819,0.9987486
0,0.0166663,0.0552542991936207,-0.009156927,0.04705057,-0.008151743,0.01679545,0.0460608,0.00987819,0.9987486
0,0.0166667,0.0719209983944893,-0.009156927,0.04705057,-0.008151743,0.01679545,0.0460608,0.00987819,0.9987486
0,0.0166667,0.0885876975953579,-0.009156927,0.04705057,-0.008151743,0.01679545,0.0460608,0.00987819,0.9987486
0,0.0166671,0.105254797264934,-0.009156927,0.04705057,-0.008151743,0.01679545,0.0460608,0.00987819,0.9987486
0,0.0166676,0.121922397986054,-0.009156927,0.04705057,-0.008151743,0.01679545,0.0460608,0.00987819,0.9987486
0,0.0166666,0.13858899846673,-0.009156927,0.04705057,-0.008151743,0.01679545,0.0460608,0.00987819,0.9987486
0,0.0166668,0.155255798250437,-0.009156927,0.04705057,-0.008151743,0.01679545,0.0460608,0.00987819,0.9987486
0,0.0166676,0.171923398971558,-0.009156927,0.04705057,-0.008151743,0.01679545,0.0460608,0.00987819,0.9987486
0,0.0166664,0.188589798286557,-0.009156927,0.04705057,-0.008151743,0.01679545,0.0460608,0.00987819,0.9987486
0,0.0166676,0.205257399007678,-0.009156927,0.04705057,-0.008151743,0.01679545,0.0460608,0.00987819,0.9987486
0,0.0166659,0.221923299133778,-0.009156927,0.04705057,-0.008151743,0.01679545,0.0460608,0.00987819,0.9987486
0,0.0166692,0.238592499867082,-0.009156927,0.04705057,-0.008151743,0.01679545,0.0460608,0.00987819,0.9987486
0,0.0166647,0.255257200449705,-0.009156927,0.04705057,-0.008151743,0.01679545,0.0460608,0.00987819,0.9987486
0,0.0166669,0.27192410081625,-0.009156927,0.04705057,-0.008151743,0.01679545,0.0460608,0.00987819,0.9987486
0,0.0166671,0.288591200485826,-0.009156927,0.04705057,-0.008151743,0.01679545,0.0460608,0.00987819,0.9987486
0,0.0166669,0.30525810085237,-0.009156927,0.04705057,-0.008151743,0.01679545,0.0460608,0.00987819,0.9987486
0,0.0166679,0.32192600145936,-0.009156927,0.04705057,-0.008151743,0.01679545,0.0460608,0.00987819,0.9987486
0,0.0166663,0.338592302054167,-0.009156927,0.04705057,-0.008151743,0.01679545,0.0460608,0.00987819,0.9987486
0,0.0166665,0.355258801952004,-0.009156927,0.04705057,-0.008151743,0.01679545,0.0460608,0.00987819,0.9987486
0,0.0166674,0.371926201507449,-0.009156927,0.04705057,-0.008151743,0.01679545,0.0460608,0.00987819,0.9987486
0,0.0166666,0.388592801988125,-0.009156927,0.04705057,-0.008151743,0.01679545,0.0460608,0.00987819,0.9987486
0,0.0166669,0.40525970235467,-0.009156927,0.04705057,-0.008151743,0.01679545,0.0460608,0.00987819,0.9987486
0,0.0166671,0.421926802024245,-0.009156927,0.04705057,-0.008151743,0.01679545,0.0460608,0.00987819,0.9987486
0,0.0166672,0.438594002276659,-0.009156927,0.04705057,-0.008151743,0.01679545,0.0460608,0.00987819,0.9987486
0,0.0166668,0.455260802060366,-0.009156927,0.04705057,-0.008151743,0.01679545,0.0460608,0.00987819,0.9987486
0,0.0166669,0.47192770242691,-0.009156927,0.04705057,-0.008151743,0.01679545,0.0460608,0.00987819,0.9987486
0,0.0166668,0.488594502210617,-0.009156927,0.04705057,-0.008151743,0.01679545,0.0460608,0.00987819,0.9987486
0,0.0166673,0.505261803045869,-0.009156927,0.04705057,-0.008151743,0.01679545,0.0460608,0.00987819,0.9987486
0,0.0166668,0.521928602829576,-0.009156927,0.04705057,-0.008151743,0.01679545,0.0460608,0.00987819,0.9987486
0,0.0166665,0.538595102727413,-0.009156927,0.04705057,-0.008151743,0.01679545,0.0460608,0.00987819,0.9987486
0,0.0166674,0.555262502282858,-0.009156927,0.04705057,-0.008151743,0.01679545,0.0460608,0.00987819,0.9987486
0,0.0166668,0.571929302066565,-0.009156927,0.04705057,-0.008151743,0.01679545,0.0460608,0.00987819,0.9987486
0,0.0166668,0.588596101850271,-0.009156927,0.04705057,-0.008151743,0.01679545,0.0460608,0.00987819,0.9987486
0,0.0166666,0.605262702330947,-0.009156927,0.04705057,-0.008151743,0.01679545,0.0460608,0.00987819,0.9987486
0,0.0166669,0.621929602697492,-0.009156927,0.04705057,-0.008151743,0.01679545,0.0460608,0.00987819,0.9987486
0,0.0166669,0.638596503064036,-0.009156927,0.04705057,-0.008151743,0.01679545,0.0460608,0.00987819,0.9987486
0,0.0166669,0.655263403430581,-0.009156927,0.04705057,-0.008151743,0.01679545,0.0460608,0.00987819,0.9987486
0,0.0166673,0.671930704265833,-0.009156927,0.04705057,-0.008151743,0.01679545,0.0460608,0.00987819,0.9987486
0,0.0166671,0.688597803935409,-0.009156927,0.04705057,-0.008151743,0.01679545,0.0460608,0.00987819,0.9987486
0,0.0166667,0.705264503136277,-0.009156927,0.04705057,-0.008151743,0.01679545,0.0460608,0.00987819,0.9987486
0,0.0166671,0.721931602805853,-0.009156927,0.04705057,-0.008151743,0.01679545,0.0460608,0.00987819,0.9987486
0,0.0166668,0.73859840258956,-0.009156927,0.04705057,-0.008151743,0.01679545,0.0460608,0.00987819,0.9987486
0,0.0166681,0.75526650249958,-0.009156927,0.04705057,-0.008151743,0.01679545,0.0460608,0.00987819,0.9987486
0,0.016666,0.771932503208518,-0.009156927,0.04705057,-0.008151743,0.01679545,0.0460608,0.00987819,0.9987486
0,0.0166666,0.788599103689194,-0.009156927,0.04705057,-0.008151743,0.01679545,0.0460608,0.00987819,0.9987486
0,0.0166669,0.805266004055738,-0.009156927,0.04705057,-0.008151743,0.01679545,0.0460608,0.00987819,0.9987486
0,0.016668,0.821934003382921,-0.009156927,0.04705057,-0.008151743,0.01679545,0.0460608,0.00987819,0.9987486
0,0.0166658,0.838599802926183,-0.009156927,0.04705057,-0.008151743,0.01679545,0.0460608,0.00987819,0.9987486
0,0.0166676,0.855267403647304,-0.009156927,0.04705057,-0.008151743,0.01679545,0.0460608,0.00987819,0.9987486
0,0.0166669,0.871934304013848,-0.009156927,0.04705057,-0.008151743,0.01679545,0.0460608,0.00987819,0.9987486
0,0.016668,0.888602303341031,-0.009156927,0.04705057,-0.008151743,0.01679545,0.0460608,0.00987819,0.9987486
0,0.0166665,0.905268803238869,-0.009156927,0.04705057,-0.008151743,0.01679545,0.0460608,0.00987819,0.9987486
0,0.016667,0.921935802325606,-0.009156927,0.04705057,-0.008151743,0.01679545,0.0460608,0.00987819,0.9987486
0,0.0166673,0.938603103160858,-0.009156927,0.04705057,-0.008151743,0.01679545,0.0460608,0.00987819,0.9987486
0,0.0166664,0.955269502475858,-0.009156927,0.04705057,-0.008151743,0.01679545,0.0460608,0.00987819,0.9987486
0,0.0166672,0.971936702728271,-0.009156927,0.04705057,-0.008151743,0.01679545,0.0460608,0.00987819,0.9987486
0,0.016667,0.988603701815009,-0.009156927,0.04705057,-0.008151743,0.01679545,0.0460608,0.00987819,0.9987486
0,0.0167048,1.00530850142241,-0.009156927,0.04705057,-0.008151743,0.01679545,0.0460608,0.00987819,0.9987486
0,0.0166688,1.021977301687,-0.009156927,0.04705057,-0.008151743,0.01679545,0.0460608,0.00987819,0.9987486
0,0.0166668,1.03864410147071,-0.009156927,0.04705057,-0.008151743,0.01679545,0.0460608,0.00987819,0.9987486
0,0.016667,1.05531110055745,-0.009156927,0.04705057,-0.008151743,0.01679545,0.0460608,0.00987819,0.9987486
0,0.0166679,1.07197900116444,-0.009156927,0.04705057,-0.008151743,0.01679545,0.0460608,0.00987819,0.9987486
0,0.0166665,1.08864550106227,-0.009156927,0.04705057,-0.008151743,0.01679545,0.0460608,0.00987819,0.9987486
0,0.0166669,1.10531240142882,-0.009156927,0.04705057,-0.008151743,0.01679545,0.0460608,0.00987819,0.9987486
0,0.0166667,1.12197910062969,-0.009156927,0.04705057,-0.008151743,0.01679545,0.0460608,0.00987819,0.9987486
0,0.0166672,1.1386463008821,-0.009156927,0.04705057,-0.008151743,0.01679545,0.0460608,0.00987819,0.9987486
0,0.0166665,1.15531280077994,-0.009156927,0.04705057,-0.008151743,0.01679545,0.0460608,0.00987819,0.9987486
0,0.0166669,1.17197970114648,-0.009156927,0.04705057,-0.008151743,0.01679545,0.0460608,0.00987819,0.9987486
0,0.0166673,1.18864700198174,-0.009156927,0.04705057,-0.008151743,0.01679545,0.0460608,0.00987819,0.9987486
0,0.0166665,1.20531350187957,-0.009156927,0.04705057,-0.008151743,0.01679545,0.0460608,0.00987819,0.9987486
0,0.0166672,1.22198070213199,-0.009156927,0.04705057,-0.008151743,0.01679545,0.0460608,0.00987819,0.9987486
0,0.0166668,1.23864750191569,-0.009156927,0.04705057,-0.008151743,0.01679545,0.0460608,0.00987819,0.9987486
0,0.0166674,1.25531490147114,-0.009156927,0.04705057,-0.008151743,0.01679545,0.0460608,0.00987819,0.9987486
0,0.0166672,1.27198210172355,-0.009156927,0.04705057,-0.008151743,0.01679545,0.0460608,0.00987819,0.9987486
0,0.0166668,1.28864890150726,-0.009156927,0.04705057,-0.008151743,0.01679545,0.0460608,0.00987819,0.9987486
0,0.0166668,1.30531570129097,-0.009156927,0.04705057,-0.008151743,0.01679545,0.0460608,0.00987819,0.9987486
0,0.0166672,1.32198290154338,-0.009156927,0.04705057,-0.008151743,0.01679545,0.0460608,0.00987819,0.9987486
0,0.0166669,1.33864980190992,-0.009156927,0.04705057,-0.008151743,0.01679545,0.0460608,0.00987819,0.9987486
0,0.0166664,1.35531620122492,-0.009156927,0.04705057,-0.008151743,0.01679545,0.0460608,0.00987819,0.9987486
0,0.0166669,1.37198310159147,-0.009156927,0.04705057,-0.008151743,0.01679545,0.0460608,0.00987819,0.9987486
0,0.0167259,1.38870900124311,-0.009156927,0.04705057,-0.008151743,0.01679545,0.0460608,0.00987819,0.9987486
0,0.0166674,1.40537640079856,-0.009156927,0.04705057,-0.008151743,0.01679545,0.0460608,0.00987819,0.9987486
0,0.0166668,1.42204320058227,-0.009156927,0.04705057,-0.008151743,0.01679545,0.0460608,0.00987819,0.9987486
0,0.0166666,1.43870980106294,-0.009156927,0.04705057,-0.008151743,0.01679545,0.0460608,0.00987819,0.9987486
0,0.0166669,1.45537670142949,-0.009156927,0.04705057,-0.008151743,0.01679545,0.0460608,0.00987819,0.9987486
0,0.016667,1.47204370051622,-0.009156927,0.04705057,-0.008151743,0.01679545,0.0460608,0.00987819,0.9987486
0,0.0166669,1.48871060088277,-0.009156927,0.04705057,-0.008151743,0.01679545,0.0460608,0.00987819,0.9987486
0,0.0166668,1.50537740066648,-0.009156927,0.04705057,-0.008151743,0.01679545,0.0460608,0.00987819,0.9987486
0,0.0166673,1.52204470150173,-0.009156927,0.04705057,-0.008151743,0.01679545,0.0460608,0.00987819,0.9987486
0,0.0166669,1.53871160186827,-0.009156927,0.04705057,-0.008151743,0.01679545,0.0460608,0.00987819,0.9987486
0,0.016667,1.55537860095501,-0.009156927,0.04705057,-0.008151743,0.01679545,0.0460608,0.00987819,0.9987486
0,0.0166665,1.57204510085285,-0.009156927,0.04705057,-0.008151743,0.01679545,0.0460608,0.00987819,0.9987486
0,0.0166673,1.5887124016881,-0.009156927,0.04705057,-0.008151743,0.01679545,0.0460608,0.00987819,0.9987486
0,0.0166664,1.6053788010031,-0.009156927,0.04705057,-0.008151743,0.01679545,0.0460608,0.00987819,0.9987486
0,0.0166687,1.62204750068486,-0.009156927,0.04705057,-0.008151743,0.01679545,0.0460608,0.00987819,0.9987486
0,0.0166653,1.63871280103922,-0.009156927,0.04705057,-0.008151743,0.01679545,0.0460608,0.00987819,0.9987486
0,0.016667,1.65537980012596,-0.009156927,0.04705057,-0.008151743,0.01679545,0.0460608,0.00987819,0.9987486
0,0.0166667,1.67204649932683,-0.009156927,0.04705057,-0.008151743,0.01679545,0.0460608,0.00987819,0.9987486
0,0.0171247,1.6891711987555,-0.009156927,0.04705057,-0.008151743,0.01679545,0.0460608,0.00987819,0.9987486
0,0.0166672,1.70583839900792,-0.009156927,0.04705057,-0.008151743,0.01679545,0.0460608,0.00987819,0.9987486
0,0.0166669,1.72250529937446,-0.009156927,0.04705057,-0.008151743,0.01679545,0.0460608,0.00987819,0.9987486
0,0.0166668,1.73917209915817,-0.009156927,0.04705057,-0.008151743,0.01679545,0.0460608,0.00987819,0.9987486
0,0.0166666,1.75583869963884,-0.009156927,0.04705057,-0.008151743,0.01679545,0.0460608,0.00987819,0.9987486
0,0.0166671,1.77250579930842,-0.009156927,0.04705057,-0.008151743,0.01679545,0.0460608,0.00987819,0.9987486
0,0.0166667,1.78917249850929,-0.009156927,0.04705057,-0.008151743,0.01679545,0.0460608,0.00987819,0.9987486
0,0.0166673,1.80583979934454,-0.009156927,0.04705057,-0.008151743,0.01679545,0.0460608,0.00987819,0.9987486
0,0.016667,1.82250679843128,-0.009156927,0.04705057,-0.008151743,0.01679545,0.0460608,0.00987819,0.9987486
0,0.0166677,1.83917449787259,-0.009156927,0.04705057,-0.008151743,0.01679545,0.0460608,0.00987819,0.9987486
0,0.0166666,1.85584109835327,-0.009156927,0.04705057,-0.008151743,0.01679545,0.0460608,0.00987819,0.9987486
0,0.0166667,1.87250779755414,-0.009156927,0.04705057,-0.008151743,0.01679545,0.0460608,0.00987819,0.9987486
0,0.0166671,1.88917489722371,-0.009156927,0.04705057,-0.008151743,0.01679545,0.0460608,0.00987819,0.9987486
0,0.0166668,1.90584169700742,-0.009156927,0.04705057,-0.008151743,0.01679545,0.0460608,0.00987819,0.9987486
0,0.0166666,1.92250829748809,-0.009156927,0.04705057,-0.008151743,0.01679545,0.0460608,0.00987819,0.9987486
0,0.0166671,1.93917539715767,-0.009156927,0.04705057,-0.008151743,0.01679545,0.0460608,0.00987819,0.9987486
0,0.0166673,1.95584269799292,-0.009156927,0.04705057,-0.008151743,0.01679545,0.0460608,0.00987819,0.9987486
0,0.0166664,1.97250909730792,-0.009156927,0.04705057,-0.008151743,0.01679545,0.0460608,0.00987819,0.9987486
0,0.0166668,1.98917589709163,-0.009156927,0.04705057,-0.008151743,0.01679545,0.0460608,0.00987819,0.9987486
0,0.0166672,2.00584309734404,-0.009156927,0.04705057,-0.008151743,0.01679545,0.0460608,0.00987819,0.9987486
0,0.0166669,2.02250999771059,-0.009156927,0.04705057,-0.008151743,0.01679545,0.0460608,0.00987819,0.9987486
0,0.0166665,2.03917649760842,-0.009156927,0.04705057,-0.008151743,0.01679545,0.0460608,0.00987819,0.9987486
0,0.0166675,2.05584399774671,-0.009156927,0.04705057,-0.008151743,0.01679545,0.0460608,0.00987819,0.9987486
0,0.0166669,2.07251089811325,-0.009156927,0.04705057,-0.008151743,0.01679545,0.0460608,0.00987819,0.9987486
0,0.0166664,2.08917729742825,-0.009156927,0.04705057,-0.008151743,0.01679545,0.0460608,0.00987819,0.9987486
0,0.0166669,2.1058441977948,-0.009156927,0.04705057,-0.008151743,0.01679545,0.0460608,0.00987819,0.9987486
0,0.0166668,2.1225109975785,-0.009156927,0.04705057,-0.008151743,0.01679545,0.0460608,0.00987819,0.9987486
0,0.016849,2.13935999758542,-0.009156927,0.04705057,-0.008151743,0.01679545,0.0460608,0.00987819,0.9987486
0,0.0166667,2.15602669678628,-0.009156927,0.04705057,-0.008151743,0.01679545,0.0460608,0.00987819,0.9987486
0,0.0166677,2.1726943962276,-0.009156927,0.04705057,-0.008151743,0.01679545,0.0460608,0.00987819,0.9987486
0,0.016666,2.18936039693654,-0.009156927,0.04705057,-0.008151743,0.01679545,0.0460608,0.00987819,0.9987486
0,0.0166671,2.20602749660611,-0.009156927,0.04705057,-0.008151743,0.01679545,0.0460608,0.00987819,0.9987486
0,0.0166671,2.22269459627569,-0.009156927,0.04705057,-0.008151743,0.01679545,0.0460608,0.00987819,0.9987486
0,0.0166671,2.23936169594526,-0.009156927,0.04705057,-0.008151743,0.01679545,0.0460608,0.00987819,0.9987486
0,0.016667,2.256028695032,-0.009156927,0.04705057,-0.008151743,0.01679545,0.0460608,0.00987819,0.9987486
0,0.0166667,2.27269539423287,-0.009156927,0.04705057,-0.008151743,0.01679545,0.0460608,0.00987819,0.9987486
0,0.0166671,2.28936249390244,-0.009156927,0.04705057,-0.008151743,0.01679545,0.0460608,0.00987819,0.9987486
0,0.0166666,2.30602909438312,-0.009156927,0.04705057,-0.008151743,0.01679545,0.0460608,0.00987819,0.9987486
0,0.016667,2.32269609346986,-0.009156927,0.04705057,-0.008151743,0.01679545,0.0460608,0.00987819,0.9987486
0,0.0166667,2.33936279267073,-0.009156927,0.04705057,-0.008151743,0.01679545,0.0460608,0.00987819,0.9987486
0,0.016667,2.35602979175746,-0.009156927,0.04705057,-0.008151743,0.01679545,0.0460608,0.00987819,0.9987486
0,0.0166674,2.37269719131291,-0.009156927,0.04705057,-0.008151743,0.01679545,0.0460608,0.00987819,0.9987486
0,0.0166671,2.38936429098248,-0.009156927,0.04705057,-0.008151743,0.01679545,0.0460608,0.00987819,0.9987486
0,0.0166671,2.40603139065206,-0.009156927,0.04705057,-0.008151743,0.01679545,0.0460608,0.00987819,0.9987486
0,0.016667,2.4226983897388,-0.009156927,0.04705057,-0.008151743,0.01679545,0.0460608,0.00987819,0.9987486
0,0.0166669,2.43936529010534,-0.009156927,0.04705057,-0.008151743,0.01679545,0.0460608,0.00987819,0.9987486
0,0.0166666,2.45603189058602,-0.009156927,0.04705057,-0.008151743,0.01679545,0.0460608,0.00987819,0.9987486
0,0.0166673,2.47269919142127,-0.009156927,0.04705057,-0.008151743,0.01679545,0.0460608,0.00987819,0.9987486
0,0.0166669,2.48936609178782,-0.009156927,0.04705057,-0.008151743,0.01679545,0.0460608,0.00987819,0.9987486
0,0.0166664,2.50603249110281,-0.009156927,0.04705057,-0.008151743,0.01679545,0.0460608,0.00987819,0.9987486
0,0.016667,2.52269949018955,-0.009156927,0.04705057,-0.008151743,0.01679545,0.0460608,0.00987819,0.9987486
0,0.0166668,2.53936628997326,-0.009156927,0.04705057,-0.008151743,0.01679545,0.0460608,0.00987819,0.9987486
0,0.0166669,2.5560331903398,-0.009156927,0.04705057,-0.008151743,0.01679545,0.0460608,0.00987819,0.9987486
0,0.016667,2.57270018942654,-0.009156927,0.04705057,-0.008151743,0.01679545,0.0460608,0.00987819,0.9987486
0,0.0166672,2.58936738967896,-0.009156927,0.04705057,-0.008151743,0.01679545,0.0460608,0.00987819,0.9987486
0,0.0166671,2.60603448934853,-0.009156927,0.04705057,-0.008151743,0.01679545,0.0460608,0.00987819,0.9987486
0,0.0166664,2.62270088866353,-0.009156927,0.04705057,-0.008151743,0.01679545,0.0460608,0.00987819,0.9987486
0,0.0166672,2.63936808891594,-0.009156927,0.04705057,-0.008151743,0.01679545,0.0460608,0.00987819,0.9987486
0,0.0166675,2.65603558905423,-0.009156927,0.04705057,-0.008151743,0.01679545,0.0460608,0.00987819,0.9987486
0,0.0166661,2.67270168848336,-0.009156927,0.04705057,-0.008151743,0.01679545,0.0460608,0.00987819,0.9987486
0,0.016667,2.6893686875701,-0.009156927,0.04705057,-0.008151743,0.01679545,0.0460608,0.00987819,0.9987486
0,0.0166675,2.70603618770838,-0.009156927,0.04705057,-0.008151743,0.01679545,0.0460608,0.00987819,0.9987486
0,0.0166664,2.72270258702338,-0.009156927,0.04705057,-0.008151743,0.01679545,0.0460608,0.00987819,0.9987486
0,0.016667,2.73936958611012,-0.009156927,0.04705057,-0.008151743,0.01679545,0.0460608,0.00987819,0.9987486
0,0.0166668,2.75603638589382,-0.009156927,0.04705057,-0.008151743,0.01679545,0.0460608,0.00987819,0.9987486
0,0.0166672,2.77270358614624,-0.009156927,0.04705057,-0.008151743,0.01679545,0.0460608,0.00987819,0.9987486
0,0.0166671,2.78937068581581,-0.009156927,0.04705057,-0.008151743,0.01679545,0.0460608,0.00987819,0.9987486
0,0.0166675,2.80603818595409,-0.009156927,0.04705057,-0.008151743,0.01679545,0.0460608,0.00987819,0.9987486
0,0.0166666,2.82270478643477,-0.009156927,0.04705057,-0.008151743,0.01679545,0.0460608,0.00987819,0.9987486
0,0.0166669,2.83937168680131,-0.009156927,0.04705057,-0.008151743,0.01679545,0.0460608,0.00987819,0.9987486
0,0.0166665,2.85603818669915,-0.009156927,0.04705057,-0.008151743,0.01679545,0.0460608,0.00987819,0.9987486
0,0.016667,2.87270518578589,-0.009156927,0.04705057,-0.008151743,0.01679545,0.0460608,0.00987819,0.9987486
0,0.0166669,2.88937208615243,-0.009156927,0.04705057,-0.008151743,0.01679545,0.0460608,0.00987819,0.9987486
0,0.0166672,2.90603928640485,-0.009156927,0.04705057,-0.008151743,0.01679545,0.0460608,0.00987819,0.9987486
0,0.0166667,2.92270598560572,-0.009156927,0.04705057,-0.008151743,0.01679545,0.0460608,0.00987819,0.9987486
0,0.0166673,2.93937328644097,-0.009156927,0.04705057,-0.008151743,0.01679545,0.0460608,0.00987819,0.9987486
0,0.0167174,2.9560906868428,-0.009156927,0.04705057,-0.008151743,0.01679545,0.0460608,0.00987819,0.9987486
0,0.0166668,2.97275748662651,-0.009156927,0.04705057,-0.008151743,0.01679545,0.0460608,0.00987819,0.9987486
0,0.0166671,2.98942458629608,-0.009156927,0.04705057,-0.008151743,0.01679545,0.0460608,0.00987819,0.9987486
0,0.016667,3.00609158538282,-0.009156927,0.04705057,-0.008151743,0.01679545,0.0460608,0.00987819,0.9987486
0,0.0166674,3.02275898493826,-0.009156927,0.04705057,-0.008151743,0.01679545,0.0460608,0.00987819,0.9987486
0,0.0166665,3.0394254848361,-0.009156927,0.04705057,-0.008151743,0.01679545,0.0460608,0.00987819,0.9987486
0,0.0166682,3.05609368532896,-0.009156927,0.04705057,-0.008151743,0.01679545,0.0460608,0.00987819,0.9987486
0,0.0166654,3.07275908440351,-0.009156927,0.04705057,-0.008151743,0.01679545,0.0460608,0.00987819,0.9987486
0,0.0166679,3.0894269850105,-0.009156927,0.04705057,-0.008151743,0.01679545,0.0460608,0.00987819,0.9987486
0,0.0166668,3.10609378479421,-0.009156927,0.04705057,-0.008151743,0.01679545,0.0460608,0.00987819,0.9987486
0,0.0166665,3.12276028469205,-0.009156927,0.04705057,-0.008151743,0.01679545,0.0460608,0.00987819,0.9987486
0,0.016667,3.13942728377879,-0.009156927,0.04705057,-0.008151743,0.01679545,0.0460608,0.00987819,0.9987486
0,0.0166677,3.1560949832201,-0.009156927,0.04705057,-0.008151743,0.01679545,0.0460608,0.00987819,0.9987486
0,0.0166652,3.17276018299162,-0.009156927,0.04705057,-0.008151743,0.01679545,0.0460608,0.00987819,0.9987486
0,0.0166685,3.18942868337035,-0.009156927,0.04705057,-0.008151743,0.01679545,0.0460608,0.00987819,0.9987486
0,0.0166663,3.20609498396516,-0.009156927,0.04705057,-0.008151743,0.01679545,0.0460608,0.00987819,0.9987486
0,0.0166669,3.2227618843317,-0.009156927,0.04705057,-0.008151743,0.01679545,0.0460608,0.00987819,0.9987486
0,0.016667,3.23942888341844,-0.009156927,0.04705057,-0.008151743,0.01679545,0.0460608,0.00987819,0.9987486
0,0.0166667,3.25609558261931,-0.009156927,0.04705057,-0.008151743,0.01679545,0.0460608,0.00987819,0.9987486
0,0.0166669,3.27276248298585,-0.009156927,0.04705057,-0.008151743,0.01679545,0.0460608,0.00987819,0.9987486
0,0.0166666,3.28942908346653,-0.009156927,0.04705057,-0.008151743,0.01679545,0.0460608,0.00987819,0.9987486
0,0.0166669,3.30609598383307,-0.009156927,0.04705057,-0.008151743,0.01679545,0.0460608,0.00987819,0.9987486
0,0.0166672,3.32276318408549,-0.009156927,0.04705057,-0.008151743,0.01679545,0.0460608,0.00987819,0.9987486
0,0.0166673,3.33943048492074,-0.009156927,0.04705057,-0.008151743,0.01679545,0.0460608,0.00987819,0.9987486
0,0.0166667,3.35609718412161,-0.009156927,0.04705057,-0.008151743,0.01679545,0.0460608,0.00987819,0.9987486
0,0.0166667,3.37276388332248,-0.009156927,0.04705057,-0.008151743,0.01679545,0.0460608,0.00987819,0.9987486
0,0.0166671,3.38943098299205,-0.009156927,0.04705057,-0.008151743,0.01679545,0.0460608,0.00987819,0.9987486
0,0.0166669,3.4060978833586,-0.009156927,0.04705057,-0.008151743,0.01679545,0.0460608,0.00987819,0.9987486
0,0.016667,3.42276488244534,-0.009156927,0.04705057,-0.008151743,0.01679545,0.0460608,0.00987819,0.9987486
0,0.0166668,3.43943168222904,-0.009156927,0.04705057,-0.008151743,0.01679545,0.0460608,0.00987819,0.9987486
0,0.0166675,3.45609918236732,-0.009156927,0.04705057,-0.008151743,0.01679545,0.0460608,0.00987819,0.9987486
0,0.0166662,3.47276538237929,-0.009156927,0.04705057,-0.008151743,0.01679545,0.0460608,0.00987819,0.9987486
0,0.0166669,3.48943228274584,-0.009156927,0.04705057,-0.008151743,0.01679545,0.0460608,0.00987819,0.9987486
0,0.0166669,3.50609918311238,-0.009156927,0.04705057,-0.008151743,0.01679545,0.0460608,0.00987819,0.9987486
0,0.0166669,3.52276608347893,-0.009156927,0.04705057,-0.008151743,0.01679545,0.0460608,0.00987819,0.9987486
0,0.0166669,3.53943298384547,-0.009156927,0.04705057,-0.008151743,0.01679545,0.0460608,0.00987819,0.9987486
0,0.0166672,3.55610018409789,-0.009156927,0.04705057,-0.008151743,0.01679545,0.0460608,0.00987819,0.9987486
0,0.0166667,3.57276688329875,-0.009156927,0.04705057,-0.008151743,0.01679545,0.0460608,0.00987819,0.9987486
0,0.0166668,3.58943368308246,-0.009156927,0.04705057,-0.008151743,0.01679545,0.0460608,0.00987819,0.9987486
0,0.016667,3.6061006821692,-0.009156927,0.04705057,-0.008151743,0.01679545,0.0460608,0.00987819,0.9987486
0,0.0166668,3.62276748195291,-0.009156927,0.04705057,-0.008151743,0.01679545,0.0460608,0.00987819,0.9987486
0,0.0166703,3.63943778164685,-0.009156927,0.04705057,-0.008151743,0.01679545,0.0460608,0.00987819,0.9987486
0,0.0166642,3.65610198117793,-0.009156927,0.04705057,-0.008151743,0.01679545,0.0460608,0.00987819,0.9987486
0,0.016666,3.67276798188686,-0.009156927,0.04705057,-0.008151743,0.01679545,0.0460608,0.00987819,0.9987486
0,0.0166676,3.68943558260798,-0.009156927,0.04705057,-0.008151743,0.01679545,0.0460608,0.00987819,0.9987486
0,0.0166663,3.70610188320279,-0.009156927,0.04705057,-0.008151743,0.01679545,0.0460608,0.00987819,0.9987486
0,0.0166671,3.72276898287237,-0.009156927,0.04705057,-0.008151743,0.01679545,0.0460608,0.00987819,0.9987486
0,0.0166672,3.73943618312478,-0.009156927,0.04705057,-0.008151743,0.01679545,0.0460608,0.00987819,0.9987486
0,0.0166682,3.75610438361764,-0.009156927,0.04705057,-0.008151743,0.01679545,0.0460608,0.00987819,0.9987486
0,0.0166657,3.77277008444071,-0.009156927,0.04705057,-0.008151743,0.01679545,0.0460608,0.00987819,0.9987486
0,0.016667,3.78943708352745,-0.009156927,0.04705057,-0.008151743,0.01679545,0.0460608,0.00987819,0.9987486
0,0.0166668,3.80610388331115,-0.009156927,0.04705057,-0.008151743,0.01679545,0.0460608,0.00987819,0.9987486
0,0.0166666,3.82277048379183,-0.009156927,0.04705057,-0.008151743,0.01679545,0.0460608,0.00987819,0.9987486
0,0.0166669,3.83943738415837,-0.009156927,0.04705057,-0.008151743,0.01679545,0.0460608,0.00987819,0.9987486
0,0.0166669,3.85610428452492,-0.009156927,0.04705057,-0.008151743,0.01679545,0.0460608,0.00987819,0.9987486
0,0.0166671,3.87277138419449,-0.009156927,0.04705057,-0.008151743,0.01679545,0.0460608,0.00987819,0.9987486
0,0.0166667,3.88943808339536,-0.009156927,0.04705057,-0.008151743,0.01679545,0.0460608,0.00987819,0.9987486
0,0.0166673,3.90610538423061,-0.009156927,0.04705057,-0.008151743,0.01679545,0.0460608,0.00987819,0.9987486
0,0.0166668,3.92277218401432,-0.009156927,0.04705057,-0.008151743,0.01679545,0.0460608,0.00987819,0.9987486
0,0.0166664,3.93943858332932,-0.009156927,0.04705057,-0.008151743,0.01679545,0.0460608,0.00987819,0.9987486
0,0.0166674,3.95610598288476,-0.009156927,0.04705057,-0.008151743,0.01679545,0.0460608,0.00987819,0.9987486
0,0.016667,3.9727729819715,-0.009156927,0.04705057,-0.008151743,0.01679545,0.0460608,0.00987819,0.9987486
0,0.0166667,3.98943968117237,-0.009156927,0.04705057,-0.008151743,0.01679545,0.0460608,0.00987819,0.9987486
0,0.0166667,4.00610638037324,-0.009156927,0.04705057,-0.008151743,0.01679545,0.0460608,0.00987819,0.9987486
0,0.0166669,4.02277328073978,-0.009156927,0.04705057,-0.008151743,0.01679545,0.0460608,0.00987819,0.9987486
0,0.0166669,4.03944018110633,-0.009156927,0.04705057,-0.008151743,0.01679545,0.0460608,0.00987819,0.9987486
0,0.016667,4.05610718019307,-0.009156927,0.04705057,-0.008151743,0.01679545,0.0460608,0.00987819,0.9987486
0,0.016667,4.0727741792798,-0.009156927,0.04705057,-0.008151743,0.01679545,0.0460608,0.00987819,0.9987486
0,0.0166676,4.08944178000093,-0.009156927,0.04705057,-0.008151743,0.01679545,0.0460608,0.00987819,0.9987486
0,0.0166668,4.10610857978463,-0.009156927,0.04705057,-0.008151743,0.01679545,0.0460608,0.00987819,0.9987486
0,0.0166664,4.12277497909963,-0.009156927,0.04705057,-0.008151743,0.01679545,0.0460608,0.00987819,0.9987486
0,0.0166674,4.13944237865508,-0.009156927,0.04705057,-0.008151743,0.01679545,0.0460608,0.00987819,0.9987486
0,0.0166665,4.15610887855291,-0.009156927,0.04705057,-0.008151743,0.01679545,0.0460608,0.00987819,0.9987486
0,0.0166667,4.17277557775378,-0.009156927,0.04705057,-0.008151743,0.01679545,0.0460608,0.00987819,0.9987486
0,0.0166673,4.18944287858903,-0.009156927,0.04705057,-0.008151743,0.01679545,0.0460608,0.00987819,0.9987486
0,0.0166666,4.20610947906971,-0.009156927,0.04705057,-0.008151743,0.01679545,0.0460608,0.00987819,0.9987486
0,0.016667,4.22277647815645,-0.009156927,0.04705057,-0.008151743,0.01679545,0.0460608,0.00987819,0.9987486
0,0.0166669,4.23944337852299,-0.009156927,0.04705057,-0.008151743,0.01679545,0.0460608,0.00987819,0.9987486
0,0.016667,4.25611037760973,-0.009156927,0.04705057,-0.008151743,0.01679545,0.0460608,0.00987819,0.9987486
0,0.0166671,4.27277747727931,-0.009156927,0.04705057,-0.008151743,0.01679545,0.0460608,0.00987819,0.9987486
0,0.0166665,4.28944397717714,-0.009156927,0.04705057,-0.008151743,0.01679545,0.0460608,0.00987819,0.9987486
0,0.0166678,4.30611177720129,-0.009156927,0.04705057,-0.008151743,0.01679545,0.0460608,0.00987819,0.9987486
0,0.0166663,4.3227780777961,-0.009156927,0.04705057,-0.008151743,0.01679545,0.0460608,0.00987819,0.9987486
0,0.0166667,4.33944477699697,-0.009156927,0.04705057,-0.008151743,0.01679545,0.0460608,0.00987819,0.9987486
0,0.0166669,4.35611167736351,-0.009156927,0.04705057,-0.008151743,0.01679545,0.0460608,0.00987819,0.9987486
0,0.0166687,4.37278037704527,-0.009156927,0.04705057,-0.008151743,0.01679545,0.0460608,0.00987819,0.9987486
0,0.016667,4.38944737613201,-0.009156927,0.04705057,-0.008151743,0.01679545,0.0460608,0.00987819,0.9987486
0,0.0166675,4.40611487627029,-0.009156927,0.04705057,-0.008151743,0.01679545,0.0460608,0.00987819,0.9987486
0,0.0166664,4.42278127558529,-0.009156927,0.04705057,-0.008151743,0.01679545,0.0460608,0.00987819,0.9987486
0,0.0166669,4.43944817595184,-0.009156927,0.04705057,-0.008151743,0.01679545,0.0460608,0.00987819,0.9987486
0,0.0166669,4.45611507631838,-0.009156927,0.04705057,-0.008151743,0.01679545,0.0460608,0.00987819,0.9987486
0,0.016667,4.47278207540512,-0.009156927,0.04705057,-0.008151743,0.01679545,0.0460608,0.00987819,0.9987486
0,0.0166666,4.4894486758858,-0.009156927,0.04705057,-0.008151743,0.01679545,0.0460608,0.00987819,0.9987486
0,0.0166674,4.50611607544124,-0.009156927,0.04705057,-0.008151743,0.01679545,0.0460608,0.00987819,0.9987486
0,0.0166672,4.52278327569366,-0.009156927,0.04705057,-0.008151743,0.01679545,0.0460608,0.00987819,0.9987486
0,0.0166669,4.5394501760602,-0.009156927,0.04705057,-0.008151743,0.01679545,0.0460608,0.00987819,0.9987486
0,0.0166665,4.55611667595804,-0.009156927,0.04705057,-0.008151743,0.01679545,0.0460608,0.00987819,0.9987486
0,0.0166668,4.57278347574174,-0.009156927,0.04705057,-0.008151743,0.01679545,0.0460608,0.00987819,0.9987486
0,0.0166826,4.58946607634425,-0.009156927,0.04705057,-0.008151743,0.01679545,0.0460608,0.00987819,0.9987486
0,0.0166669,4.6061329767108,-0.009156927,0.04705057,-0.008151743,0.01679545,0.0460608,0.00987819,0.9987486
0,0.0166676,4.62280057743192,-0.009156927,0.04705057,-0.008151743,0.01679545,0.0460608,0.00987819,0.9987486
0,0.0166667,4.63946727663279,-0.009156927,0.04705057,-0.008151743,0.01679545,0.0460608,0.00987819,0.9987486
0,0.0166671,4.65613437630236,-0.009156927,0.04705057,-0.008151743,0.01679545,0.0460608,0.00987819,0.9987486
0,0.016667,4.6728013753891,-0.009156927,0.04705057,-0.008151743,0.01679545,0.0460608,0.00987819,0.9987486
0,0.0166665,4.68946787528694,-0.009156927,0.04705057,-0.008151743,0.01679545,0.0460608,0.00987819,0.9987486
0,0.0166672,4.70613507553935,-0.009156927,0.04705057,-0.008151743,0.01679545,0.0460608,0.00987819,0.9987486
0,0.0166665,4.72280157543719,-0.009156927,0.04705057,-0.008151743,0.01679545,0.0460608,0.00987819,0.9987486
0,0.0166676,4.73946917615831,-0.009156927,0.04705057,-0.008151743,0.01679545,0.0460608,0.00987819,0.9987486
0,0.0166665,4.75613567605615,-0.009156927,0.04705057,-0.008151743,0.01679545,0.0460608,0.00987819,0.9987486
0,0.0166667,4.77280237525702,-0.009156927,0.04705057,-0.008151743,0.01679545,0.0460608,0.00987819,0.9987486
0,0.0166672,4.78946957550943,-0.009156927,0.04705057,-0.008151743,0.01679545,0.0460608,0.00987819,0.9987486
0,0.0166667,4.8061362747103,-0.009156927,0.04705057,-0.008151743,0.01679545,0.0460608,0.00987819,0.9987486
0,0.0166672,4.82280347496271,-0.009156927,0.04705057,-0.008151743,0.01679545,0.0460608,0.00987819,0.9987486
0,0.0166669,4.83947037532926,-0.009156927,0.04705057,-0.008151743,0.01679545,0.0460608,0.00987819,0.9987486
0,0.0166666,4.85613697580993,-0.009156927,0.04705057,-0.008151743,0.01679545,0.0460608,0.00987819,0.9987486
0,0.0166674,4.87280437536538,-0.009156927,0.04705057,-0.008151743,0.01679545,0.0460608,0.00987819,0.9987486
0,0.0166667,4.88947107456625,-0.009156927,0.04705057,-0.008151743,0.01679545,0.0460608,0.00987819,0.9987486
0,0.0166673,4.9061383754015,-0.009156927,0.04705057,-0.008151743,0.01679545,0.0460608,0.00987819,0.9987486
0,0.0166664,4.9228047747165,-0.009156927,0.04705057,-0.008151743,0.01679545,0.0460608,0.00987819,0.9987486
0,0.0166669,4.93947167508304,-0.009156927,0.04705057,-0.008151743,0.01679545,0.0460608,0.00987819,0.9987486
0,0.0166669,4.95613857544959,-0.009156927,0.04705057,-0.008151743,0.01679545,0.0460608,0.00987819,0.9987486
0,0.0166673,4.97280587628484,-0.009156927,0.04705057,-0.008151743,0.01679545,0.0460608,0.00987819,0.9987486
0,0.0166668,4.98947267606854,-0.009156927,0.04705057,-0.008151743,0.01679545,0.0460608,0.00987819,0.9987486
0,0.0166675,5.00614017620683,-0.009156927,0.04705057,-0.008151743,0.01679545,0.0460608,0.00987819,0.9987486
0,0.0166667,5.0228068754077,-0.009156927,0.04705057,-0.008151743,0.01679545,0.0460608,0.00987819,0.9987486
0,0.0166667,5.03947357460856,-0.009156927,0.04705057,-0.008151743,0.01679545,0.0460608,0.00987819,0.9987486
0,0.0166678,5.05614137463272,-0.009156927,0.04705057,-0.008151743,0.01679545,0.0460608,0.00987819,0.9987486
0,0.0166663,5.07280767522752,-0.009156927,0.04705057,-0.008151743,0.01679545,0.0460608,0.00987819,0.9987486
0,0.0166668,5.08947447501123,-0.009156927,0.04705057,-0.008151743,0.01679545,0.0460608,0.00987819,0.9987486
0,0.0166668,5.10614127479494,-0.009156927,0.04705057,-0.008151743,0.01679545,0.0460608,0.00987819,0.9987486
0,0.016667,5.12280827388167,-0.009156927,0.04705057,-0.008151743,0.01679545,0.0460608,0.00987819,0.9987486
0,0.0166672,5.13947547413409,-0.009156927,0.04705057,-0.008151743,0.01679545,0.0460608,0.00987819,0.9987486
0,0.0166671,5.15614257380366,-0.009156927,0.04705057,-0.008151743,0.01679545,0.0460608,0.00987819,0.9987486
0,0.0166666,5.17280917428434,-0.009156927,0.04705057,-0.008151743,0.01679545,0.0460608,0.00987819,0.9987486
0,0.0166673,5.18947647511959,-0.009156927,0.04705057,-0.008151743,0.01679545,0.0460608,0.00987819,0.9987486
0,0.016667,5.20614347420633,-0.009156927,0.04705057,-0.008151743,0.01679545,0.0460608,0.00987819,0.9987486
0,0.0166665,5.22280997410417,-0.009156927,0.04705057,-0.008151743,0.01679545,0.0460608,0.00987819,0.9987486
0,0.0166669,5.23947687447071,-0.009156927,0.04705057,-0.008151743,0.01679545,0.0460608,0.00987819,0.9987486
0,0.0166672,5.25614407472312,-0.009156927,0.04705057,-0.008151743,0.01679545,0.0460608,0.00987819,0.9987486
0,0.016667,5.27281107380986,-0.009156927,0.04705057,-0.008151743,0.01679545,0.0460608,0.00987819,0.9987486
0,0.0166664,5.28947747312486,-0.009156927,0.04705057,-0.008151743,0.01679545,0.0460608,0.00987819,0.9987486
0,0.0166671,5.30614457279444,-0.009156927,0.04705057,-0.008151743,0.01679545,0.0460608,0.00987819,0.9987486
0,0.0166667,5.32281127199531,-0.009156927,0.04705057,-0.008151743,0.01679545,0.0460608,0.00987819,0.9987486
0,0.016667,5.33947827108204,-0.009156927,0.04705057,-0.008151743,0.01679545,0.0460608,0.00987819,0.9987486
0,0.016667,5.35614527016878,-0.009156927,0.04705057,-0.008151743,0.01679545,0.0460608,0.00987819,0.9987486
0,0.0166673,5.37281257100403,-0.009156927,0.04705057,-0.008151743,0.01679545,0.0460608,0.00987819,0.9987486
0,0.0166667,5.3894792702049,-0.009156927,0.04705057,-0.008151743,0.01679545,0.0460608,0.00987819,0.9987486
0,0.0166675,5.40614677034318,-0.009156927,0.04705057,-0.008151743,0.01679545,0.0460608,0.00987819,0.9987486
0,0.0166667,5.42281346954405,-0.009156927,0.04705057,-0.008151743,0.01679545,0.0460608,0.00987819,0.9987486
0,0.0166663,5.43947977013886,-0.009156927,0.04705057,-0.008151743,0.01679545,0.0460608,0.00987819,0.9987486
0,0.0166672,5.45614697039127,-0.009156927,0.04705057,-0.008151743,0.01679545,0.0460608,0.00987819,0.9987486
0,0.0166668,5.47281377017498,-0.009156927,0.04705057,-0.008151743,0.01679545,0.0460608,0.00987819,0.9987486
0,0.0166669,5.48948067054152,-0.009156927,0.04705057,-0.008151743,0.01679545,0.0460608,0.00987819,0.9987486
0,0.0166676,5.50614827126265,-0.009156927,0.04705057,-0.008151743,0.01679545,0.0460608,0.00987819,0.9987486
0,0.0166663,5.52281457185745,-0.009156927,0.04705057,-0.008151743,0.01679545,0.0460608,0.00987819,0.9987486
0,0.0166673,5.5394818726927,-0.009156927,0.04705057,-0.008151743,0.01679545,0.0460608,0.00987819,0.9987486
0,0.0166669,5.55614877305925,-0.009156927,0.04705057,-0.008151743,0.01679545,0.0460608,0.00987819,0.9987486
0,0.0166666,5.57281537353992,-0.009156927,0.04705057,-0.008151743,0.01679545,0.0460608,0.00987819,0.9987486
0,0.0166674,5.58948277309537,-0.009156927,0.04705057,-0.008151743,0.01679545,0.0460608,0.00987819,0.9987486
0,0.0166668,5.60614957287908,-0.009156927,0.04705057,-0.008151743,0.01679545,0.0460608,0.00987819,0.9987486
0,0.0166667,5.62281627207994,-0.009156927,0.04705057,-0.008151743,0.01679545,0.0460608,0.00987819,0.9987486
0,0.0166668,5.63948307186365,-0.009156927,0.04705057,-0.008151743,0.01679545,0.0460608,0.00987819,0.9987486
0,0.0166669,5.6561499722302,-0.009156927,0.04705057,-0.008151743,0.01679545,0.0460608,0.00987819,0.9987486
0,0.0166669,5.67281687259674,-0.009156927,0.04705057,-0.008151743,0.01679545,0.0460608,0.00987819,0.9987486
0,0.0166672,5.68948407284915,-0.009156927,0.04705057,-0.008151743,0.01679545,0.0460608,0.00987819,0.9987486
0,0.0166669,5.7061509732157,-0.009156927,0.04705057,-0.008151743,0.01679545,0.0460608,0.00987819,0.9987486
0,0.0166673,5.72281827405095,-0.009156927,0.04705057,-0.008151743,0.01679545,0.0460608,0.00987819,0.9987486
0,0.0166668,5.73948507383466,-0.009156927,0.04705057,-0.008151743,0.01679545,0.0460608,0.00987819,0.9987486
0,0.0166667,5.75615177303553,-0.009156927,0.04705057,-0.008151743,0.01679545,0.0460608,0.00987819,0.9987486
0,0.0166673,5.77281907387078,-0.009156927,0.04705057,-0.008151743,0.01679545,0.0460608,0.00987819,0.9987486
0,0.0166671,5.78948617354035,-0.009156927,0.04705057,-0.008151743,0.01679545,0.0460608,0.00987819,0.9987486
0,0.0166668,5.80615297332406,-0.009156927,0.04705057,-0.008151743,0.01679545,0.0460608,0.00987819,0.9987486
0,0.0166665,5.8228194732219,-0.009156927,0.04705057,-0.008151743,0.01679545,0.0460608,0.00987819,0.9987486
0,0.016667,5.83948647230864,-0.009156927,0.04705057,-0.008151743,0.01679545,0.0460608,0.00987819,0.9987486
0,0.0166667,5.8561531715095,-0.009156927,0.04705057,-0.008151743,0.01679545,0.0460608,0.00987819,0.9987486
0,0.0166669,5.87282007187605,-0.009156927,0.04705057,-0.008151743,0.01679545,0.0460608,0.00987819,0.9987486
0,0.0166674,5.88948747143149,-0.009156927,0.04705057,-0.008151743,0.01679545,0.0460608,0.00987819,0.9987486
0,0.0166673,5.90615477226675,-0.009156927,0.04705057,-0.008151743,0.01679545,0.0460608,0.00987819,0.9987486
0,0.0166663,5.92282107286155,-0.009156927,0.04705057,-0.008151743,0.01679545,0.0460608,0.00987819,0.9987486
0,0.0166669,5.9394879732281,-0.009156927,0.04705057,-0.008151743,0.01679545,0.0460608,0.00987819,0.9987486
0,0.016667,5.95615497231483,-0.009156927,0.04705057,-0.008151743,0.01679545,0.0460608,0.00987819,0.9987486
0,0.0166667,5.9728216715157,-0.009156927,0.04705057,-0.008151743,0.01679545,0.0460608,0.00987819,0.9987486
0,0.0166669,5.98948857188225,-0.009156927,0.04705057,-0.008151743,0.01679545,0.0460608,0.00987819,0.9987486
0,0.0166672,6.00615577213466,-0.009156927,0.04705057,-0.008151743,0.01679545,0.0460608,0.00987819,0.9987486
0,0.0166666,6.02282237261534,-0.009156927,0.04705057,-0.008151743,0.01679545,0.0460608,0.00987819,0.9987486
0,0.0166668,6.03948917239904,-0.009156927,0.04705057,-0.008151743,0.01679545,0.0460608,0.00987819,0.9987486
0,0.0166671,6.05615627206862,-0.009156927,0.04705057,-0.008151743,0.01679545,0.0460608,0.00987819,0.9987486
0,0.0166672,6.07282347232103,-0.009156927,0.04705057,-0.008151743,0.01679545,0.0460608,0.00987819,0.9987486
0,0.0166666,6.08949007280171,-0.009156927,0.04705057,-0.008151743,0.01679545,0.0460608,0.00987819,0.9987486
0,0.0166671,6.10615717247128,-0.009156927,0.04705057,-0.008151743,0.01679545,0.0460608,0.00987819,0.9987486
0,0.0166673,6.12282447330654,-0.009156927,0.04705057,-0.008151743,0.01679545,0.0460608,0.00987819,0.9987486
0,0.0166664,6.13949087262154,-0.009156927,0.04705057,-0.008151743,0.01679545,0.0460608,0.00987819,0.9987486
0,0.016667,6.15615787170827,-0.009156927,0.04705057,-0.008151743,0.01679545,0.0460608,0.00987819,0.9987486
0,0.0166668,6.17282467149198,-0.009156927,0.04705057,-0.008151743,0.01679545,0.0460608,0.00987819,0.9987486
0,0.016667,6.18949167057872,-0.009156927,0.04705057,-0.008151743,0.01679545,0.0460608,0.00987819,0.9987486
0,0.0166668,6.20615847036242,-0.009156927,0.04705057,-0.008151743,0.01679545,0.0460608,0.00987819,0.9987486
0,0.0170345,6.22319297119975,-0.009156927,0.04705057,-0.008151743,0.01679545,0.0460608,0.00987819,0.9987486
0,0.0166668,6.23985977098346,-0.009156927,0.04705057,-0.008151743,0.01679545,0.0460608,0.00987819,0.9987486
0,0.0166666,6.25652637146413,-0.009156927,0.04705057,-0.008151743,0.01679545,0.0460608,0.00987819,0.9987486
0,0.0166667,6.273193070665,-0.009156927,0.04705057,-0.008151743,0.01679545,0.0460608,0.00987819,0.9987486
0,0.0166671,6.28986017033458,-0.009156927,0.04705057,-0.008151743,0.01679545,0.0460608,0.00987819,0.9987486
0,0.0166668,6.30652697011828,-0.009156927,0.04705057,-0.008151743,0.01679545,0.0460608,0.00987819,0.9987486
0,0.0166668,6.32319376990199,-0.009156927,0.04705057,-0.008151743,0.01679545,0.0460608,0.00987819,0.9987486
0,0.0166669,6.33986067026854,-0.009156927,0.04705057,-0.008151743,0.01679545,0.0460608,0.00987819,0.9987486
0,0.0166669,6.35652757063508,-0.009156927,0.04705057,-0.008151743,0.01679545,0.0460608,0.00987819,0.9987486
0,0.0166668,6.37319437041879,-0.009156927,0.04705057,-0.008151743,0.01679545,0.0460608,0.00987819,0.9987486
0,0.0166671,6.38986147008836,-0.009156927,0.04705057,-0.008151743,0.01679545,0.0460608,0.00987819,0.9987486
0,0.0166669,6.40652837045491,-0.009156927,0.04705057,-0.008151743,0.01679545,0.0460608,0.00987819,0.9987486
0,0.016667,6.42319536954165,-0.009156927,0.04705057,-0.008151743,0.01679545,0.0460608,0.00987819,0.9987486
0,0.0166675,6.43986286967993,-0.009156927,0.04705057,-0.008151743,0.01679545,0.0460608,0.00987819,0.9987486
0,0.0166662,6.4565290696919,-0.009156927,0.04705057,-0.008151743,0.01679545,0.0460608,0.00987819,0.9987486
0,0.0166671,6.47319616936147,-0.009156927,0.04705057,-0.008151743,0.01679545,0.0460608,0.00987819,0.9987486
0,0.0166666,6.48986276984215,-0.009156927,0.04705057,-0.008151743,0.01679545,0.0460608,0.00987819,0.9987486
0,0.016667,6.50652976892889,-0.009156927,0.04705057,-0.008151743,0.01679545,0.0460608,0.00987819,0.9987486
0,0.0166669,6.52319666929543,-0.009156927,0.04705057,-0.008151743,0.01679545,0.0460608,0.00987819,0.9987486
0,0.0166668,6.53986346907914,-0.009156927,0.04705057,-0.008151743,0.01679545,0.0460608,0.00987819,0.9987486
0,0.016668,6.55653146840632,-0.009156927,0.04705057,-0.008151743,0.01679545,0.0460608,0.00987819,0.9987486
0,0.0166659,6.57319736853242,-0.009156927,0.04705057,-0.008151743,0.01679545,0.0460608,0.00987819,0.9987486
0,0.0166674,6.58986476808786,-0.009156927,0.04705057,-0.008151743,0.01679545,0.0460608,0.00987819,0.9987486
0,0.0166668,6.60653156787157,-0.009156927,0.04705057,-0.008151743,0.01679545,0.0460608,0.00987819,0.9987486
0,0.0166665,6.62319806776941,-0.009156927,0.04705057,-0.008151743,0.01679545,0.0460608,0.00987819,0.9987486
0,0.0166673,6.63986536860466,-0.009156927,0.04705057,-0.008151743,0.01679545,0.0460608,0.00987819,0.9987486
0,0.0166667,6.65653206780553,-0.009156927,0.04705057,-0.008151743,0.01679545,0.0460608,0.00987819,0.9987486
0,0.0166668,6.67319886758924,-0.009156927,0.04705057,-0.008151743,0.01679545,0.0460608,0.00987819,0.9987486
0,0.0166668,6.68986566737294,-0.009156927,0.04705057,-0.008151743,0.01679545,0.0460608,0.00987819,0.9987486
0,0.0166669,6.70653256773949,-0.009156927,0.04705057,-0.008151743,0.01679545,0.0460608,0.00987819,0.9987486
0,0.0166668,6.72319936752319,-0.009156927,0.04705057,-0.008151743,0.01679545,0.0460608,0.00987819,0.9987486
0,0.0166672,6.73986656777561,-0.009156927,0.04705057,-0.008151743,0.01679545,0.0460608,0.00987819,0.9987486
0,0.0166673,6.75653386861086,-0.009156927,0.04705057,-0.008151743,0.01679545,0.0460608,0.00987819,0.9987486
0,0.0166671,6.77320096828043,-0.009156927,0.04705057,-0.008151743,0.01679545,0.0460608,0.00987819,0.9987486
0,0.0166663,6.78986726887524,-0.009156927,0.04705057,-0.008151743,0.01679545,0.0460608,0.00987819,0.9987486
0,0.0166672,6.80653446912766,-0.009156927,0.04705057,-0.008151743,0.01679545,0.0460608,0.00987819,0.9987486
0,0.0166667,6.82320116832852,-0.009156927,0.04705057,-0.008151743,0.01679545,0.0460608,0.00987819,0.9987486
0,0.0166666,6.8398677688092,-0.009156927,0.04705057,-0.008151743,0.01679545,0.0460608,0.00987819,0.9987486
0,0.0166669,6.85653466917574,-0.009156927,0.04705057,-0.008151743,0.01679545,0.0460608,0.00987819,0.9987486
0,0.0166671,6.87320176884532,-0.009156927,0.04705057,-0.008151743,0.01679545,0.0460608,0.00987819,0.9987486
0,0.0166668,6.88986856862903,-0.009156927,0.04705057,-0.008151743,0.01679545,0.0460608,0.00987819,0.9987486
0,0.0166668,6.90653536841273,-0.009156927,0.04705057,-0.008151743,0.01679545,0.0460608,0.00987819,0.9987486
0,0.0166671,6.92320246808231,-0.009156927,0.04705057,-0.008151743,0.01679545,0.0460608,0.00987819,0.9987486
0,0.0166673,6.93986976891756,-0.009156927,0.04705057,-0.008151743,0.01679545,0.0460608,0.00987819,0.9987486
0,0.0166669,6.95653666928411,-0.009156927,0.04705057,-0.008151743,0.01679545,0.0460608,0.00987819,0.9987486
0,0.0166675,6.97320416942239,-0.009156927,0.04705057,-0.008151743,0.01679545,0.0460608,0.00987819,0.9987486
0,0.0166665,6.98987066932023,-0.009156927,0.04705057,-0.008151743,0.01679545,0.0460608,0.00987819,0.9987486
0,0.0166671,7.0065377689898,-0.009156927,0.04705057,-0.008151743,0.01679545,0.0460608,0.00987819,0.9987486
0,0.0166663,7.02320406958461,-0.009156927,0.04705057,-0.008151743,0.01679545,0.0460608,0.00987819,0.9987486
0,0.016667,7.03987106867135,-0.009156927,0.04705057,-0.008151743,0.01679545,0.0460608,0.00987819,0.9987486
0,0.0166668,7.05653786845505,-0.009156927,0.04705057,-0.008151743,0.01679545,0.0460608,0.00987819,0.9987486
0,0.016667,7.07320486754179,-0.009156927,0.04705057,-0.008151743,0.01679545,0.0460608,0.00987819,0.9987486
0,0.0166671,7.08987196721137,-0.009156927,0.04705057,-0.008151743,0.01679545,0.0460608,0.00987819,0.9987486
0,0.016667,7.1065389662981,-0.009156927,0.04705057,-0.008151743,0.01679545,0.0460608,0.00987819,0.9987486
0,0.0166668,7.12320576608181,-0.009156927,0.04705057,-0.008151743,0.01679545,0.0460608,0.00987819,0.9987486
0,0.0166668,7.13987256586552,-0.009156927,0.04705057,-0.008151743,0.01679545,0.0460608,0.00987819,0.9987486
0,0.0166669,7.15653946623206,-0.009156927,0.04705057,-0.008151743,0.01679545,0.0460608,0.00987819,0.9987486
0,0.016667,7.1732064653188,-0.009156927,0.04705057,-0.008151743,0.01679545,0.0460608,0.00987819,0.9987486
0,0.0166668,7.18987326510251,-0.009156927,0.04705057,-0.008151743,0.01679545,0.0460608,0.00987819,0.9987486
0,0.0166671,7.20654036477208,-0.009156927,0.04705057,-0.008151743,0.01679545,0.0460608,0.00987819,0.9987486
0,0.0166667,7.22320706397295,-0.009156927,0.04705057,-0.008151743,0.01679545,0.0460608,0.00987819,0.9987486
0,0.0166669,7.23987396433949,-0.009156927,0.04705057,-0.008151743,0.01679545,0.0460608,0.00987819,0.9987486
0,0.0166669,7.25654086470604,-0.009156927,0.04705057,-0.008151743,0.01679545,0.0460608,0.00987819,0.9987486
0,0.0166671,7.27320796437562,-0.009156927,0.04705057,-0.008151743,0.01679545,0.0460608,0.00987819,0.9987486
0,0.0166671,7.28987506404519,-0.009156927,0.04705057,-0.008151743,0.01679545,0.0460608,0.00987819,0.9987486
0,0.0166671,7.30654216371477,-0.009156927,0.04705057,-0.008151743,0.01679545,0.0460608,0.00987819,0.9987486
0,0.0166665,7.3232086636126,-0.009156927,0.04705057,-0.008151743,0.01679545,0.0460608,0.00987819,0.9987486
0,0.0166672,7.33987586386502,-0.009156927,0.04705057,-0.008151743,0.01679545,0.0460608,0.00987819,0.9987486
0,0.0166665,7.35654236376286,-0.009156927,0.04705057,-0.008151743,0.01679545,0.0460608,0.00987819,0.9987486
0,0.0166674,7.3732097633183,-0.009156927,0.04705057,-0.008151743,0.01679545,0.0460608,0.00987819,0.9987486
0,0.0166666,7.38987636379898,-0.009156927,0.04705057,-0.008151743,0.01679545,0.0460608,0.00987819,0.9987486
0,0.0166672,7.40654356405139,-0.009156927,0.04705057,-0.008151743,0.01679545,0.0460608,0.00987819,0.9987486
0,0.0166665,7.42321006394923,-0.009156927,0.04705057,-0.008151743,0.01679545,0.0460608,0.00987819,0.9987486
0,0.016667,7.43987706303597,-0.009156927,0.04705057,-0.008151743,0.01679545,0.0460608,0.00987819,0.9987486
0,0.0166672,7.45654426328838,-0.009156927,0.04705057,-0.008151743,0.01679545,0.0460608,0.00987819,0.9987486
0,0.0166669,7.47321116365492,-0.009156927,0.04705057,-0.008151743,0.01679545,0.0460608,0.00987819,0.9987486
0,0.0166666,7.4898777641356,-0.009156927,0.04705057,-0.008151743,0.01679545,0.0460608,0.00987819,0.9987486
0,0.0166672,7.50654496438801,-0.009156927,0.04705057,-0.008151743,0.01679545,0.0460608,0.00987819,0.9987486
0,0.0166668,7.52321176417172,-0.009156927,0.04705057,-0.008151743,0.01679545,0.0460608,0.00987819,0.9987486
0,0.0166667,7.53987846337259,-0.009156927,0.04705057,-0.008151743,0.01679545,0.0460608,0.00987819,0.9987486
0,0.0166668,7.55654526315629,-0.009156927,0.04705057,-0.008151743,0.01679545,0.0460608,0.00987819,0.9987486
0,0.016667,7.57321226224303,-0.009156927,0.04705057,-0.008151743,0.01679545,0.0460608,0.00987819,0.9987486
0,0.0166668,7.58987906202674,-0.009156927,0.04705057,-0.008151743,0.01679545,0.0460608,0.00987819,0.9987486
0,0.0166669,7.60654596239328,-0.009156927,0.04705057,-0.008151743,0.01679545,0.0460608,0.00987819,0.9987486
0,0.0166672,7.6232131626457,-0.009156927,0.04705057,-0.008151743,0.01679545,0.0460608,0.00987819,0.9987486
0,0.016667,7.63988016173244,-0.009156927,0.04705057,-0.008151743,0.01679545,0.0460608,0.00987819,0.9987486
0,0.0166666,7.65654676221311,-0.009156927,0.04705057,-0.008151743,0.01679545,0.0460608,0.00987819,0.9987486
0,0.0166673,7.67321406304836,-0.009156927,0.04705057,-0.008151743,0.01679545,0.0460608,0.00987819,0.9987486
0,0.0166666,7.68988066352904,-0.009156927,0.04705057,-0.008151743,0.01679545,0.0460608,0.00987819,0.9987486
0,0.0169576,7.70683826319873,-0.009156927,0.04705057,-0.008151743,0.01679545,0.0460608,0.00987819,0.9987486
0,0.016667,7.72350526228547,-0.009156927,0.04705057,-0.008151743,0.01679545,0.0460608,0.00987819,0.9987486
0,0.0166671,7.74017236195505,-0.009156927,0.04705057,-0.008151743,0.01679545,0.0460608,0.00987819,0.9987486
0,0.0166665,7.75683886185288,-0.009156927,0.04705057,-0.008151743,0.01679545,0.0460608,0.00987819,0.9987486
0,0.0166672,7.7735060621053,-0.009156927,0.04705057,-0.008151743,0.01679545,0.0460608,0.00987819,0.9987486
0,0.0166667,7.79017276130617,-0.009156927,0.04705057,-0.008151743,0.01679545,0.0460608,0.00987819,0.9987486
0,0.0166668,7.80683956108987,-0.009156927,0.04705057,-0.008151743,0.01679545,0.0460608,0.00987819,0.9987486
0,0.016667,7.82350656017661,-0.009156927,0.04705057,-0.008151743,0.01679545,0.0460608,0.00987819,0.9987486
0,0.0166688,7.84017536044121,-0.009156927,0.04705057,-0.008151743,0.01679545,0.0460608,0.00987819,0.9987486
0,0.0166657,7.85684106126428,-0.009156927,0.04705057,-0.008151743,0.01679545,0.0460608,0.00987819,0.9987486
0,0.0166667,7.87350776046515,-0.009156927,0.04705057,-0.008151743,0.01679545,0.0460608,0.00987819,0.9987486
0,0.0166668,7.89017456024885,-0.009156927,0.04705057,-0.008151743,0.01679545,0.0460608,0.00987819,0.9987486
0,0.016667,7.90684155933559,-0.009156927,0.04705057,-0.008151743,0.01679545,0.0460608,0.00987819,0.9987486
0,0.0166671,7.92350865900517,-0.009156927,0.04705057,-0.008151743,0.01679545,0.0460608,0.00987819,0.9987486
0,0.0166666,7.94017525948584,-0.009156927,0.04705057,-0.008151743,0.01679545,0.0460608,0.00987819,0.9987486
0,0.016668,7.95684325881302,-0.009156927,0.04705057,-0.008151743,0.01679545,0.0460608,0.00987819,0.9987486
0,0.0166662,7.97350945882499,-0.009156927,0.04705057,-0.008151743,0.01679545,0.0460608,0.00987819,0.9987486
0,0.0166665,7.99017595872283,-0.009156927,0.04705057,-0.008151743,0.01679545,0.0460608,0.00987819,0.9987486
0,0.0166669,8.00684285908937,-0.009156927,0.04705057,-0.008151743,0.01679545,0.0460608,0.00987819,0.9987486
0,0.0166673,8.02351015992463,-0.009156927,0.04705057,-0.008151743,0.01679545,0.0460608,0.00987819,0.9987486
0,0.016667,8.04017715901136,-0.009156927,0.04705057,-0.008151743,0.01679545,0.0460608,0.00987819,0.9987486
0,0.0166667,8.05684385821223,-0.009156927,0.04705057,-0.008151743,0.01679545,0.0460608,0.00987819,0.9987486
0,0.0166671,8.07351095788181,-0.009156927,0.04705057,-0.008151743,0.01679545,0.0460608,0.00987819,0.9987486
0,0.0166663,8.09017725847662,-0.009156927,0.04705057,-0.008151743,0.01679545,0.0460608,0.00987819,0.9987486
0,0.0166671,8.10684435814619,-0.009156927,0.04705057,-0.008151743,0.01679545,0.0460608,0.00987819,0.9987486
0,0.0166675,8.12351185828447,-0.009156927,0.04705057,-0.008151743,0.01679545,0.0460608,0.00987819,0.9987486
0,0.0166663,8.14017815887928,-0.009156927,0.04705057,-0.008151743,0.01679545,0.0460608,0.00987819,0.9987486
0,0.0166693,8.15684745833278,-0.009156927,0.04705057,-0.008151743,0.01679545,0.0460608,0.00987819,0.9987486
0,0.0166653,8.17351275868714,-0.009156927,0.04705057,-0.008151743,0.01679545,0.0460608,0.00987819,0.9987486
0,0.0166668,8.19017955847085,-0.009156927,0.04705057,-0.008151743,0.01679545,0.0460608,0.00987819,0.9987486
0,0.0166673,8.2068468593061,-0.009156927,0.04705057,-0.008151743,0.01679545,0.0460608,0.00987819,0.9987486
0,0.0166668,8.2235136590898,-0.009156927,0.04705057,-0.008151743,0.01679545,0.0460608,0.00987819,0.9987486
0,0.0166665,8.24018015898764,-0.009156927,0.04705057,-0.008151743,0.01679545,0.0460608,0.00987819,0.9987486
0,0.0166673,8.25684745982289,-0.009156927,0.04705057,-0.008151743,0.01679545,0.0460608,0.00987819,0.9987486
0,0.0166671,8.27351455949247,-0.009156927,0.04705057,-0.008151743,0.01679545,0.0460608,0.00987819,0.9987486
0,0.0166665,8.29018105939031,-0.009156927,0.04705057,-0.008151743,0.01679545,0.0460608,0.00987819,0.9987486
0,0.0166669,8.30684795975685,-0.009156927,0.04705057,-0.008151743,0.01679545,0.0460608,0.00987819,0.9987486
0,0.0166667,8.32351465895772,-0.009156927,0.04705057,-0.008151743,0.01679545,0.0460608,0.00987819,0.9987486
0,0.0166669,8.34018155932426,-0.009156927,0.04705057,-0.008151743,0.01679545,0.0460608,0.00987819,0.9987486
0,0.0166672,8.35684875957668,-0.009156927,0.04705057,-0.008151743,0.01679545,0.0460608,0.00987819,0.9987486
0,0.0166679,8.37351666018367,-0.009156927,0.04705057,-0.008151743,0.01679545,0.0460608,0.00987819,0.9987486
0,0.0173504,8.39086706005037,-0.009156927,0.04705057,-0.008151743,0.01679545,0.0460608,0.00987819,0.9987486
0,0.016667,8.40753405913711,-0.009156927,0.04705057,-0.008151743,0.01679545,0.0460608,0.00987819,0.9987486
0,0.0166664,8.42420045845211,-0.009156927,0.04705057,-0.008151743,0.01679545,0.0460608,0.00987819,0.9987486
0,0.016667,8.44086745753884,-0.009156927,0.04705057,-0.008151743,0.01679545,0.0460608,0.00987819,0.9987486
0,0.0166668,8.45753425732255,-0.009156927,0.04705057,-0.008151743,0.01679545,0.0460608,0.00987819,0.9987486
0,0.016667,8.47420125640929,-0.009156927,0.04705057,-0.008151743,0.01679545,0.0460608,0.00987819,0.9987486
0,0.0166674,8.49086865596473,-0.009156927,0.04705057,-0.008151743,0.01679545,0.0460608,0.00987819,0.9987486
0,0.0166668,8.50753545574844,-0.009156927,0.04705057,-0.008151743,0.01679545,0.0460608,0.00987819,0.9987486
0,0.0166665,8.52420195564628,-0.009156927,0.04705057,-0.008151743,0.01679545,0.0460608,0.00987819,0.9987486
0,0.0166668,8.54086875542998,-0.009156927,0.04705057,-0.008151743,0.01679545,0.0460608,0.00987819,0.9987486
0,0.0166673,8.55753605626523,-0.009156927,0.04705057,-0.008151743,0.01679545,0.0460608,0.00987819,0.9987486
0,0.0166669,8.57420295663178,-0.009156927,0.04705057,-0.008151743,0.01679545,0.0460608,0.00987819,0.9987486
0,0.0166672,8.59087015688419,-0.009156927,0.04705057,-0.008151743,0.01679545,0.0460608,0.00987819,0.9987486
0,0.0166665,8.60753665678203,-0.009156927,0.04705057,-0.008151743,0.01679545,0.0460608,0.00987819,0.9987486
0,0.0166668,8.62420345656574,-0.009156927,0.04705057,-0.008151743,0.01679545,0.0460608,0.00987819,0.9987486
0,0.016668,8.64087145589292,-0.009156927,0.04705057,-0.008151743,0.01679545,0.0460608,0.00987819,0.9987486
0,0.0166668,8.65753825567663,-0.009156927,0.04705057,-0.008151743,0.01679545,0.0460608,0.00987819,0.9987486
0,0.0166671,8.6742053553462,-0.009156927,0.04705057,-0.008151743,0.01679545,0.0460608,0.00987819,0.9987486
0,0.0166669,8.69087225571275,-0.009156927,0.04705057,-0.008151743,0.01679545,0.0460608,0.00987819,0.9987486
0,0.0166673,8.707539556548,-0.009156927,0.04705057,-0.008151743,0.01679545,0.0460608,0.00987819,0.9987486
0,0.0166674,8.72420695610344,-0.009156927,0.04705057,-0.008151743,0.01679545,0.0460608,0.00987819,0.9987486
0,0.0166661,8.74087305553257,-0.009156927,0.04705057,-0.008151743,0.01679545,0.0460608,0.00987819,0.9987486
0,0.0166675,8.75754055567086,-0.009156927,0.04705057,-0.008151743,0.01679545,0.0460608,0.00987819,0.9987486
0,0.0166668,8.77420735545456,-0.009156927,0.04705057,-0.008151743,0.01679545,0.0460608,0.00987819,0.9987486
0,0.0166665,8.7908738553524,-0.009156927,0.04705057,-0.008151743,0.01679545,0.0460608,0.00987819,0.9987486
0,0.0166671,8.80754095502198,-0.009156927,0.04705057,-0.008151743,0.01679545,0.0460608,0.00987819,0.9987486
0,0.0166667,8.82420765422285,-0.009156927,0.04705057,-0.008151743,0.01679545,0.0460608,0.00987819,0.9987486
0,0.016667,8.84087465330958,-0.009156927,0.04705057,-0.008151743,0.01679545,0.0460608,0.00987819,0.9987486
0,0.0166668,8.85754145309329,-0.009156927,0.04705057,-0.008151743,0.01679545,0.0460608,0.00987819,0.9987486
0,0.0166673,8.87420875392854,-0.009156927,0.04705057,-0.008151743,0.01679545,0.0460608,0.00987819,0.9987486
0,0.0166666,8.89087535440922,-0.009156927,0.04705057,-0.008151743,0.01679545,0.0460608,0.00987819,0.9987486
0,0.0166689,8.90754425525665,-0.009156927,0.04705057,-0.008151743,0.01679545,0.0460608,0.00987819,0.9987486
0,0.0166652,8.92420945502818,-0.009156927,0.04705057,-0.008151743,0.01679545,0.0460608,0.00987819,0.9987486
0,0.0166669,8.94087635539472,-0.009156927,0.04705057,-0.008151743,0.01679545,0.0460608,0.00987819,0.9987486
0,0.0166667,8.95754305459559,-0.009156927,0.04705057,-0.008151743,0.01679545,0.0460608,0.00987819,0.9987486
0,0.0166668,8.9742098543793,-0.009156927,0.04705057,-0.008151743,0.01679545,0.0460608,0.00987819,0.9987486
0,0.0166668,8.990876654163,-0.009156927,0.04705057,-0.008151743,0.01679545,0.0460608,0.00987819,0.9987486
0,0.0166686,9.00754525326192,-0.009156927,0.04705057,-0.008151743,0.01679545,0.0460608,0.00987819,0.9987486
0,0.0166655,9.02421075291932,-0.009156927,0.04705057,-0.008151743,0.01679545,0.0460608,0.00987819,0.9987486
0,0.0166668,9.04087755270302,-0.009156927,0.04705057,-0.008151743,0.01679545,0.0460608,0.00987819,0.9987486
0,0.0166669,9.05754445306957,-0.009156927,0.04705057,-0.008151743,0.01679545,0.0460608,0.00987819,0.9987486
0,0.0166669,9.07421135343611,-0.009156927,0.04705057,-0.008151743,0.01679545,0.0460608,0.00987819,0.9987486
0,0.0166668,9.09087815321982,-0.009156927,0.04705057,-0.008151743,0.01679545,0.0460608,0.00987819,0.9987486
0,0.0166672,9.10754535347223,-0.009156927,0.04705057,-0.008151743,0.01679545,0.0460608,0.00987819,0.9987486
0,0.0166674,9.12421275302768,-0.009156927,0.04705057,-0.008151743,0.01679545,0.0460608,0.00987819,0.9987486
0,0.0166663,9.14087905362248,-0.009156927,0.04705057,-0.008151743,0.01679545,0.0460608,0.00987819,0.9987486
0,0.0166675,9.15754655376077,-0.009156927,0.04705057,-0.008151743,0.01679545,0.0460608,0.00987819,0.9987486
0,0.0166669,9.17421345412731,-0.009156927,0.04705057,-0.008151743,0.01679545,0.0460608,0.00987819,0.9987486
0,0.0166665,9.19087995402515,-0.009156927,0.04705057,-0.008151743,0.01679545,0.0460608,0.00987819,0.9987486
0,0.0166667,9.20754665322602,-0.009156927,0.04705057,-0.008151743,0.01679545,0.0460608,0.00987819,0.9987486
0,0.0166672,9.22421385347843,-0.009156927,0.04705057,-0.008151743,0.01679545,0.0460608,0.00987819,0.9987486
0,0.0166679,9.24088175408542,-0.009156927,0.04705057,-0.008151743,0.01679545,0.0460608,0.00987819,0.9987486
0,0.0166659,9.25754765421152,-0.009156927,0.04705057,-0.008151743,0.01679545,0.0460608,0.00987819,0.9987486
0,0.0166674,9.27421505376697,-0.009156927,0.04705057,-0.008151743,0.01679545,0.0460608,0.00987819,0.9987486
0,0.0166668,9.29088185355067,-0.009156927,0.04705057,-0.008151743,0.01679545,0.0460608,0.00987819,0.9987486
0,0.016667,9.30754885263741,-0.009156927,0.04705057,-0.008151743,0.01679545,0.0460608,0.00987819,0.9987486
0,0.0166666,9.32421545311809,-0.009156927,0.04705057,-0.008151743,0.01679545,0.0460608,0.00987819,0.9987486
0,0.0166678,9.34088325314224,-0.009156927,0.04705057,-0.008151743,0.01679545,0.0460608,0.00987819,0.9987486
0,0.0166661,9.35754935257137,-0.009156927,0.04705057,-0.008151743,0.01679545,0.0460608,0.00987819,0.9987486
0,0.018682,9.37623135186732,-0.009156927,0.04705057,-0.008151743,0.01679545,0.0460608,0.00987819,0.9987486
0,0.016665,9.39289635233581,-0.009156927,0.04705057,-0.008151743,0.01679545,0.0460608,0.00987819,0.9987486
0,0.0166666,9.40956295281649,-0.009156927,0.04705057,-0.008151743,0.01679545,0.0460608,0.00987819,0.9987486
0,0.0166673,9.42623025365174,-0.009156927,0.04705057,-0.008151743,0.01679545,0.0460608,0.00987819,0.9987486
0,0.016667,9.44289725273848,-0.009156927,0.04705057,-0.008151743,0.01679545,0.0460608,0.00987819,0.9987486
0,0.0166665,9.45956375263631,-0.009156927,0.04705057,-0.008151743,0.01679545,0.0460608,0.00987819,0.9987486
0,0.0166677,9.47623145207763,-0.009156927,0.04705057,-0.008151743,0.01679545,0.0460608,0.00987819,0.9987486
0,0.0166663,9.49289775267243,-0.009156927,0.04705057,-0.008151743,0.01679545,0.0460608,0.00987819,0.9987486
0,0.0166672,9.50956495292485,-0.009156927,0.04705057,-0.008151743,0.01679545,0.0460608,0.00987819,0.9987486
0,0.0166668,9.52623175270855,-0.009156927,0.04705057,-0.008151743,0.01679545,0.0460608,0.00987819,0.9987486
0,0.0166682,9.54289995320141,-0.009156927,0.04705057,-0.008151743,0.01679545,0.0460608,0.00987819,0.9987486
0,0.0166669,9.55956685356796,-0.009156927,0.04705057,-0.008151743,0.01679545,0.0460608,0.00987819,0.9987486
0,0.016668,9.57623485289514,-0.009156927,0.04705057,-0.008151743,0.01679545,0.0460608,0.00987819,0.9987486
0,0.0166656,9.59290045313537,-0.009156927,0.04705057,-0.008151743,0.01679545,0.0460608,0.00987819,0.9987486
0,0.0166675,9.60956795327365,-0.009156927,0.04705057,-0.008151743,0.01679545,0.0460608,0.00987819,0.9987486
0,0.0166666,9.62623455375433,-0.009156927,0.04705057,-0.008151743,0.01679545,0.0460608,0.00987819,0.9987486
0,0.0166676,9.64290215447545,-0.009156927,0.04705057,-0.008151743,0.01679545,0.0460608,0.00987819,0.9987486
0,0.0166661,9.65956825390458,-0.009156927,0.04705057,-0.008151743,0.01679545,0.0460608,0.00987819,0.9987486
0,0.0166671,9.67623535357416,-0.009156927,0.04705057,-0.008151743,0.01679545,0.0460608,0.00987819,0.9987486
0,0.0166672,9.69290255382657,-0.009156927,0.04705057,-0.008151743,0.01679545,0.0460608,0.00987819,0.9987486
0,0.0166665,9.70956905372441,-0.009156927,0.04705057,-0.008151743,0.01679545,0.0460608,0.00987819,0.9987486
0,0.0166673,9.72623635455966,-0.009156927,0.04705057,-0.008151743,0.01679545,0.0460608,0.00987819,0.9987486
0,0.0166666,9.74290295504034,-0.009156927,0.04705057,-0.008151743,0.01679545,0.0460608,0.00987819,0.9987486
0,0.0166668,9.75956975482404,-0.009156927,0.04705057,-0.008151743,0.01679545,0.0460608,0.00987819,0.9987486
0,0.0166679,9.77623765543103,-0.009156927,0.04705057,-0.008151743,0.01679545,0.0460608,0.00987819,0.9987486
0,0.0166669,9.79290455579758,-0.009156927,0.04705057,-0.008151743,0.01679545,0.0460608,0.00987819,0.9987486
0,0.0166668,9.80957135558128,-0.009156927,0.04705057,-0.008151743,0.01679545,0.0460608,0.00987819,0.9987486
0,0.0166674,9.82623875513673,-0.009156927,0.04705057,-0.008151743,0.01679545,0.0460608,0.00987819,0.9987486
0,0.016667,9.84290575422347,-0.009156927,0.04705057,-0.008151743,0.01679545,0.0460608,0.00987819,0.9987486
0,0.0166662,9.85957195423543,-0.009156927,0.04705057,-0.008151743,0.01679545,0.0460608,0.00987819,0.9987486
0,0.0166672,9.87623915448785,-0.009156927,0.04705057,-0.008151743,0.01679545,0.0460608,0.00987819,0.9987486
0,0.0166666,9.89290575496852,-0.009156927,0.04705057,-0.008151743,0.01679545,0.0460608,0.00987819,0.9987486
0,0.0166686,9.90957435406744,-0.009156927,0.04705057,-0.008151743,0.01679545,0.0460608,0.00987819,0.9987486
0,0.0166656,9.92623995430768,-0.009156927,0.04705057,-0.008151743,0.01679545,0.0460608,0.00987819,0.9987486
0,0.0166668,9.94290675409138,-0.009156927,0.04705057,-0.008151743,0.01679545,0.0460608,0.00987819,0.9987486
0,0.0166669,9.95957365445793,-0.009156927,0.04705057,-0.008151743,0.01679545,0.0460608,0.00987819,0.9987486
0,0.0166685,9.97624215483665,-0.009156927,0.04705057,-0.008151743,0.01679545,0.0460608,0.00987819,0.9987486
0,0.0166657,9.99290785565972,-0.009156927,0.04705057,-0.008151743,0.01679545,0.0460608,0.00987819,0.9987486
0,0.016668,10.0095758549869,-0.009156927,0.04705057,-0.008151743,0.01679545,0.0460608,0.00987819,0.9987486
0,0.0166659,10.026241755113,-0.009156927,0.04705057,-0.008151743,0.01679545,0.0460608,0.00987819,0.9987486
0,0.0166668,10.0429085548967,-0.009156927,0.04705057,-0.008151743,0.01679545,0.0460608,0.00987819,0.9987486
0,0.0166671,10.0595756545663,-0.009156927,0.04705057,-0.008151743,0.01679545,0.0460608,0.00987819,0.9987486
0,0.0166674,10.0762430541217,-0.009156927,0.04705057,-0.008151743,0.01679545,0.0460608,0.00987819,0.9987486
0,0.0166664,10.0929094534367,-0.009156927,0.04705057,-0.008151743,0.01679545,0.0460608,0.00987819,0.9987486
0,0.0166673,10.109576754272,-0.009156927,0.04705057,-0.008151743,0.01679545,0.0460608,0.00987819,0.9987486
0,0.0166669,10.1262436546385,-0.009156927,0.04705057,-0.008151743,0.01679545,0.0460608,0.00987819,0.9987486
0,0.0166663,10.1429099552333,-0.009156927,0.04705057,-0.008151743,0.01679545,0.0460608,0.00987819,0.9987486
0,0.0166668,10.159576755017,-0.009156927,0.04705057,-0.008151743,0.01679545,0.0460608,0.00987819,0.9987486
0,0.0166672,10.1762439552695,-0.009156927,0.04705057,-0.008151743,0.01679545,0.0460608,0.00987819,0.9987486
0,0.016667,10.1929109543562,-0.009156927,0.04705057,-0.008151743,0.01679545,0.0460608,0.00987819,0.9987486
0,0.0177241,10.2106350548565,-0.009156927,0.04705057,-0.008151743,0.01679545,0.0460608,0.00987819,0.9987486
0,0.0166662,10.2273012548685,-0.009156927,0.04705057,-0.008151743,0.01679545,0.0460608,0.00987819,0.9987486
0,0.0166674,10.243968654424,-0.009156927,0.04705057,-0.008151743,0.01679545,0.0460608,0.00987819,0.9987486
0,0.0166666,10.2606352549046,-0.009156927,0.04705057,-0.008151743,0.01679545,0.0460608,0.00987819,0.9987486
0,0.016667,10.2773022539914,-0.009156927,0.04705057,-0.008151743,0.01679545,0.0460608,0.00987819,0.9987486
0,0.0166666,10.293968854472,-0.009156927,0.04705057,-0.008151743,0.01679545,0.0460608,0.00987819,0.9987486
0,0.0166703,10.310639154166,-0.009156927,0.04705057,-0.008151743,0.01679545,0.0460608,0.00987819,0.9987486
0,0.0166637,10.3273028545082,-0.009156927,0.04705057,-0.008151743,0.01679545,0.0460608,0.00987819,0.9987486
0,0.0166681,10.3439709544182,-0.009156927,0.04705057,-0.008151743,0.01679545,0.0460608,0.00987819,0.9987486
0,0.0166655,10.3606364540756,-0.009156927,0.04705057,-0.008151743,0.01679545,0.0460608,0.00987819,0.9987486
0,0.0166669,10.3773033544421,-0.009156927,0.04705057,-0.008151743,0.01679545,0.0460608,0.00987819,0.9987486
0,0.0166669,10.3939702548087,-0.009156927,0.04705057,-0.008151743,0.01679545,0.0460608,0.00987819,0.9987486
0,0.0166669,10.4106371551752,-0.009156927,0.04705057,-0.008151743,0.01679545,0.0460608,0.00987819,0.9987486
0,0.0166674,10.4273045547307,-0.009156927,0.04705057,-0.008151743,0.01679545,0.0460608,0.00987819,0.9987486
0,0.0166668,10.4439713545144,-0.009156927,0.04705057,-0.008151743,0.01679545,0.0460608,0.00987819,0.9987486
0,0.0166667,10.4606380537152,-0.009156927,0.04705057,-0.008151743,0.01679545,0.0460608,0.00987819,0.9987486
0,0.0166678,10.4773058537394,-0.009156927,0.04705057,-0.008151743,0.01679545,0.0460608,0.00987819,0.9987486
0,0.0166663,10.4939721543342,-0.009156927,0.04705057,-0.008151743,0.01679545,0.0460608,0.00987819,0.9987486
0,0.0166667,10.5106388535351,-0.009156927,0.04705057,-0.008151743,0.01679545,0.0460608,0.00987819,0.9987486
0,0.0166671,10.5273059532046,-0.009156927,0.04705057,-0.008151743,0.01679545,0.0460608,0.00987819,0.9987486
0,0.0166667,10.5439726524055,-0.009156927,0.04705057,-0.008151743,0.01679545,0.0460608,0.00987819,0.9987486
0,0.0166672,10.5606398526579,-0.009156927,0.04705057,-0.008151743,0.01679545,0.0460608,0.00987819,0.9987486
0,0.0166677,10.5773075520992,-0.009156927,0.04705057,-0.008151743,0.01679545,0.0460608,0.00987819,0.9987486
0,0.0166662,10.5939737521112,-0.009156927,0.04705057,-0.008151743,0.01679545,0.0460608,0.00987819,0.9987486
0,0.016667,10.6106407511979,-0.009156927,0.04705057,-0.008151743,0.01679545,0.0460608,0.00987819,0.9987486
0,0.0166669,10.6273076515645,-0.009156927,0.04705057,-0.008151743,0.01679545,0.0460608,0.00987819,0.9987486
0,0.0166667,10.6439743507653,-0.009156927,0.04705057,-0.008151743,0.01679545,0.0460608,0.00987819,0.9987486
0,0.016667,10.6606413498521,-0.009156927,0.04705057,-0.008151743,0.01679545,0.0460608,0.00987819,0.9987486
0,0.0166671,10.6773084495217,-0.009156927,0.04705057,-0.008151743,0.01679545,0.0460608,0.00987819,0.9987486
0,0.0166674,10.6939758490771,-0.009156927,0.04705057,-0.008151743,0.01679545,0.0460608,0.00987819,0.9987486
0,0.0166661,10.7106419485062,-0.009156927,0.04705057,-0.008151743,0.01679545,0.0460608,0.00987819,0.9987486
0,0.0166669,10.7273088488728,-0.009156927,0.04705057,-0.008151743,0.01679545,0.0460608,0.00987819,0.9987486
0,0.0166671,10.7439759485424,-0.009156927,0.04705057,-0.008151743,0.01679545,0.0460608,0.00987819,0.9987486
0,0.0166667,10.7606426477432,-0.009156927,0.04705057,-0.008151743,0.01679545,0.0460608,0.00987819,0.9987486
0,0.0166689,10.7773115485907,-0.009156927,0.04705057,-0.008151743,0.01679545,0.0460608,0.00987819,0.9987486
0,0.0166659,10.7939774487168,-0.009156927,0.04705057,-0.008151743,0.01679545,0.0460608,0.00987819,0.9987486
0,0.0166685,10.8106459490955,-0.009156927,0.04705057,-0.008151743,0.01679545,0.0460608,0.00987819,0.9987486
0,0.0166657,10.8273116499186,-0.009156927,0.04705057,-0.008151743,0.01679545,0.0460608,0.00987819,0.9987486
0,0.0166698,10.8439814504236,-0.009156927,0.04705057,-0.008151743,0.01679545,0.0460608,0.00987819,0.9987486
0,0.0166642,10.8606456499547,-0.009156927,0.04705057,-0.008151743,0.01679545,0.0460608,0.00987819,0.9987486
0,0.016668,10.8773136492819,-0.009156927,0.04705057,-0.008151743,0.01679545,0.0460608,0.00987819,0.9987486
0,0.0166665,10.8939801491797,-0.009156927,0.04705057,-0.008151743,0.01679545,0.0460608,0.00987819,0.9987486
0,0.0166669,10.9106470495462,-0.009156927,0.04705057,-0.008151743,0.01679545,0.0460608,0.00987819,0.9987486
0,0.0166668,10.9273138493299,-0.009156927,0.04705057,-0.008151743,0.01679545,0.0460608,0.00987819,0.9987486
0,0.0166669,10.9439807496965,-0.009156927,0.04705057,-0.008151743,0.01679545,0.0460608,0.00987819,0.9987486
0,0.0166669,10.960647650063,-0.009156927,0.04705057,-0.008151743,0.01679545,0.0460608,0.00987819,0.9987486
0,0.0166669,10.9773145504296,-0.009156927,0.04705057,-0.008151743,0.01679545,0.0460608,0.00987819,0.9987486
0,0.0166674,10.993981949985,-0.009156927,0.04705057,-0.008151743,0.01679545,0.0460608,0.00987819,0.9987486
0,0.0166667,11.0106486491859,-0.009156927,0.04705057,-0.008151743,0.01679545,0.0460608,0.00987819,0.9987486
0,0.0166665,11.0273151490837,-0.009156927,0.04705057,-0.008151743,0.01679545,0.0460608,0.00987819,0.9987486
0,0.0166672,11.0439823493361,-0.009156927,0.04705057,-0.008151743,0.01679545,0.0460608,0.00987819,0.9987486
0,0.0166666,11.0606489498168,-0.009156927,0.04705057,-0.008151743,0.01679545,0.0460608,0.00987819,0.9987486
0,0.0166672,11.0773161500692,-0.009156927,0.04705057,-0.008151743,0.01679545,0.0460608,0.00987819,0.9987486
0,0.0166675,11.0939836502075,-0.009156927,0.04705057,-0.008151743,0.01679545,0.0460608,0.00987819,0.9987486
0,0.016666,11.1106496509165,-0.009156927,0.04705057,-0.008151743,0.01679545,0.0460608,0.00987819,0.9987486
0,0.016667,11.1273166500032,-0.009156927,0.04705057,-0.008151743,0.01679545,0.0460608,0.00987819,0.9987486
0,0.0166669,11.1439835503697,-0.009156927,0.04705057,-0.008151743,0.01679545,0.0460608,0.00987819,0.9987486
0,0.0166675,11.160651050508,-0.009156927,0.04705057,-0.008151743,0.01679545,0.0460608,0.00987819,0.9987486
0,0.0166668,11.1773178502917,-0.009156927,0.04705057,-0.008151743,0.01679545,0.0460608,0.00987819,0.9987486
0,0.0166672,11.1939850505441,-0.009156927,0.04705057,-0.008151743,0.01679545,0.0460608,0.00987819,0.9987486
0,0.0166664,11.2106514498591,-0.009156927,0.04705057,-0.008151743,0.01679545,0.0460608,0.00987819,0.9987486
0,0.0166671,11.2273185495287,-0.009156927,0.04705057,-0.008151743,0.01679545,0.0460608,0.00987819,0.9987486
0,0.0166665,11.2439850494266,-0.009156927,0.04705057,-0.008151743,0.01679545,0.0460608,0.00987819,0.9987486
0,0.0166669,11.2606519497931,-0.009156927,0.04705057,-0.008151743,0.01679545,0.0460608,0.00987819,0.9987486
0,0.0166672,11.2773191500455,-0.009156927,0.04705057,-0.008151743,0.01679545,0.0460608,0.00987819,0.9987486
0,0.0166671,11.2939862497151,-0.009156927,0.04705057,-0.008151743,0.01679545,0.0460608,0.00987819,0.9987486
0,0.0166668,11.3106530494988,-0.009156927,0.04705057,-0.008151743,0.01679545,0.0460608,0.00987819,0.9987486
0,0.0166668,11.3273198492825,-0.009156927,0.04705057,-0.008151743,0.01679545,0.0460608,0.00987819,0.9987486
0,0.0166677,11.3439875487238,-0.009156927,0.04705057,-0.008151743,0.01679545,0.0460608,0.00987819,0.9987486
0,0.0166663,11.3606538493186,-0.009156927,0.04705057,-0.008151743,0.01679545,0.0460608,0.00987819,0.9987486
0,0.0166667,11.3773205485195,-0.009156927,0.04705057,-0.008151743,0.01679545,0.0460608,0.00987819,0.9987486
0,0.0166672,11.3939877487719,-0.009156927,0.04705057,-0.008151743,0.01679545,0.0460608,0.00987819,0.9987486
0,0.016667,11.4106547478586,-0.009156927,0.04705057,-0.008151743,0.01679545,0.0460608,0.00987819,0.9987486
0,0.0166668,11.4273215476424,-0.009156927,0.04705057,-0.008151743,0.01679545,0.0460608,0.00987819,0.9987486
0,0.0166666,11.443988148123,-0.009156927,0.04705057,-0.008151743,0.01679545,0.0460608,0.00987819,0.9987486
0,0.0166669,11.4606550484896,-0.009156927,0.04705057,-0.008151743,0.01679545,0.0460608,0.00987819,0.9987486
0,0.016667,11.4773220475763,-0.009156927,0.04705057,-0.008151743,0.01679545,0.0460608,0.00987819,0.9987486
0,0.016667,11.493989046663,-0.009156927,0.04705057,-0.008151743,0.01679545,0.0460608,0.00987819,0.9987486
0,0.0166682,11.5106572471559,-0.009156927,0.04705057,-0.008151743,0.01679545,0.0460608,0.00987819,0.9987486
0,0.0166671,11.5273243468255,-0.009156927,0.04705057,-0.008151743,0.01679545,0.0460608,0.00987819,0.9987486
0,0.0166665,11.5439908467233,-0.009156927,0.04705057,-0.008151743,0.01679545,0.0460608,0.00987819,0.9987486
0,0.0166669,11.5606577470899,-0.009156927,0.04705057,-0.008151743,0.01679545,0.0460608,0.00987819,0.9987486
0,0.0166666,11.5773243475705,-0.009156927,0.04705057,-0.008151743,0.01679545,0.0460608,0.00987819,0.9987486
0,0.0166669,11.5939912479371,-0.009156927,0.04705057,-0.008151743,0.01679545,0.0460608,0.00987819,0.9987486
0,0.0166668,11.6106580477208,-0.009156927,0.04705057,-0.008151743,0.01679545,0.0460608,0.00987819,0.9987486
0,0.0166674,11.6273254472762,-0.009156927,0.04705057,-0.008151743,0.01679545,0.0460608,0.00987819,0.9987486
0,0.0166667,11.6439921464771,-0.009156927,0.04705057,-0.008151743,0.01679545,0.0460608,0.00987819,0.9987486
0,0.0166666,11.6606587469578,-0.009156927,0.04705057,-0.008151743,0.01679545,0.0460608,0.00987819,0.9987486
0,0.0166671,11.6773258466274,-0.009156927,0.04705057,-0.008151743,0.01679545,0.0460608,0.00987819,0.9987486
0,0.0166668,11.6939926464111,-0.009156927,0.04705057,-0.008151743,0.01679545,0.0460608,0.00987819,0.9987486
0,0.0166671,11.7106597460806,-0.009156927,0.04705057,-0.008151743,0.01679545,0.0460608,0.00987819,0.9987486
0,0.0166686,11.7273283451796,-0.009156927,0.04705057,-0.008151743,0.01679545,0.0460608,0.00987819,0.9987486
0,0.0166659,11.7439942453057,-0.009156927,0.04705057,-0.008151743,0.01679545,0.0460608,0.00987819,0.9987486
0,0.0166669,11.7606611456722,-0.009156927,0.04705057,-0.008151743,0.01679545,0.0460608,0.00987819,0.9987486
0,0.0166669,11.7773280460387,-0.009156927,0.04705057,-0.008151743,0.01679545,0.0460608,0.00987819,0.9987486
0,0.016667,11.7939950451255,-0.009156927,0.04705057,-0.008151743,0.01679545,0.0460608,0.00987819,0.9987486
0,0.0166666,11.8106616456062,-0.009156927,0.04705057,-0.008151743,0.01679545,0.0460608,0.00987819,0.9987486
0,0.0166669,11.8273285459727,-0.009156927,0.04705057,-0.008151743,0.01679545,0.0460608,0.00987819,0.9987486
0,0.0166676,11.8439961466938,-0.009156927,0.04705057,-0.008151743,0.01679545,0.0460608,0.00987819,0.9987486
0,0.0166661,11.860662246123,-0.009156927,0.04705057,-0.008151743,0.01679545,0.0460608,0.00987819,0.9987486
0,0.0225358,11.8831980451941,-0.009156927,0.04705057,-0.008151743,0.01679545,0.0460608,0.00987819,0.9987486
0,0.0166685,11.8998665455729,-0.009156927,0.04705057,-0.008151743,0.01679545,0.0460608,0.00987819,0.9987486
0,0.0166667,11.9165332447737,-0.009156927,0.04705057,-0.008151743,0.01679545,0.0460608,0.00987819,0.9987486
0,0.0166668,11.9332000445575,-0.009156927,0.04705057,-0.008151743,0.01679545,0.0460608,0.00987819,0.9987486
0,0.0166667,11.9498667437583,-0.009156927,0.04705057,-0.008151743,0.01679545,0.0460608,0.00987819,0.9987486
0,0.0166669,11.9665336441249,-0.009156927,0.04705057,-0.008151743,0.01679545,0.0460608,0.00987819,0.9987486
0,0.016667,11.9832006432116,-0.009156927,0.04705057,-0.008151743,0.01679545,0.0460608,0.00987819,0.9987486
0,0.0166672,11.999867843464,-0.009156927,0.04705057,-0.008151743,0.01679545,0.0460608,0.00987819,0.9987486
0,0.0166688,12.0165366437286,-0.009156927,0.04705057,-0.008151743,0.01679545,0.0460608,0.00987819,0.9987486
0,0.0166656,12.0332022439688,-0.009156927,0.04705057,-0.008151743,0.01679545,0.0460608,0.00987819,0.9987486
0,0.0166677,12.0498699434102,-0.009156927,0.04705057,-0.008151743,0.01679545,0.0460608,0.00987819,0.9987486
0,0.0166662,12.0665361434221,-0.009156927,0.04705057,-0.008151743,0.01679545,0.0460608,0.00987819,0.9987486
0,0.0166669,12.0832030437887,-0.009156927,0.04705057,-0.008151743,0.01679545,0.0460608,0.00987819,0.9987486
0,0.0166667,12.0998697429895,-0.009156927,0.04705057,-0.008151743,0.01679545,0.0460608,0.00987819,0.9987486
0,0.0166678,12.1165375430137,-0.009156927,0.04705057,-0.008151743,0.01679545,0.0460608,0.00987819,0.9987486
0,0.0166663,12.1332038436085,-0.009156927,0.04705057,-0.008151743,0.01679545,0.0460608,0.00987819,0.9987486
0,0.0166666,12.1498704440892,-0.009156927,0.04705057,-0.008151743,0.01679545,0.0460608,0.00987819,0.9987486
0,0.0166669,12.1665373444557,-0.009156927,0.04705057,-0.008151743,0.01679545,0.0460608,0.00987819,0.9987486
0,0.0166672,12.1832045447081,-0.009156927,0.04705057,-0.008151743,0.01679545,0.0460608,0.00987819,0.9987486
0,0.016667,12.1998715437949,-0.009156927,0.04705057,-0.008151743,0.01679545,0.0460608,0.00987819,0.9987486
0,0.0166672,12.2165387440473,-0.009156927,0.04705057,-0.008151743,0.01679545,0.0460608,0.00987819,0.9987486
0,0.0166677,12.2332064434886,-0.009156927,0.04705057,-0.008151743,0.01679545,0.0460608,0.00987819,0.9987486
0,0.016666,12.2498724441975,-0.009156927,0.04705057,-0.008151743,0.01679545,0.0460608,0.00987819,0.9987486
0,0.0166666,12.2665390446782,-0.009156927,0.04705057,-0.008151743,0.01679545,0.0460608,0.00987819,0.9987486
0,0.016667,12.2832060437649,-0.009156927,0.04705057,-0.008151743,0.01679545,0.0460608,0.00987819,0.9987486
0,0.0166668,12.2998728435487,-0.009156927,0.04705057,-0.008151743,0.01679545,0.0460608,0.00987819,0.9987486
0,0.0166669,12.3165397439152,-0.009156927,0.04705057,-0.008151743,0.01679545,0.0460608,0.00987819,0.9987486
0,0.0166669,12.3332066442817,-0.009156927,0.04705057,-0.008151743,0.01679545,0.0460608,0.00987819,0.9987486
0,0.0166672,12.3498738445342,-0.009156927,0.04705057,-0.008151743,0.01679545,0.0460608,0.00987819,0.9987486
0,0.016667,12.3665408436209,-0.009156927,0.04705057,-0.008151743,0.01679545,0.0460608,0.00987819,0.9987486
0,0.0166669,12.3832077439874,-0.009156927,0.04705057,-0.008151743,0.01679545,0.0460608,0.00987819,0.9987486
0,0.0166665,12.3998742438853,-0.009156927,0.04705057,-0.008151743,0.01679545,0.0460608,0.00987819,0.9987486
0,0.0166672,12.4165414441377,-0.009156927,0.04705057,-0.008151743,0.01679545,0.0460608,0.00987819,0.9987486
0,0.0166669,12.4332083445042,-0.009156927,0.04705057,-0.008151743,0.01679545,0.0460608,0.00987819,0.9987486
0,0.0166672,12.4498755447567,-0.009156927,0.04705057,-0.008151743,0.01679545,0.0460608,0.00987819,0.9987486
0,0.0166666,12.4665421452373,-0.009156927,0.04705057,-0.008151743,0.01679545,0.0460608,0.00987819,0.9987486
0,0.0166669,12.4832090456039,-0.009156927,0.04705057,-0.008151743,0.01679545,0.0460608,0.00987819,0.9987486
0,0.016667,12.4998760446906,-0.009156927,0.04705057,-0.008151743,0.01679545,0.0460608,0.00987819,0.9987486
0,0.0166669,12.5165429450572,-0.009156927,0.04705057,-0.008151743,0.01679545,0.0460608,0.00987819,0.9987486
0,0.0166668,12.5332097448409,-0.009156927,0.04705057,-0.008151743,0.01679545,0.0460608,0.00987819,0.9987486
0,0.0166674,12.5498771443963,-0.009156927,0.04705057,-0.008151743,0.01679545,0.0460608,0.00987819,0.9987486
0,0.0166668,12.56654394418,-0.009156927,0.04705057,-0.008151743,0.01679545,0.0460608,0.00987819,0.9987486
0,0.0166669,12.5832108445466,-0.009156927,0.04705057,-0.008151743,0.01679545,0.0460608,0.00987819,0.9987486
0,0.0166672,12.599878044799,-0.009156927,0.04705057,-0.008151743,0.01679545,0.0460608,0.00987819,0.9987486
0,0.0166669,12.6165449451655,-0.009156927,0.04705057,-0.008151743,0.01679545,0.0460608,0.00987819,0.9987486
0,0.016723,12.6332679446787,-0.009156927,0.04705057,-0.008151743,0.01679545,0.0460608,0.00987819,0.9987486
0,0.0166668,12.6499347444624,-0.009156927,0.04705057,-0.008151743,0.01679545,0.0460608,0.00987819,0.9987486
0,0.0166668,12.6666015442461,-0.009156927,0.04705057,-0.008151743,0.01679545,0.0460608,0.00987819,0.9987486
0,0.0166666,12.6832681447268,-0.009156927,0.04705057,-0.008151743,0.01679545,0.0460608,0.00987819,0.9987486
0,0.0166669,12.6999350450933,-0.009156927,0.04705057,-0.008151743,0.01679545,0.0460608,0.00987819,0.9987486
0,0.0166669,12.7166019454598,-0.009156927,0.04705057,-0.008151743,0.01679545,0.0460608,0.00987819,0.9987486
0,0.0166668,12.7332687452435,-0.009156927,0.04705057,-0.008151743,0.01679545,0.0460608,0.00987819,0.9987486
0,0.0166673,12.7499360460788,-0.009156927,0.04705057,-0.008151743,0.01679545,0.0460608,0.00987819,0.9987486
0,0.0166676,12.7666036467999,-0.009156927,0.04705057,-0.008151743,0.01679545,0.0460608,0.00987819,0.9987486
0,0.0166668,12.7832704465836,-0.009156927,0.04705057,-0.008151743,0.01679545,0.0460608,0.00987819,0.9987486
0,0.0166668,12.7999372463673,-0.009156927,0.04705057,-0.008151743,0.01679545,0.0460608,0.00987819,0.9987486
0,0.0166668,12.816604046151,-0.009156927,0.04705057,-0.008151743,0.01679545,0.0460608,0.00987819,0.9987486
0,0.0166666,12.8332706466317,-0.009156927,0.04705057,-0.008151743,0.01679545,0.0460608,0.00987819,0.9987486
0,0.0166669,12.8499375469983,-0.009156927,0.04705057,-0.008151743,0.01679545,0.0460608,0.00987819,0.9987486
0,0.0166669,12.8666044473648,-0.009156927,0.04705057,-0.008151743,0.01679545,0.0460608,0.00987819,0.9987486
0,0.0166677,12.8832721468061,-0.009156927,0.04705057,-0.008151743,0.01679545,0.0460608,0.00987819,0.9987486
0,0.0166662,12.8999383468181,-0.009156927,0.04705057,-0.008151743,0.01679545,0.0460608,0.00987819,0.9987486
0,0.0166669,12.9166052471846,-0.009156927,0.04705057,-0.008151743,0.01679545,0.0460608,0.00987819,0.9987486
0,0.016667,12.9332722462714,-0.009156927,0.04705057,-0.008151743,0.01679545,0.0460608,0.00987819,0.9987486
0,0.0166671,12.9499393459409,-0.009156927,0.04705057,-0.008151743,0.01679545,0.0460608,0.00987819,0.9987486
0,0.0166667,12.9666060451418,-0.009156927,0.04705057,-0.008151743,0.01679545,0.0460608,0.00987819,0.9987486
0,0.0166673,12.9832733459771,-0.009156927,0.04705057,-0.008151743,0.01679545,0.0460608,0.00987819,0.9987486
0,0.0166667,12.9999400451779,-0.009156927,0.04705057,-0.008151743,0.01679545,0.0460608,0.00987819,0.9987486
0,0.0166669,13.0166069455445,-0.009156927,0.04705057,-0.008151743,0.01679545,0.0460608,0.00987819,0.9987486
0,0.0166666,13.0332735460252,-0.009156927,0.04705057,-0.008151743,0.01679545,0.0460608,0.00987819,0.9987486
0,0.0166682,13.049941746518,-0.009156927,0.04705057,-0.008151743,0.01679545,0.0460608,0.00987819,0.9987486
0,0.0166669,13.0666086468846,-0.009156927,0.04705057,-0.008151743,0.01679545,0.0460608,0.00987819,0.9987486
0,0.0166699,13.0832785461098,-0.009156927,0.04705057,-0.008151743,0.01679545,0.0460608,0.00987819,0.9987486
0,0.0166665,13.0999450460076,-0.009156927,0.04705057,-0.008151743,0.01679545,0.0460608,0.00987819,0.9987486
0,0.0166667,13.1166117452085,-0.009156927,0.04705057,-0.008151743,0.01679545,0.0460608,0.00987819,0.9987486
0,0.0166669,13.133278645575,-0.009156927,0.04705057,-0.008151743,0.01679545,0.0460608,0.00987819,0.9987486
0,0.0166671,13.1499457452446,-0.009156927,0.04705057,-0.008151743,0.01679545,0.0460608,0.00987819,0.9987486
0,0.0166668,13.1666125450283,-0.009156927,0.04705057,-0.008151743,0.01679545,0.0460608,0.00987819,0.9987486
0,0.0166674,13.1832799445838,-0.009156927,0.04705057,-0.008151743,0.01679545,0.0460608,0.00987819,0.9987486
0,0.0166665,13.1999464444816,-0.009156927,0.04705057,-0.008151743,0.01679545,0.0460608,0.00987819,0.9987486
0,0.0166668,13.2166132442653,-0.009156927,0.04705057,-0.008151743,0.01679545,0.0460608,0.00987819,0.9987486
0,0.0166673,13.2332805451006,-0.009156927,0.04705057,-0.008151743,0.01679545,0.0460608,0.00987819,0.9987486
0,0.0166667,13.2499472443014,-0.009156927,0.04705057,-0.008151743,0.01679545,0.0460608,0.00987819,0.9987486
0,0.0166667,13.2666139435023,-0.009156927,0.04705057,-0.008151743,0.01679545,0.0460608,0.00987819,0.9987486
0,0.0166671,13.2832810431719,-0.009156927,0.04705057,-0.008151743,0.01679545,0.0460608,0.00987819,0.9987486
0,0.0166668,13.2999478429556,-0.009156927,0.04705057,-0.008151743,0.01679545,0.0460608,0.00987819,0.9987486
0,0.0166733,13.3166211433709,-0.009156927,0.04705057,-0.008151743,0.01679545,0.0460608,0.00987819,0.9987486
0,0.0166671,13.3332882430404,-0.009156927,0.04705057,-0.008151743,0.01679545,0.0460608,0.00987819,0.9987486
0,0.0166662,13.3499544430524,-0.009156927,0.04705057,-0.008151743,0.01679545,0.0460608,0.00987819,0.9987486
0,0.0166672,13.3666216433048,-0.009156927,0.04705057,-0.008151743,0.01679545,0.0460608,0.00987819,0.9987486
0,0.0166669,13.3832885436714,-0.009156927,0.04705057,-0.008151743,0.01679545,0.0460608,0.00987819,0.9987486
0,0.0166675,13.3999560438097,-0.009156927,0.04705057,-0.008151743,0.01679545,0.0460608,0.00987819,0.9987486
0,0.0166668,13.4166228435934,-0.009156927,0.04705057,-0.008151743,0.01679545,0.0460608,0.00987819,0.9987486
0,0.0166664,13.4332892429084,-0.009156927,0.04705057,-0.008151743,0.01679545,0.0460608,0.00987819,0.9987486
0,0.0166669,13.4499561432749,-0.009156927,0.04705057,-0.008151743,0.01679545,0.0460608,0.00987819,0.9987486
0,0.0166668,13.4666229430586,-0.009156927,0.04705057,-0.008151743,0.01679545,0.0460608,0.00987819,0.9987486
0,0.0166672,13.483290143311,-0.009156927,0.04705057,-0.008151743,0.01679545,0.0460608,0.00987819,0.9987486
0,0.0166668,13.4999569430947,-0.009156927,0.04705057,-0.008151743,0.01679545,0.0460608,0.00987819,0.9987486
0,0.0166678,13.5166247431189,-0.009156927,0.04705057,-0.008151743,0.01679545,0.0460608,0.00987819,0.9987486
0,0.0166677,13.5332924425602,-0.009156927,0.04705057,-0.008151743,0.01679545,0.0460608,0.00987819,0.9987486
0,0.0166656,13.5499580428004,-0.009156927,0.04705057,-0.008151743,0.01679545,0.0460608,0.00987819,0.9987486
0,0.0166671,13.56662514247,-0.009156927,0.04705057,-0.008151743,0.01679545,0.0460608,0.00987819,0.9987486
0,0.0166664,13.583291541785,-0.009156927,0.04705057,-0.008151743,0.01679545,0.0460608,0.00987819,0.9987486
0,0.0166672,13.5999587420374,-0.009156927,0.04705057,-0.008151743,0.01679545,0.0460608,0.00987819,0.9987486
0,0.0166672,13.6166259422898,-0.009156927,0.04705057,-0.008151743,0.01679545,0.0460608,0.00987819,0.9987486
0,0.0166667,13.6332926414907,-0.009156927,0.04705057,-0.008151743,0.01679545,0.0460608,0.00987819,0.9987486
0,0.0166666,13.6499592419714,-0.009156927,0.04705057,-0.008151743,0.01679545,0.0460608,0.00987819,0.9987486
0,0.0166672,13.6666264422238,-0.009156927,0.04705057,-0.008151743,0.01679545,0.0460608,0.00987819,0.9987486
0,0.0166704,13.6832968425006,-0.009156927,0.04705057,-0.008151743,0.01679545,0.0460608,0.00987819,0.9987486
0,0.0166642,13.6999610420316,-0.009156927,0.04705057,-0.008151743,0.01679545,0.0460608,0.00987819,0.9987486
0,0.0166667,13.7166277412325,-0.009156927,0.04705057,-0.008151743,0.01679545,0.0460608,0.00987819,0.9987486
0,0.0166674,13.733295140788,-0.009156927,0.04705057,-0.008151743,0.01679545,0.0460608,0.00987819,0.9987486
0,0.0166667,13.7499618399888,-0.009156927,0.04705057,-0.008151743,0.01679545,0.0460608,0.00987819,0.9987486
0,0.0166664,13.7666282393038,-0.009156927,0.04705057,-0.008151743,0.01679545,0.0460608,0.00987819,0.9987486
0,0.0166673,13.7832955401391,-0.009156927,0.04705057,-0.008151743,0.01679545,0.0460608,0.00987819,0.9987486
0,0.0166671,13.7999626398087,-0.009156927,0.04705057,-0.008151743,0.01679545,0.0460608,0.00987819,0.9987486
0,0.0166665,13.8166291397065,-0.009156927,0.04705057,-0.008151743,0.01679545,0.0460608,0.00987819,0.9987486
0,0.0166671,13.8332962393761,-0.009156927,0.04705057,-0.008151743,0.01679545,0.0460608,0.00987819,0.9987486
0,0.0166709,13.8499671388417,-0.009156927,0.04705057,-0.008151743,0.01679545,0.0460608,0.00987819,0.9987486
0,0.0166632,13.8666303381324,-0.009156927,0.04705057,-0.008151743,0.01679545,0.0460608,0.00987819,0.9987486
0,0.0166665,13.8832968380302,-0.009156927,0.04705057,-0.008151743,0.01679545,0.0460608,0.00987819,0.9987486
0,0.0166671,13.8999639376998,-0.009156927,0.04705057,-0.008151743,0.01679545,0.0460608,0.00987819,0.9987486
0,0.0166668,13.9166307374835,-0.009156927,0.04705057,-0.008151743,0.01679545,0.0460608,0.00987819,0.9987486
0,0.0166668,13.9332975372672,-0.009156927,0.04705057,-0.008151743,0.01679545,0.0460608,0.00987819,0.9987486
0,0.0166671,13.9499646369368,-0.009156927,0.04705057,-0.008151743,0.01679545,0.0460608,0.00987819,0.9987486
0,0.0166666,13.9666312374175,-0.009156927,0.04705057,-0.008151743,0.01679545,0.0460608,0.00987819,0.9987486
0,0.0166671,13.983298337087,-0.009156927,0.04705057,-0.008151743,0.01679545,0.0460608,0.00987819,0.9987486
0,0.016667,13.9999653361738,-0.009156927,0.04705057,-0.008151743,0.01679545,0.0460608,0.00987819,0.9987486
0,0.016667,14.0166323352605,-0.009156927,0.04705057,-0.008151743,0.01679545,0.0460608,0.00987819,0.9987486
0,0.0166669,14.0332992356271,-0.009156927,0.04705057,-0.008151743,0.01679545,0.0460608,0.00987819,0.9987486
0,0.016667,14.0499662347138,-0.009156927,0.04705057,-0.008151743,0.01679545,0.0460608,0.00987819,0.9987486
0,0.0166666,14.0666328351945,-0.009156927,0.04705057,-0.008151743,0.01679545,0.0460608,0.00987819,0.9987486
0,0.0166675,14.0833003353328,-0.009156927,0.04705057,-0.008151743,0.01679545,0.0460608,0.00987819,0.9987486
0,0.0166663,14.0999666359276,-0.009156927,0.04705057,-0.008151743,0.01679545,0.0460608,0.00987819,0.9987486
0,0.0166669,14.1166335362941,-0.009156927,0.04705057,-0.008151743,0.01679545,0.0460608,0.00987819,0.9987486
0,0.0166669,14.1333004366606,-0.009156927,0.04705057,-0.008151743,0.01679545,0.0460608,0.00987819,0.9987486
0,0.0166671,14.1499675363302,-0.009156927,0.04705057,-0.008151743,0.01679545,0.0460608,0.00987819,0.9987486
0,0.0166672,14.1666347365826,-0.009156927,0.04705057,-0.008151743,0.01679545,0.0460608,0.00987819,0.9987486
0,0.0166665,14.1833012364805,-0.009156927,0.04705057,-0.008151743,0.01679545,0.0460608,0.00987819,0.9987486
0,0.0166673,14.1999685373157,-0.009156927,0.04705057,-0.008151743,0.01679545,0.0460608,0.00987819,0.9987486
0,0.016667,14.2166355364025,-0.009156927,0.04705057,-0.008151743,0.01679545,0.0460608,0.00987819,0.9987486
0,0.0166665,14.2333020363003,-0.009156927,0.04705057,-0.008151743,0.01679545,0.0460608,0.00987819,0.9987486
0,0.0166672,14.2499692365527,-0.009156927,0.04705057,-0.008151743,0.01679545,0.0460608,0.00987819,0.9987486
0,0.0166669,14.2666361369193,-0.009156927,0.04705057,-0.008151743,0.01679545,0.0460608,0.00987819,0.9987486
0,0.0166666,14.2833027373999,-0.009156927,0.04705057,-0.008151743,0.01679545,0.0460608,0.00987819,0.9987486
0,0.0166669,14.2999696377665,-0.009156927,0.04705057,-0.008151743,0.01679545,0.0460608,0.00987819,0.9987486
0,0.0166676,14.3166372384876,-0.009156927,0.04705057,-0.008151743,0.01679545,0.0460608,0.00987819,0.9987486
0,0.016667,14.3333042375743,-0.009156927,0.04705057,-0.008151743,0.01679545,0.0460608,0.00987819,0.9987486
0,0.0167193,14.3500235378742,-0.009156927,0.04705057,-0.008151743,0.01679545,0.0460608,0.00987819,0.9987486
0,0.0166645,14.3666880372912,-0.009156927,0.04705057,-0.008151743,0.01679545,0.0460608,0.00987819,0.9987486
0,0.016667,14.3833550363779,-0.009156927,0.04705057,-0.008151743,0.01679545,0.0460608,0.00987819,0.9987486
0,0.0166666,14.4000216368586,-0.009156927,0.04705057,-0.008151743,0.01679545,0.0460608,0.00987819,0.9987486
0,0.0166669,14.4166885372251,-0.009156927,0.04705057,-0.008151743,0.01679545,0.0460608,0.00987819,0.9987486
0,0.0166667,14.433355236426,-0.009156927,0.04705057,-0.008151743,0.01679545,0.0460608,0.00987819,0.9987486
0,0.0166674,14.4500226359814,-0.009156927,0.04705057,-0.008151743,0.01679545,0.0460608,0.00987819,0.9987486
0,0.0166696,14.4666922353208,-0.009156927,0.04705057,-0.008151743,0.01679545,0.0460608,0.00987819,0.9987486
0,0.016698,14.4833902344108,-0.009156927,0.04705057,-0.008151743,0.01679545,0.0460608,0.00987819,0.9987486
0,0.0166665,14.5000567343086,-0.009156927,0.04705057,-0.008151743,0.01679545,0.0460608,0.00987819,0.9987486
0,0.0166672,14.516723934561,-0.009156927,0.04705057,-0.008151743,0.01679545,0.0460608,0.00987819,0.9987486
0,0.0166669,14.5333908349276,-0.009156927,0.04705057,-0.008151743,0.01679545,0.0460608,0.00987819,0.9987486
0,0.0166666,14.5500574354082,-0.009156927,0.04705057,-0.008151743,0.01679545,0.0460608,0.00987819,0.9987486
0,0.0166672,14.5667246356606,-0.009156927,0.04705057,-0.008151743,0.01679545,0.0460608,0.00987819,0.9987486
0,0.0166667,14.5833913348615,-0.009156927,0.04705057,-0.008151743,0.01679545,0.0460608,0.00987819,0.9987486
0,0.0166669,14.6000582352281,-0.009156927,0.04705057,-0.008151743,0.01679545,0.0460608,0.00987819,0.9987486
0,0.016667,14.6167252343148,-0.009156927,0.04705057,-0.008151743,0.01679545,0.0460608,0.00987819,0.9987486
0,0.0166667,14.6333919335157,-0.009156927,0.04705057,-0.008151743,0.01679545,0.0460608,0.00987819,0.9987486
0,0.0166668,14.6500587332994,-0.009156927,0.04705057,-0.008151743,0.01679545,0.0460608,0.00987819,0.9987486
0,0.016667,14.6667257323861,-0.009156927,0.04705057,-0.008151743,0.01679545,0.0460608,0.00987819,0.9987486
0,0.0166671,14.6833928320557,-0.009156927,0.04705057,-0.008151743,0.01679545,0.0460608,0.00987819,0.9987486
0,0.0166667,14.7000595312566,-0.009156927,0.04705057,-0.008151743,0.01679545,0.0460608,0.00987819,0.9987486
0,0.0166668,14.7167263310403,-0.009156927,0.04705057,-0.008151743,0.01679545,0.0460608,0.00987819,0.9987486
0,0.0166672,14.7333935312927,-0.009156927,0.04705057,-0.008151743,0.01679545,0.0460608,0.00987819,0.9987486
0,0.0166665,14.7500600311905,-0.009156927,0.04705057,-0.008151743,0.01679545,0.0460608,0.00987819,0.9987486
0,0.016667,14.7667270302773,-0.009156927,0.04705057,-0.008151743,0.01679545,0.0460608,0.00987819,0.9987486
0,0.0166668,14.783393830061,-0.009156927,0.04705057,-0.008151743,0.01679545,0.0460608,0.00987819,0.9987486
0,0.0166672,14.8000610303134,-0.009156927,0.04705057,-0.008151743,0.01679545,0.0460608,0.00987819,0.9987486
0,0.0166667,14.8167277295142,-0.009156927,0.04705057,-0.008151743,0.01679545,0.0460608,0.00987819,0.9987486
0,0.016667,14.833394728601,-0.009156927,0.04705057,-0.008151743,0.01679545,0.0460608,0.00987819,0.9987486
0,0.016667,14.8500617276877,-0.009156927,0.04705057,-0.008151743,0.01679545,0.0460608,0.00987819,0.9987486
0,0.0166672,14.8667289279401,-0.009156927,0.04705057,-0.008151743,0.01679545,0.0460608,0.00987819,0.9987486
0,0.0166667,14.883395627141,-0.009156927,0.04705057,-0.008151743,0.01679545,0.0460608,0.00987819,0.9987486
0,0.0166672,14.9000628273934,-0.009156927,0.04705057,-0.008151743,0.01679545,0.0460608,0.00987819,0.9987486
0,0.016667,14.9167298264802,-0.009156927,0.04705057,-0.008151743,0.01679545,0.0460608,0.00987819,0.9987486
0,0.0166665,14.933396326378,-0.009156927,0.04705057,-0.008151743,0.01679545,0.0460608,0.00987819,0.9987486
0,0.0166669,14.9500632267445,-0.009156927,0.04705057,-0.008151743,0.01679545,0.0460608,0.00987819,0.9987486
0,0.0166669,14.9667301271111,-0.009156927,0.04705057,-0.008151743,0.01679545,0.0460608,0.00987819,0.9987486
0,0.016667,14.9833971261978,-0.009156927,0.04705057,-0.008151743,0.01679545,0.0460608,0.00987819,0.9987486
0,0.0166672,15.0000643264502,-0.009156927,0.04705057,-0.008151743,0.01679545,0.0460608,0.00987819,0.9987486
0,0.016667,15.016731325537,-0.009156927,0.04705057,-0.008151743,0.01679545,0.0460608,0.00987819,0.9987486
0,0.0166669,15.0333982259035,-0.009156927,0.04705057,-0.008151743,0.01679545,0.0460608,0.00987819,0.9987486
0,0.0166665,15.0500647258013,-0.009156927,0.04705057,-0.008151743,0.01679545,0.0460608,0.00987819,0.9987486
0,0.0166686,15.0667333249003,-0.009156927,0.04705057,-0.008151743,0.01679545,0.0460608,0.00987819,0.9987486
0,0.0166655,15.0833988245577,-0.009156927,0.04705057,-0.008151743,0.01679545,0.0460608,0.00987819,0.9987486
0,0.0166667,15.1000655237585,-0.009156927,0.04705057,-0.008151743,0.01679545,0.0460608,0.00987819,0.9987486
0,0.016667,15.1167325228453,-0.009156927,0.04705057,-0.008151743,0.01679545,0.0460608,0.00987819,0.9987486
0,0.0166669,15.1333994232118,-0.009156927,0.04705057,-0.008151743,0.01679545,0.0460608,0.00987819,0.9987486
0,0.0166668,15.1500662229955,-0.009156927,0.04705057,-0.008151743,0.01679545,0.0460608,0.00987819,0.9987486
0,0.0166669,15.1667331233621,-0.009156927,0.04705057,-0.008151743,0.01679545,0.0460608,0.00987819,0.9987486
0,0.016667,15.1834001224488,-0.009156927,0.04705057,-0.008151743,0.01679545,0.0460608,0.00987819,0.9987486
0,0.0166671,15.2000672221184,-0.009156927,0.04705057,-0.008151743,0.01679545,0.0460608,0.00987819,0.9987486
0,0.0166671,15.216734321788,-0.009156927,0.04705057,-0.008151743,0.01679545,0.0460608,0.00987819,0.9987486
0,0.0166668,15.2334011215717,-0.009156927,0.04705057,-0.008151743,0.01679545,0.0460608,0.00987819,0.9987486
0,0.0166668,15.2500679213554,-0.009156927,0.04705057,-0.008151743,0.01679545,0.0460608,0.00987819,0.9987486
0,0.0166669,15.2667348217219,-0.009156927,0.04705057,-0.008151743,0.01679545,0.0460608,0.00987819,0.9987486
0,0.0166666,15.2834014222026,-0.009156927,0.04705057,-0.008151743,0.01679545,0.0460608,0.00987819,0.9987486
0,0.0166668,15.3000682219863,-0.009156927,0.04705057,-0.008151743,0.01679545,0.0460608,0.00987819,0.9987486
0,0.0166669,15.3167351223528,-0.009156927,0.04705057,-0.008151743,0.01679545,0.0460608,0.00987819,0.9987486
0,0.0166675,15.3334026224911,-0.009156927,0.04705057,-0.008151743,0.01679545,0.0460608,0.00987819,0.9987486
0,0.0166663,15.3500689230859,-0.009156927,0.04705057,-0.008151743,0.01679545,0.0460608,0.00987819,0.9987486
0,0.0166672,15.3667361233383,-0.009156927,0.04705057,-0.008151743,0.01679545,0.0460608,0.00987819,0.9987486
0,0.0166706,15.3834067229182,-0.009156927,0.04705057,-0.008151743,0.01679545,0.0460608,0.00987819,0.9987486
0,0.0166641,15.400070823729,-0.009156927,0.04705057,-0.008151743,0.01679545,0.0460608,0.00987819,0.9987486
0,0.0166665,15.4167373236269,-0.009156927,0.04705057,-0.008151743,0.01679545,0.0460608,0.00987819,0.9987486
0,0.0166685,15.4334058240056,-0.009156927,0.04705057,-0.008151743,0.01679545,0.0460608,0.00987819,0.9987486
0,0.016666,15.4500718247145,-0.009156927,0.04705057,-0.008151743,0.01679545,0.0460608,0.00987819,0.9987486
0,0.0166666,15.4667384251952,-0.009156927,0.04705057,-0.008151743,0.01679545,0.0460608,0.00987819,0.9987486
0,0.0166669,15.4834053255618,-0.009156927,0.04705057,-0.008151743,0.01679545,0.0460608,0.00987819,0.9987486
0,0.0166669,15.5000722259283,-0.009156927,0.04705057,-0.008151743,0.01679545,0.0460608,0.00987819,0.9987486
0,0.0166669,15.5167391262949,-0.009156927,0.04705057,-0.008151743,0.01679545,0.0460608,0.00987819,0.9987486
0,0.0166669,15.5334060266614,-0.009156927,0.04705057,-0.008151743,0.01679545,0.0460608,0.00987819,0.9987486
0,0.0166673,15.5500733274966,-0.009156927,0.04705057,-0.008151743,0.01679545,0.0460608,0.00987819,0.9987486
0,0.0166668,15.5667401272804,-0.009156927,0.04705057,-0.008151743,0.01679545,0.0460608,0.00987819,0.9987486
0,0.0166666,15.583406727761,-0.009156927,0.04705057,-0.008151743,0.01679545,0.0460608,0.00987819,0.9987486
0,0.016667,15.6000737268478,-0.009156927,0.04705057,-0.008151743,0.01679545,0.0460608,0.00987819,0.9987486
0,0.0166673,15.616741027683,-0.009156927,0.04705057,-0.008151743,0.01679545,0.0460608,0.00987819,0.9987486
0,0.016667,15.6334080267698,-0.009156927,0.04705057,-0.008151743,0.01679545,0.0460608,0.00987819,0.9987486
0,0.0166668,15.6500748265535,-0.009156927,0.04705057,-0.008151743,0.01679545,0.0460608,0.00987819,0.9987486
0,0.0166668,15.6667416263372,-0.009156927,0.04705057,-0.008151743,0.01679545,0.0460608,0.00987819,0.9987486
0,0.0166676,15.6834092270583,-0.009156927,0.04705057,-0.008151743,0.01679545,0.0460608,0.00987819,0.9987486
0,0.0166661,15.7000753264874,-0.009156927,0.04705057,-0.008151743,0.01679545,0.0460608,0.00987819,0.9987486
0,0.0166668,15.7167421262711,-0.009156927,0.04705057,-0.008151743,0.01679545,0.0460608,0.00987819,0.9987486
0,0.0166674,15.7334095258266,-0.009156927,0.04705057,-0.008151743,0.01679545,0.0460608,0.00987819,0.9987486
0,0.0166674,15.750076925382,-0.009156927,0.04705057,-0.008151743,0.01679545,0.0460608,0.00987819,0.9987486
0,0.016667,15.7667439244688,-0.009156927,0.04705057,-0.008151743,0.01679545,0.0460608,0.00987819,0.9987486
0,0.0166667,15.7834106236696,-0.009156927,0.04705057,-0.008151743,0.01679545,0.0460608,0.00987819,0.9987486
0,0.0166666,15.8000772241503,-0.009156927,0.04705057,-0.008151743,0.01679545,0.0460608,0.00987819,0.9987486
0,0.0166673,15.8167445249856,-0.009156927,0.04705057,-0.008151743,0.01679545,0.0460608,0.00987819,0.9987486
0,0.0166663,15.8334108255804,-0.009156927,0.04705057,-0.008151743,0.01679545,0.0460608,0.00987819,0.9987486
0,0.016667,15.8500778246671,-0.009156927,0.04705057,-0.008151743,0.01679545,0.0460608,0.00987819,0.9987486
0,0.016667,15.8667448237538,-0.009156927,0.04705057,-0.008151743,0.01679545,0.0460608,0.00987819,0.9987486
0,0.0166668,15.8834116235375,-0.009156927,0.04705057,-0.008151743,0.01679545,0.0460608,0.00987819,0.9987486
0,0.0166668,15.9000784233212,-0.009156927,0.04705057,-0.008151743,0.01679545,0.0460608,0.00987819,0.9987486
0,0.0166672,15.9167456235737,-0.009156927,0.04705057,-0.008151743,0.01679545,0.0460608,0.00987819,0.9987486
0,0.0166674,15.9334130231291,-0.009156927,0.04705057,-0.008151743,0.01679545,0.0460608,0.00987819,0.9987486
0,0.0166662,15.9500792231411,-0.009156927,0.04705057,-0.008151743,0.01679545,0.0460608,0.00987819,0.9987486
0,0.0166689,15.9667481239885,-0.009156927,0.04705057,-0.008151743,0.01679545,0.0460608,0.00987819,0.9987486
0,0.0166658,15.9834139235318,-0.009156927,0.04705057,-0.008151743,0.01679545,0.0460608,0.00987819,0.9987486
0,0.0166671,16.0000810232013,-0.009156927,0.04705057,-0.008151743,0.01679545,0.0460608,0.00987819,0.9987486
0,0.0166663,16.0167473237962,-0.009156927,0.04705057,-0.008151743,0.01679545,0.0460608,0.00987819,0.9987486
0,0.016667,16.0334143228829,-0.009156927,0.04705057,-0.008151743,0.01679545,0.0460608,0.00987819,0.9987486
0,0.0166668,16.0500811226666,-0.009156927,0.04705057,-0.008151743,0.01679545,0.0460608,0.00987819,0.9987486
0,0.016667,16.0667481217533,-0.009156927,0.04705057,-0.008151743,0.01679545,0.0460608,0.00987819,0.9987486
0,0.0166674,16.0834155213088,-0.009156927,0.04705057,-0.008151743,0.01679545,0.0460608,0.00987819,0.9987486
0,0.0166671,16.1000826209784,-0.009156927,0.04705057,-0.008151743,0.01679545,0.0460608,0.00987819,0.9987486
0,0.0166671,16.1167497206479,-0.009156927,0.04705057,-0.008151743,0.01679545,0.0460608,0.00987819,0.9987486
0,0.0166668,16.1334165204316,-0.009156927,0.04705057,-0.008151743,0.01679545,0.0460608,0.00987819,0.9987486
0,0.0166667,16.1500832196325,-0.009156927,0.04705057,-0.008151743,0.01679545,0.0460608,0.00987819,0.9987486
0,0.0166678,16.1667510196567,-0.009156927,0.04705057,-0.008151743,0.01679545,0.0460608,0.00987819,0.9987486
0,0.0166666,16.1834176201373,-0.009156927,0.04705057,-0.008151743,0.01679545,0.0460608,0.00987819,0.9987486
0,0.016667,16.2000846192241,-0.009156927,0.04705057,-0.008151743,0.01679545,0.0460608,0.00987819,0.9987486
0,0.0166662,16.216750819236,-0.009156927,0.04705057,-0.008151743,0.01679545,0.0460608,0.00987819,0.9987486
0,0.016667,16.2334178183228,-0.009156927,0.04705057,-0.008151743,0.01679545,0.0460608,0.00987819,0.9987486
0,0.0166668,16.2500846181065,-0.009156927,0.04705057,-0.008151743,0.01679545,0.0460608,0.00987819,0.9987486
0,0.0166673,16.2667519189417,-0.009156927,0.04705057,-0.008151743,0.01679545,0.0460608,0.00987819,0.9987486
0,0.0166671,16.2834190186113,-0.009156927,0.04705057,-0.008151743,0.01679545,0.0460608,0.00987819,0.9987486
0,0.0166676,16.3000866193324,-0.009156927,0.04705057,-0.008151743,0.01679545,0.0460608,0.00987819,0.9987486
0,0.0166665,16.3167531192303,-0.009156927,0.04705057,-0.008151743,0.01679545,0.0460608,0.00987819,0.9987486
0,0.016667,16.333420118317,-0.009156927,0.04705057,-0.008151743,0.01679545,0.0460608,0.00987819,0.9987486
0,0.0166668,16.3500869181007,-0.009156927,0.04705057,-0.008151743,0.01679545,0.0460608,0.00987819,0.9987486
0,0.0166679,16.3667548187077,-0.009156927,0.04705057,-0.008151743,0.01679545,0.0460608,0.00987819,0.9987486
0,0.0166658,16.383420618251,-0.009156927,0.04705057,-0.008151743,0.01679545,0.0460608,0.00987819,0.9987486
0,0.0166675,16.4000881183892,-0.009156927,0.04705057,-0.008151743,0.01679545,0.0460608,0.00987819,0.9987486
0,0.0166663,16.4167544189841,-0.009156927,0.04705057,-0.008151743,0.01679545,0.0460608,0.00987819,0.9987486
0,0.0166669,16.4334213193506,-0.009156927,0.04705057,-0.008151743,0.01679545,0.0460608,0.00987819,0.9987486
0,0.0166668,16.4500881191343,-0.009156927,0.04705057,-0.008151743,0.01679545,0.0460608,0.00987819,0.9987486
0,0.0166674,16.4667555186898,-0.009156927,0.04705057,-0.008151743,0.01679545,0.0460608,0.00987819,0.9987486
0,0.0166668,16.4834223184735,-0.009156927,0.04705057,-0.008151743,0.01679545,0.0460608,0.00987819,0.9987486
0,0.0166677,16.5000900179148,-0.009156927,0.04705057,-0.008151743,0.01679545,0.0460608,0.00987819,0.9987486
0,0.0166663,16.5167563185096,-0.009156927,0.04705057,-0.008151743,0.01679545,0.0460608,0.00987819,0.9987486
0,0.016667,16.5334233175963,-0.009156927,0.04705057,-0.008151743,0.01679545,0.0460608,0.00987819,0.9987486
0,0.0166665,16.5500898174942,-0.009156927,0.04705057,-0.008151743,0.01679545,0.0460608,0.00987819,0.9987486
0,0.0166671,16.5667569171637,-0.009156927,0.04705057,-0.008151743,0.01679545,0.0460608,0.00987819,0.9987486
0,0.0166667,16.5834236163646,-0.009156927,0.04705057,-0.008151743,0.01679545,0.0460608,0.00987819,0.9987486
0,0.0166675,16.6000911165029,-0.009156927,0.04705057,-0.008151743,0.01679545,0.0460608,0.00987819,0.9987486
0,0.0166677,16.6167588159442,-0.009156927,0.04705057,-0.008151743,0.01679545,0.0460608,0.00987819,0.9987486
0,0.0166655,16.6334243156016,-0.009156927,0.04705057,-0.008151743,0.01679545,0.0460608,0.00987819,0.9987486
0,0.0166673,16.6500916164368,-0.009156927,0.04705057,-0.008151743,0.01679545,0.0460608,0.00987819,0.9987486
0,0.016667,16.6667586155236,-0.009156927,0.04705057,-0.008151743,0.01679545,0.0460608,0.00987819,0.9987486
0,0.0166666,16.6834252160043,-0.009156927,0.04705057,-0.008151743,0.01679545,0.0460608,0.00987819,0.9987486
0,0.0166672,16.7000924162567,-0.009156927,0.04705057,-0.008151743,0.01679545,0.0460608,0.00987819,0.9987486
0,0.0166665,16.7167589161545,-0.009156927,0.04705057,-0.008151743,0.01679545,0.0460608,0.00987819,0.9987486
0,0.0166688,16.7334277164191,-0.009156927,0.04705057,-0.008151743,0.01679545,0.0460608,0.00987819,0.9987486
0,0.0166655,16.7500932160765,-0.009156927,0.04705057,-0.008151743,0.01679545,0.0460608,0.00987819,0.9987486
0,0.016669,16.7667622156441,-0.009156927,0.04705057,-0.008151743,0.01679545,0.0460608,0.00987819,0.9987486
0,0.0166651,16.7834273148328,-0.009156927,0.04705057,-0.008151743,0.01679545,0.0460608,0.00987819,0.9987486
0,0.0166673,16.8000946156681,-0.009156927,0.04705057,-0.008151743,0.01679545,0.0460608,0.00987819,0.9987486
0,0.0166666,16.8167612161487,-0.009156927,0.04705057,-0.008151743,0.01679545,0.0460608,0.00987819,0.9987486
0,0.0166675,16.833428716287,-0.009156927,0.04705057,-0.008151743,0.01679545,0.0460608,0.00987819,0.9987486
0,0.0166667,16.8500954154879,-0.009156927,0.04705057,-0.008151743,0.01679545,0.0460608,0.00987819,0.9987486
0,0.0166667,16.8667621146888,-0.009156927,0.04705057,-0.008151743,0.01679545,0.0460608,0.00987819,0.9987486
0,0.0166672,16.8834293149412,-0.009156927,0.04705057,-0.008151743,0.01679545,0.0460608,0.00987819,0.9987486
0,0.0166669,16.9000962153077,-0.009156927,0.04705057,-0.008151743,0.01679545,0.0460608,0.00987819,0.9987486
0,0.0166667,16.9167629145086,-0.009156927,0.04705057,-0.008151743,0.01679545,0.0460608,0.00987819,0.9987486
0,0.0166676,16.9334305152297,-0.009156927,0.04705057,-0.008151743,0.01679545,0.0460608,0.00987819,0.9987486
0,0.0166662,16.9500967152417,-0.009156927,0.04705057,-0.008151743,0.01679545,0.0460608,0.00987819,0.9987486
0,0.0166689,16.9667656160891,-0.009156927,0.04705057,-0.008151743,0.01679545,0.0460608,0.00987819,0.9987486
0,0.0166653,16.9834309164435,-0.009156927,0.04705057,-0.008151743,0.01679545,0.0460608,0.00987819,0.9987486
0,0.0166667,17.0000976156443,-0.009156927,0.04705057,-0.008151743,0.01679545,0.0460608,0.00987819,0.9987486
0,0.0166674,17.0167650151998,-0.009156927,0.04705057,-0.008151743,0.01679545,0.0460608,0.00987819,0.9987486
0,0.0166677,17.0334327146411,-0.009156927,0.04705057,-0.008151743,0.01679545,0.0460608,0.00987819,0.9987486
0,0.0166665,17.0500992145389,-0.009156927,0.04705057,-0.008151743,0.01679545,0.0460608,0.00987819,0.9987486
0,0.0166667,17.0667659137398,-0.009156927,0.04705057,-0.008151743,0.01679545,0.0460608,0.00987819,0.9987486
0,0.016667,17.0834329128265,-0.009156927,0.04705057,-0.008151743,0.01679545,0.0460608,0.00987819,0.9987486
0,0.0166665,17.1000994127244,-0.009156927,0.04705057,-0.008151743,0.01679545,0.0460608,0.00987819,0.9987486
0,0.0166669,17.1167663130909,-0.009156927,0.04705057,-0.008151743,0.01679545,0.0460608,0.00987819,0.9987486
0,0.0166671,17.1334334127605,-0.009156927,0.04705057,-0.008151743,0.01679545,0.0460608,0.00987819,0.9987486
0,0.0166672,17.1501006130129,-0.009156927,0.04705057,-0.008151743,0.01679545,0.0460608,0.00987819,0.9987486
0,0.0166668,17.1667674127966,-0.009156927,0.04705057,-0.008151743,0.01679545,0.0460608,0.00987819,0.9987486
0,0.0166669,17.1834343131632,-0.009156927,0.04705057,-0.008151743,0.01679545,0.0460608,0.00987819,0.9987486
0,0.0166671,17.2001014128327,-0.009156927,0.04705057,-0.008151743,0.01679545,0.0460608,0.00987819,0.9987486
0,0.0166668,17.2167682126164,-0.009156927,0.04705057,-0.008151743,0.01679545,0.0460608,0.00987819,0.9987486
0,0.0166671,17.233435312286,-0.009156927,0.04705057,-0.008151743,0.01679545,0.0460608,0.00987819,0.9987486
0,0.0166677,17.2501030117273,-0.009156927,0.04705057,-0.008151743,0.01679545,0.0460608,0.00987819,0.9987486
0,0.0166672,17.2667702119797,-0.009156927,0.04705057,-0.008151743,0.01679545,0.0460608,0.00987819,0.9987486
0,0.0166658,17.283436011523,-0.009156927,0.04705057,-0.008151743,0.01679545,0.0460608,0.00987819,0.9987486
0,0.0178636,17.3012996111065,-0.009156927,0.04705057,-0.008151743,0.01679545,0.0460608,0.00987819,0.9987486
0,0.0166666,17.3179662115872,-0.009156927,0.04705057,-0.008151743,0.01679545,0.0460608,0.00987819,0.9987486
0,0.016667,17.3346332106739,-0.009156927,0.04705057,-0.008151743,0.01679545,0.0460608,0.00987819,0.9987486
0,0.0166666,17.3512998111546,-0.009156927,0.04705057,-0.008151743,0.01679545,0.0460608,0.00987819,0.9987486
0,0.0166672,17.367967011407,-0.009156927,0.04705057,-0.008151743,0.01679545,0.0460608,0.00987819,0.9987486
0,0.0166675,17.3846345115453,-0.009156927,0.04705057,-0.008151743,0.01679545,0.0460608,0.00987819,0.9987486
0,0.0166661,17.4013006109744,-0.009156927,0.04705057,-0.008151743,0.01679545,0.0460608,0.00987819,0.9987486
0,0.0166671,17.417967710644,-0.009156927,0.04705057,-0.008151743,0.01679545,0.0460608,0.00987819,0.9987486
0,0.0166667,17.4346344098449,-0.009156927,0.04705057,-0.008151743,0.01679545,0.0460608,0.00987819,0.9987486
0,0.0166673,17.4513017106801,-0.009156927,0.04705057,-0.008151743,0.01679545,0.0460608,0.00987819,0.9987486
0,0.0166671,17.4679688103497,-0.009156927,0.04705057,-0.008151743,0.01679545,0.0460608,0.00987819,0.9987486
0,0.0166667,17.4846355095506,-0.009156927,0.04705057,-0.008151743,0.01679545,0.0460608,0.00987819,0.9987486
0,0.016667,17.5013025086373,-0.009156927,0.04705057,-0.008151743,0.01679545,0.0460608,0.00987819,0.9987486
0,0.0166665,17.5179690085351,-0.009156927,0.04705057,-0.008151743,0.01679545,0.0460608,0.00987819,0.9987486
0,0.0166669,17.5346359089017,-0.009156927,0.04705057,-0.008151743,0.01679545,0.0460608,0.00987819,0.9987486
0,0.0166668,17.5513027086854,-0.009156927,0.04705057,-0.008151743,0.01679545,0.0460608,0.00987819,0.9987486
0,0.016667,17.5679697077721,-0.009156927,0.04705057,-0.008151743,0.01679545,0.0460608,0.00987819,0.9987486
0,0.0166669,17.5846366081387,-0.009156927,0.04705057,-0.008151743,0.01679545,0.0460608,0.00987819,0.9987486
0,0.0166673,17.6013039089739,-0.009156927,0.04705057,-0.008151743,0.01679545,0.0460608,0.00987819,0.9987486
0,0.0166671,17.6179710086435,-0.009156927,0.04705057,-0.008151743,0.01679545,0.0460608,0.00987819,0.9987486
0,0.0166673,17.6346383094788,-0.009156927,0.04705057,-0.008151743,0.01679545,0.0460608,0.00987819,0.9987486
0,0.0166668,17.6513051092625,-0.009156927,0.04705057,-0.008151743,0.01679545,0.0460608,0.00987819,0.9987486
0,0.0166667,17.6679718084633,-0.009156927,0.04705057,-0.008151743,0.01679545,0.0460608,0.00987819,0.9987486
0,0.0166671,17.6846389081329,-0.009156927,0.04705057,-0.008151743,0.01679545,0.0460608,0.00987819,0.9987486
0,0.0166668,17.7013057079166,-0.009156927,0.04705057,-0.008151743,0.01679545,0.0460608,0.00987819,0.9987486
0,0.0166668,17.7179725077003,-0.009156927,0.04705057,-0.008151743,0.01679545,0.0460608,0.00987819,0.9987486
0,0.0166683,17.7346408069134,-0.009156927,0.04705057,-0.008151743,0.01679545,0.0460608,0.00987819,0.9987486
0,0.0166654,17.7513062059879,-0.009156927,0.04705057,-0.008151743,0.01679545,0.0460608,0.00987819,0.9987486
0,0.016667,17.7679732050747,-0.009156927,0.04705057,-0.008151743,0.01679545,0.0460608,0.00987819,0.9987486
0,0.0166667,17.7846399042755,-0.009156927,0.04705057,-0.008151743,0.01679545,0.0460608,0.00987819,0.9987486
0,0.0166674,17.801307303831,-0.009156927,0.04705057,-0.008151743,0.01679545,0.0460608,0.00987819,0.9987486
0,0.0166669,17.8179742041975,-0.009156927,0.04705057,-0.008151743,0.01679545,0.0460608,0.00987819,0.9987486
0,0.0166664,17.8346406035125,-0.009156927,0.04705057,-0.008151743,0.01679545,0.0460608,0.00987819,0.9987486
0,0.0166673,17.8513079043478,-0.009156927,0.04705057,-0.008151743,0.01679545,0.0460608,0.00987819,0.9987486
0,0.0166678,17.8679757043719,-0.009156927,0.04705057,-0.008151743,0.01679545,0.0460608,0.00987819,0.9987486
0,0.0166657,17.884641405195,-0.009156927,0.04705057,-0.008151743,0.01679545,0.0460608,0.00987819,0.9987486
0,0.0166668,17.9013082049787,-0.009156927,0.04705057,-0.008151743,0.01679545,0.0460608,0.00987819,0.9987486
0,0.0166671,17.9179753046483,-0.009156927,0.04705057,-0.008151743,0.01679545,0.0460608,0.00987819,0.9987486
0,0.0166674,17.9346427042037,-0.009156927,0.04705057,-0.008151743,0.01679545,0.0460608,0.00987819,0.9987486
0,0.0166666,17.9513093046844,-0.009156927,0.04705057,-0.008151743,0.01679545,0.0460608,0.00987819,0.9987486
0,0.0166671,17.967976404354,-0.009156927,0.04705057,-0.008151743,0.01679545,0.0460608,0.00987819,0.9987486
0,0.0166672,17.9846436046064,-0.009156927,0.04705057,-0.008151743,0.01679545,0.0460608,0.00987819,0.9987486
0,0.0166669,18.0013105049729,-0.009156927,0.04705057,-0.008151743,0.01679545,0.0460608,0.00987819,0.9987486
0,0.016667,18.0179775040597,-0.009156927,0.04705057,-0.008151743,0.01679545,0.0460608,0.00987819,0.9987486
0,0.0166671,18.0346446037292,-0.009156927,0.04705057,-0.008151743,0.01679545,0.0460608,0.00987819,0.9987486
0,0.0166669,18.0513115040958,-0.009156927,0.04705057,-0.008151743,0.01679545,0.0460608,0.00987819,0.9987486
0,0.0166664,18.0679779034108,-0.009156927,0.04705057,-0.008151743,0.01679545,0.0460608,0.00987819,0.9987486
0,0.0166681,18.0846460033208,-0.009156927,0.04705057,-0.008151743,0.01679545,0.0460608,0.00987819,0.9987486
0,0.0166657,18.1013117041439,-0.009156927,0.04705057,-0.008151743,0.01679545,0.0460608,0.00987819,0.9987486
0,0.0166669,18.1179786045104,-0.009156927,0.04705057,-0.008151743,0.01679545,0.0460608,0.00987819,0.9987486
0,0.0166687,18.1346473041922,-0.009156927,0.04705057,-0.008151743,0.01679545,0.0460608,0.00987819,0.9987486
0,0.0166656,18.1513129044324,-0.009156927,0.04705057,-0.008151743,0.01679545,0.0460608,0.00987819,0.9987486
0,0.0166671,18.167980004102,-0.009156927,0.04705057,-0.008151743,0.01679545,0.0460608,0.00987819,0.9987486
0,0.016667,18.1846470031887,-0.009156927,0.04705057,-0.008151743,0.01679545,0.0460608,0.00987819,0.9987486
0,0.016667,18.2013140022755,-0.009156927,0.04705057,-0.008151743,0.01679545,0.0460608,0.00987819,0.9987486
0,0.0166668,18.2179808020592,-0.009156927,0.04705057,-0.008151743,0.01679545,0.0460608,0.00987819,0.9987486
0,0.0166668,18.2346476018429,-0.009156927,0.04705057,-0.008151743,0.01679545,0.0460608,0.00987819,0.9987486
0,0.0166669,18.2513145022094,-0.009156927,0.04705057,-0.008151743,0.01679545,0.0460608,0.00987819,0.9987486
0,0.0166669,18.267981402576,-0.009156927,0.04705057,-0.008151743,0.01679545,0.0460608,0.00987819,0.9987486
0,0.0166671,18.2846485022455,-0.009156927,0.04705057,-0.008151743,0.01679545,0.0460608,0.00987819,0.9987486
0,0.0166667,18.3013152014464,-0.009156927,0.04705057,-0.008151743,0.01679545,0.0460608,0.00987819,0.9987486
0,0.0166669,18.317982101813,-0.009156927,0.04705057,-0.008151743,0.01679545,0.0460608,0.00987819,0.9987486
0,0.0166672,18.3346493020654,-0.009156927,0.04705057,-0.008151743,0.01679545,0.0460608,0.00987819,0.9987486
0,0.0166674,18.3513167016208,-0.009156927,0.04705057,-0.008151743,0.01679545,0.0460608,0.00987819,0.9987486
0,0.0166663,18.3679830022156,-0.009156927,0.04705057,-0.008151743,0.01679545,0.0460608,0.00987819,0.9987486
0,0.016667,18.3846500013024,-0.009156927,0.04705057,-0.008151743,0.01679545,0.0460608,0.00987819,0.9987486
0,0.016667,18.4013170003891,-0.009156927,0.04705057,-0.008151743,0.01679545,0.0460608,0.00987819,0.9987486
0,0.0166666,18.4179836008698,-0.009156927,0.04705057,-0.008151743,0.01679545,0.0460608,0.00987819,0.9987486
0,0.0166671,18.4346507005394,-0.009156927,0.04705057,-0.008151743,0.01679545,0.0460608,0.00987819,0.9987486
0,0.0166671,18.4513178002089,-0.009156927,0.04705057,-0.008151743,0.01679545,0.0460608,0.00987819,0.9987486
0,0.0166665,18.4679843001068,-0.009156927,0.04705057,-0.008151743,0.01679545,0.0460608,0.00987819,0.9987486
0,0.0166668,18.4846510998905,-0.009156927,0.04705057,-0.008151743,0.01679545,0.0460608,0.00987819,0.9987486
0,0.0166672,18.5013183001429,-0.009156927,0.04705057,-0.008151743,0.01679545,0.0460608,0.00987819,0.9987486
0,0.0166674,18.5179856996983,-0.009156927,0.04705057,-0.008151743,0.01679545,0.0460608,0.00987819,0.9987486
0,0.0166668,18.534652499482,-0.009156927,0.04705057,-0.008151743,0.01679545,0.0460608,0.00987819,0.9987486
0,0.0166674,18.5513198990375,-0.009156927,0.04705057,-0.008151743,0.01679545,0.0460608,0.00987819,0.9987486
0,0.0166666,18.5679864995182,-0.009156927,0.04705057,-0.008151743,0.01679545,0.0460608,0.00987819,0.9987486
0,0.0166671,18.5846535991877,-0.009156927,0.04705057,-0.008151743,0.01679545,0.0460608,0.00987819,0.9987486
0,0.0166663,18.6013198997825,-0.009156927,0.04705057,-0.008151743,0.01679545,0.0460608,0.00987819,0.9987486
0,0.0166669,18.6179868001491,-0.009156927,0.04705057,-0.008151743,0.01679545,0.0460608,0.00987819,0.9987486
0,0.0166669,18.6346537005156,-0.009156927,0.04705057,-0.008151743,0.01679545,0.0460608,0.00987819,0.9987486
0,0.0166669,18.6513206008822,-0.009156927,0.04705057,-0.008151743,0.01679545,0.0460608,0.00987819,0.9987486
0,0.0166673,18.6679879017174,-0.009156927,0.04705057,-0.008151743,0.01679545,0.0460608,0.00987819,0.9987486
0,0.0166668,18.6846547015011,-0.009156927,0.04705057,-0.008151743,0.01679545,0.0460608,0.00987819,0.9987486
0,0.0166671,18.7013218011707,-0.009156927,0.04705057,-0.008151743,0.01679545,0.0460608,0.00987819,0.9987486
0,0.0166664,18.7179882004857,-0.009156927,0.04705057,-0.008151743,0.01679545,0.0460608,0.00987819,0.9987486
0,0.0166671,18.7346553001553,-0.009156927,0.04705057,-0.008151743,0.01679545,0.0460608,0.00987819,0.9987486
0,0.016667,18.751322299242,-0.009156927,0.04705057,-0.008151743,0.01679545,0.0460608,0.00987819,0.9987486
0,0.0166675,18.7679897993803,-0.009156927,0.04705057,-0.008151743,0.01679545,0.0460608,0.00987819,0.9987486
0,0.0166665,18.7846562992781,-0.009156927,0.04705057,-0.008151743,0.01679545,0.0460608,0.00987819,0.9987486
0,0.016667,18.8013232983649,-0.009156927,0.04705057,-0.008151743,0.01679545,0.0460608,0.00987819,0.9987486
0,0.0166669,18.8179901987314,-0.009156927,0.04705057,-0.008151743,0.01679545,0.0460608,0.00987819,0.9987486
0,0.0166668,18.8346569985151,-0.009156927,0.04705057,-0.008151743,0.01679545,0.0460608,0.00987819,0.9987486
0,0.016667,18.8513239976019,-0.009156927,0.04705057,-0.008151743,0.01679545,0.0460608,0.00987819,0.9987486
0,0.0166675,18.8679914977401,-0.009156927,0.04705057,-0.008151743,0.01679545,0.0460608,0.00987819,0.9987486
0,0.0166669,18.8846583981067,-0.009156927,0.04705057,-0.008151743,0.01679545,0.0460608,0.00987819,0.9987486
0,0.0166664,18.9013247974217,-0.009156927,0.04705057,-0.008151743,0.01679545,0.0460608,0.00987819,0.9987486
0,0.0166672,18.9179919976741,-0.009156927,0.04705057,-0.008151743,0.01679545,0.0460608,0.00987819,0.9987486
0,0.0166669,18.9346588980407,-0.009156927,0.04705057,-0.008151743,0.01679545,0.0460608,0.00987819,0.9987486
0,0.0166666,18.9513254985213,-0.009156927,0.04705057,-0.008151743,0.01679545,0.0460608,0.00987819,0.9987486
0,0.016667,18.9679924976081,-0.009156927,0.04705057,-0.008151743,0.01679545,0.0460608,0.00987819,0.9987486
0,0.016667,18.9846594966948,-0.009156927,0.04705057,-0.008151743,0.01679545,0.0460608,0.00987819,0.9987486
0,0.0166667,19.0013261958957,-0.009156927,0.04705057,-0.008151743,0.01679545,0.0460608,0.00987819,0.9987486
0,0.0166669,19.0179930962622,-0.009156927,0.04705057,-0.008151743,0.01679545,0.0460608,0.00987819,0.9987486
0,0.0166672,19.0346602965146,-0.009156927,0.04705057,-0.008151743,0.01679545,0.0460608,0.00987819,0.9987486
0,0.0166671,19.0513273961842,-0.009156927,0.04705057,-0.008151743,0.01679545,0.0460608,0.00987819,0.9987486
0,0.0166669,19.0679942965508,-0.009156927,0.04705057,-0.008151743,0.01679545,0.0460608,0.00987819,0.9987486
0,0.016667,19.0846612956375,-0.009156927,0.04705057,-0.008151743,0.01679545,0.0460608,0.00987819,0.9987486
0,0.0166667,19.1013279948384,-0.009156927,0.04705057,-0.008151743,0.01679545,0.0460608,0.00987819,0.9987486
0,0.0166668,19.1179947946221,-0.009156927,0.04705057,-0.008151743,0.01679545,0.0460608,0.00987819,0.9987486
0,0.016667,19.1346617937088,-0.009156927,0.04705057,-0.008151743,0.01679545,0.0460608,0.00987819,0.9987486
0,0.0166668,19.1513285934925,-0.009156927,0.04705057,-0.008151743,0.01679545,0.0460608,0.00987819,0.9987486
0,0.0166669,19.1679954938591,-0.009156927,0.04705057,-0.008151743,0.01679545,0.0460608,0.00987819,0.9987486
0,0.0166669,19.1846623942256,-0.009156927,0.04705057,-0.008151743,0.01679545,0.0460608,0.00987819,0.9987486
0,0.016667,19.2013293933123,-0.009156927,0.04705057,-0.008151743,0.01679545,0.0460608,0.00987819,0.9987486
0,0.0166672,19.2179965935647,-0.009156927,0.04705057,-0.008151743,0.01679545,0.0460608,0.00987819,0.9987486
0,0.0166672,19.2346637938172,-0.009156927,0.04705057,-0.008151743,0.01679545,0.0460608,0.00987819,0.9987486
0,0.0166662,19.2513299938291,-0.009156927,0.04705057,-0.008151743,0.01679545,0.0460608,0.00987819,0.9987486
0,0.0166673,19.2679972946644,-0.009156927,0.04705057,-0.008151743,0.01679545,0.0460608,0.00987819,0.9987486
0,0.0166668,19.2846640944481,-0.009156927,0.04705057,-0.008151743,0.01679545,0.0460608,0.00987819,0.9987486
0,0.0166666,19.3013306949288,-0.009156927,0.04705057,-0.008151743,0.01679545,0.0460608,0.00987819,0.9987486
0,0.0166669,19.3179975952953,-0.009156927,0.04705057,-0.008151743,0.01679545,0.0460608,0.00987819,0.9987486
0,0.016667,19.334664594382,-0.009156927,0.04705057,-0.008151743,0.01679545,0.0460608,0.00987819,0.9987486
0,0.0166668,19.3513313941658,-0.009156927,0.04705057,-0.008151743,0.01679545,0.0460608,0.00987819,0.9987486
0,0.016667,19.3679983932525,-0.009156927,0.04705057,-0.008151743,0.01679545,0.0460608,0.00987819,0.9987486
0,0.0166672,19.3846655935049,-0.009156927,0.04705057,-0.008151743,0.01679545,0.0460608,0.00987819,0.9987486
0,0.0166669,19.4013324938715,-0.009156927,0.04705057,-0.008151743,0.01679545,0.0460608,0.00987819,0.9987486
0,0.0166674,19.4179998934269,-0.009156927,0.04705057,-0.008151743,0.01679545,0.0460608,0.00987819,0.9987486
0,0.0166662,19.4346660934389,-0.009156927,0.04705057,-0.008151743,0.01679545,0.0460608,0.00987819,0.9987486
0,0.016667,19.4513330925256,-0.009156927,0.04705057,-0.008151743,0.01679545,0.0460608,0.00987819,0.9987486
0,0.0166666,19.4679996930063,-0.009156927,0.04705057,-0.008151743,0.01679545,0.0460608,0.00987819,0.9987486
0,0.0166669,19.4846665933728,-0.009156927,0.04705057,-0.008151743,0.01679545,0.0460608,0.00987819,0.9987486
0,0.016667,19.5013335924596,-0.009156927,0.04705057,-0.008151743,0.01679545,0.0460608,0.00987819,0.9987486
0,0.016667,19.5180005915463,-0.009156927,0.04705057,-0.008151743,0.01679545,0.0460608,0.00987819,0.9987486
0,0.0166666,19.534667192027,-0.009156927,0.04705057,-0.008151743,0.01679545,0.0460608,0.00987819,0.9987486
0,0.0166675,19.5513346921653,-0.009156927,0.04705057,-0.008151743,0.01679545,0.0460608,0.00987819,0.9987486
0,0.0166669,19.5680015925318,-0.009156927,0.04705057,-0.008151743,0.01679545,0.0460608,0.00987819,0.9987486
0,0.016667,19.5846685916185,-0.009156927,0.04705057,-0.008151743,0.01679545,0.0460608,0.00987819,0.9987486
0,0.0166667,19.6013352908194,-0.009156927,0.04705057,-0.008151743,0.01679545,0.0460608,0.00987819,0.9987486
0,0.0166674,19.6180026903749,-0.009156927,0.04705057,-0.008151743,0.01679545,0.0460608,0.00987819,0.9987486
0,0.0166664,19.6346690896899,-0.009156927,0.04705057,-0.008151743,0.01679545,0.0460608,0.00987819,0.9987486
0,0.0166668,19.6513358894736,-0.009156927,0.04705057,-0.008151743,0.01679545,0.0460608,0.00987819,0.9987486
0,0.0166668,19.6680026892573,-0.009156927,0.04705057,-0.008151743,0.01679545,0.0460608,0.00987819,0.9987486
0,0.016667,19.684669688344,-0.009156927,0.04705057,-0.008151743,0.01679545,0.0460608,0.00987819,0.9987486
0,0.0166667,19.7013363875449,-0.009156927,0.04705057,-0.008151743,0.01679545,0.0460608,0.00987819,0.9987486
0,0.0166671,19.7180034872144,-0.009156927,0.04705057,-0.008151743,0.01679545,0.0460608,0.00987819,0.9987486
0,0.0166674,19.7346708867699,-0.009156927,0.04705057,-0.008151743,0.01679545,0.0460608,0.00987819,0.9987486
0,0.0166668,19.7513376865536,-0.009156927,0.04705057,-0.008151743,0.01679545,0.0460608,0.00987819,0.9987486
0,0.0166666,19.7680042870343,-0.009156927,0.04705057,-0.008151743,0.01679545,0.0460608,0.00987819,0.9987486
0,0.016667,19.784671286121,-0.009156927,0.04705057,-0.008151743,0.01679545,0.0460608,0.00987819,0.9987486
0,0.0167755,19.8014467861503,-0.009156927,0.04705057,-0.008151743,0.01679545,0.0460608,0.00987819,0.9987486
0,0.016667,19.8181137852371,-0.009156927,0.04705057,-0.008151743,0.01679545,0.0460608,0.00987819,0.9987486
0,0.0166671,19.8347808849067,-0.009156927,0.04705057,-0.008151743,0.01679545,0.0460608,0.00987819,0.9987486
0,0.0166667,19.8514475841075,-0.009156927,0.04705057,-0.008151743,0.01679545,0.0460608,0.00987819,0.9987486
0,0.0166668,19.8681143838912,-0.009156927,0.04705057,-0.008151743,0.01679545,0.0460608,0.00987819,0.9987486
0,0.016667,19.884781382978,-0.009156927,0.04705057,-0.008151743,0.01679545,0.0460608,0.00987819,0.9987486
0,0.0166671,19.9014484826475,-0.009156927,0.04705057,-0.008151743,0.01679545,0.0460608,0.00987819,0.9987486
0,0.0166667,19.9181151818484,-0.009156927,0.04705057,-0.008151743,0.01679545,0.0460608,0.00987819,0.9987486
0,0.0166673,19.9347824826837,-0.009156927,0.04705057,-0.008151743,0.01679545,0.0460608,0.00987819,0.9987486
0,0.0166672,19.9514496829361,-0.009156927,0.04705057,-0.008151743,0.01679545,0.0460608,0.00987819,0.9987486
0,0.0166667,19.9681163821369,-0.009156927,0.04705057,-0.008151743,0.01679545,0.0460608,0.00987819,0.9987486
0,0.0166665,19.9847828820348,-0.009156927,0.04705057,-0.008151743,0.01679545,0.0460608,0.00987819,0.9987486
0,0.0166669,20.0014497824013,-0.009156927,0.04705057,-0.008151743,0.01679545,0.0460608,0.00987819,0.9987486
0,0.0166672,20.0181169826537,-0.009156927,0.04705057,-0.008151743,0.01679545,0.0460608,0.00987819,0.9987486
0,0.0166668,20.0347837824374,-0.009156927,0.04705057,-0.008151743,0.01679545,0.0460608,0.00987819,0.9987486
0,0.0166671,20.051450882107,-0.009156927,0.04705057,-0.008151743,0.01679545,0.0460608,0.00987819,0.9987486
0,0.0166669,20.0681177824736,-0.009156927,0.04705057,-0.008151743,0.01679545,0.0460608,0.00987819,0.9987486
0,0.016667,20.0847847815603,-0.009156927,0.04705057,-0.008151743,0.01679545,0.0460608,0.00987819,0.9987486
0,0.0166667,20.1014514807612,-0.009156927,0.04705057,-0.008151743,0.01679545,0.0460608,0.00987819,0.9987486
0,0.016667,20.1181184798479,-0.009156927,0.04705057,-0.008151743,0.01679545,0.0460608,0.00987819,0.9987486
0,0.0166671,20.1347855795175,-0.009156927,0.04705057,-0.008151743,0.01679545,0.0460608,0.00987819,0.9987486
0,0.0166665,20.1514520794153,-0.009156927,0.04705057,-0.008151743,0.01679545,0.0460608,0.00987819,0.9987486
0,0.0166672,20.1681192796677,-0.009156927,0.04705057,-0.008151743,0.01679545,0.0460608,0.00987819,0.9987486
0,0.0166665,20.1847857795656,-0.009156927,0.04705057,-0.008151743,0.01679545,0.0460608,0.00987819,0.9987486
0,0.0166669,20.2014526799321,-0.009156927,0.04705057,-0.008151743,0.01679545,0.0460608,0.00987819,0.9987486
0,0.0166668,20.2181194797158,-0.009156927,0.04705057,-0.008151743,0.01679545,0.0460608,0.00987819,0.9987486
0,0.0166674,20.2347868792713,-0.009156927,0.04705057,-0.008151743,0.01679545,0.0460608,0.00987819,0.9987486
0,0.0166671,20.2514539789408,-0.009156927,0.04705057,-0.008151743,0.01679545,0.0460608,0.00987819,0.9987486
0,0.0166672,20.2681211791933,-0.009156927,0.04705057,-0.008151743,0.01679545,0.0460608,0.00987819,0.9987486
0,0.0166664,20.2847875785083,-0.009156927,0.04705057,-0.008151743,0.01679545,0.0460608,0.00987819,0.9987486
0,0.0166672,20.3014547787607,-0.009156927,0.04705057,-0.008151743,0.01679545,0.0460608,0.00987819,0.9987486
0,0.016667,20.3181217778474,-0.009156927,0.04705057,-0.008151743,0.01679545,0.0460608,0.00987819,0.9987486
0,0.0166667,20.3347884770483,-0.009156927,0.04705057,-0.008151743,0.01679545,0.0460608,0.00987819,0.9987486
0,0.0166668,20.351455276832,-0.009156927,0.04705057,-0.008151743,0.01679545,0.0460608,0.00987819,0.9987486
0,0.0166674,20.3681226763874,-0.009156927,0.04705057,-0.008151743,0.01679545,0.0460608,0.00987819,0.9987486
0,0.0166666,20.3847892768681,-0.009156927,0.04705057,-0.008151743,0.01679545,0.0460608,0.00987819,0.9987486
0,0.0166666,20.4014558773488,-0.009156927,0.04705057,-0.008151743,0.01679545,0.0460608,0.00987819,0.9987486
0,0.0166805,20.4181363768876,-0.009156927,0.04705057,-0.008151743,0.01679545,0.0460608,0.00987819,0.9987486
0,0.0166663,20.4348026774824,-0.009156927,0.04705057,-0.008151743,0.01679545,0.0460608,0.00987819,0.9987486
0,0.0166669,20.4514695778489,-0.009156927,0.04705057,-0.008151743,0.01679545,0.0460608,0.00987819,0.9987486
0,0.0166669,20.4681364782155,-0.009156927,0.04705057,-0.008151743,0.01679545,0.0460608,0.00987819,0.9987486
0,0.0166668,20.4848032779992,-0.009156927,0.04705057,-0.008151743,0.01679545,0.0460608,0.00987819,0.9987486
0,0.016667,20.5014702770859,-0.009156927,0.04705057,-0.008151743,0.01679545,0.0460608,0.00987819,0.9987486
0,0.0166673,20.5181375779212,-0.009156927,0.04705057,-0.008151743,0.01679545,0.0460608,0.00987819,0.9987486
0,0.016667,20.5348045770079,-0.009156927,0.04705057,-0.008151743,0.01679545,0.0460608,0.00987819,0.9987486
0,0.0166669,20.5514714773744,-0.009156927,0.04705057,-0.008151743,0.01679545,0.0460608,0.00987819,0.9987486
0,0.016667,20.5681384764612,-0.009156927,0.04705057,-0.008151743,0.01679545,0.0460608,0.00987819,0.9987486
0,0.0166672,20.5848056767136,-0.009156927,0.04705057,-0.008151743,0.01679545,0.0460608,0.00987819,0.9987486
0,0.0166666,20.6014722771943,-0.009156927,0.04705057,-0.008151743,0.01679545,0.0460608,0.00987819,0.9987486
0,0.0166668,20.618139076978,-0.009156927,0.04705057,-0.008151743,0.01679545,0.0460608,0.00987819,0.9987486
0,0.0166668,20.6348058767617,-0.009156927,0.04705057,-0.008151743,0.01679545,0.0460608,0.00987819,0.9987486
0,0.016667,20.6514728758484,-0.009156927,0.04705057,-0.008151743,0.01679545,0.0460608,0.00987819,0.9987486
0,0.0166669,20.668139776215,-0.009156927,0.04705057,-0.008151743,0.01679545,0.0460608,0.00987819,0.9987486
0,0.0166669,20.6848066765815,-0.009156927,0.04705057,-0.008151743,0.01679545,0.0460608,0.00987819,0.9987486
0,0.0166676,20.7014742773026,-0.009156927,0.04705057,-0.008151743,0.01679545,0.0460608,0.00987819,0.9987486
0,0.0166667,20.7181409765035,-0.009156927,0.04705057,-0.008151743,0.01679545,0.0460608,0.00987819,0.9987486
0,0.016667,20.7348079755902,-0.009156927,0.04705057,-0.008151743,0.01679545,0.0460608,0.00987819,0.9987486
0,0.0166667,20.7514746747911,-0.009156927,0.04705057,-0.008151743,0.01679545,0.0460608,0.00987819,0.9987486
0,0.0166672,20.7681418750435,-0.009156927,0.04705057,-0.008151743,0.01679545,0.0460608,0.00987819,0.9987486
0,0.0166669,20.7848087754101,-0.009156927,0.04705057,-0.008151743,0.01679545,0.0460608,0.00987819,0.9987486
0,0.0166674,20.8014761749655,-0.009156927,0.04705057,-0.008151743,0.01679545,0.0460608,0.00987819,0.9987486
0,0.0166664,20.8181425742805,-0.009156927,0.04705057,-0.008151743,0.01679545,0.0460608,0.00987819,0.9987486
0,0.0166666,20.8348091747612,-0.009156927,0.04705057,-0.008151743,0.01679545,0.0460608,0.00987819,0.9987486
0,0.0166673,20.8514764755964,-0.009156927,0.04705057,-0.008151743,0.01679545,0.0460608,0.00987819,0.9987486
0,0.016667,20.8681434746832,-0.009156927,0.04705057,-0.008151743,0.01679545,0.0460608,0.00987819,0.9987486
0,0.016667,20.8848104737699,-0.009156927,0.04705057,-0.008151743,0.01679545,0.0460608,0.00987819,0.9987486
0,0.0166672,20.9014776740223,-0.009156927,0.04705057,-0.008151743,0.01679545,0.0460608,0.00987819,0.9987486
0,0.0166679,20.9181455746293,-0.009156927,0.04705057,-0.008151743,0.01679545,0.0460608,0.00987819,0.9987486
0,0.016666,20.9348115753382,-0.009156927,0.04705057,-0.008151743,0.01679545,0.0460608,0.00987819,0.9987486
0,0.0166668,20.951478375122,-0.009156927,0.04705057,-0.008151743,0.01679545,0.0460608,0.00987819,0.9987486
0,0.0166669,20.9681452754885,-0.009156927,0.04705057,-0.008151743,0.01679545,0.0460608,0.00987819,0.9987486
0,0.0166666,20.9848118759692,-0.009156927,0.04705057,-0.008151743,0.01679545,0.0460608,0.00987819,0.9987486
0,0.0166668,21.0014786757529,-0.009156927,0.04705057,-0.008151743,0.01679545,0.0460608,0.00987819,0.9987486
0,0.0166674,21.0181460753083,-0.009156927,0.04705057,-0.008151743,0.01679545,0.0460608,0.00987819,0.9987486
0,0.0166666,21.034812675789,-0.009156927,0.04705057,-0.008151743,0.01679545,0.0460608,0.00987819,0.9987486
0,0.0166667,21.0514793749899,-0.009156927,0.04705057,-0.008151743,0.01679545,0.0460608,0.00987819,0.9987486
0,0.0166672,21.0681465752423,-0.009156927,0.04705057,-0.008151743,0.01679545,0.0460608,0.00987819,0.9987486
0,0.0166669,21.0848134756088,-0.009156927,0.04705057,-0.008151743,0.01679545,0.0460608,0.00987819,0.9987486
0,0.0166664,21.1014798749238,-0.009156927,0.04705057,-0.008151743,0.01679545,0.0460608,0.00987819,0.9987486
0,0.0166678,21.118147674948,-0.009156927,0.04705057,-0.008151743,0.01679545,0.0460608,0.00987819,0.9987486
0,0.0166665,21.1348141748458,-0.009156927,0.04705057,-0.008151743,0.01679545,0.0460608,0.00987819,0.9987486
0,0.0166675,21.1514816749841,-0.009156927,0.04705057,-0.008151743,0.01679545,0.0460608,0.00987819,0.9987486
0,0.016666,21.168147675693,-0.009156927,0.04705057,-0.008151743,0.01679545,0.0460608,0.00987819,0.9987486
0,0.0166671,21.1848147753626,-0.009156927,0.04705057,-0.008151743,0.01679545,0.0460608,0.00987819,0.9987486
0,0.0166667,21.2014814745635,-0.009156927,0.04705057,-0.008151743,0.01679545,0.0460608,0.00987819,0.9987486
0,0.0166671,21.2181485742331,-0.009156927,0.04705057,-0.008151743,0.01679545,0.0460608,0.00987819,0.9987486
0,0.0166674,21.2348159737885,-0.009156927,0.04705057,-0.008151743,0.01679545,0.0460608,0.00987819,0.9987486
0,0.0166669,21.251482874155,-0.009156927,0.04705057,-0.008151743,0.01679545,0.0460608,0.00987819,0.9987486
0,0.0166663,21.2681491747499,-0.009156927,0.04705057,-0.008151743,0.01679545,0.0460608,0.00987819,0.9987486
0,0.0166671,21.2848162744194,-0.009156927,0.04705057,-0.008151743,0.01679545,0.0460608,0.00987819,0.9987486
0,0.0166673,21.3014835752547,-0.009156927,0.04705057,-0.008151743,0.01679545,0.0460608,0.00987819,0.9987486
0,0.0166672,21.3181507755071,-0.009156927,0.04705057,-0.008151743,0.01679545,0.0460608,0.00987819,0.9987486
0,0.0166668,21.3348175752908,-0.009156927,0.04705057,-0.008151743,0.01679545,0.0460608,0.00987819,0.9987486
0,0.0166666,21.3514841757715,-0.009156927,0.04705057,-0.008151743,0.01679545,0.0460608,0.00987819,0.9987486
0,0.0166667,21.3681508749723,-0.009156927,0.04705057,-0.008151743,0.01679545,0.0460608,0.00987819,0.9987486
0,0.0166669,21.3848177753389,-0.009156927,0.04705057,-0.008151743,0.01679545,0.0460608,0.00987819,0.9987486
0,0.0166669,21.4014846757054,-0.009156927,0.04705057,-0.008151743,0.01679545,0.0460608,0.00987819,0.9987486
0,0.0166672,21.4181518759578,-0.009156927,0.04705057,-0.008151743,0.01679545,0.0460608,0.00987819,0.9987486
0,0.0166672,21.4348190762103,-0.009156927,0.04705057,-0.008151743,0.01679545,0.0460608,0.00987819,0.9987486
0,0.0166663,21.4514853768051,-0.009156927,0.04705057,-0.008151743,0.01679545,0.0460608,0.00987819,0.9987486
0,0.0166672,21.4681525770575,-0.009156927,0.04705057,-0.008151743,0.01679545,0.0460608,0.00987819,0.9987486
0,0.0166667,21.4848192762583,-0.009156927,0.04705057,-0.008151743,0.01679545,0.0460608,0.00987819,0.9987486
0,0.0166668,21.5014860760421,-0.009156927,0.04705057,-0.008151743,0.01679545,0.0460608,0.00987819,0.9987486
0,0.016667,21.5181530751288,-0.009156927,0.04705057,-0.008151743,0.01679545,0.0460608,0.00987819,0.9987486
0,0.0166671,21.5348201747984,-0.009156927,0.04705057,-0.008151743,0.01679545,0.0460608,0.00987819,0.9987486
0,0.0166665,21.5514866746962,-0.009156927,0.04705057,-0.008151743,0.01679545,0.0460608,0.00987819,0.9987486
0,0.0166673,21.5681539755315,-0.009156927,0.04705057,-0.008151743,0.01679545,0.0460608,0.00987819,0.9987486
0,0.016667,21.5848209746182,-0.009156927,0.04705057,-0.008151743,0.01679545,0.0460608,0.00987819,0.9987486
0,0.016667,21.6014879737049,-0.009156927,0.04705057,-0.008151743,0.01679545,0.0460608,0.00987819,0.9987486
0,0.016667,21.6181549727917,-0.009156927,0.04705057,-0.008151743,0.01679545,0.0460608,0.00987819,0.9987486
0,0.0166668,21.6348217725754,-0.009156927,0.04705057,-0.008151743,0.01679545,0.0460608,0.00987819,0.9987486
0,0.016667,21.6514887716621,-0.009156927,0.04705057,-0.008151743,0.01679545,0.0460608,0.00987819,0.9987486
0,0.0166666,21.6681553721428,-0.009156927,0.04705057,-0.008151743,0.01679545,0.0460608,0.00987819,0.9987486
0,0.0166679,21.6848232727498,-0.009156927,0.04705057,-0.008151743,0.01679545,0.0460608,0.00987819,0.9987486
0,0.0166661,21.7014893721789,-0.009156927,0.04705057,-0.008151743,0.01679545,0.0460608,0.00987819,0.9987486
0,0.016667,21.7181563712657,-0.009156927,0.04705057,-0.008151743,0.01679545,0.0460608,0.00987819,0.9987486
0,0.0166668,21.7348231710494,-0.009156927,0.04705057,-0.008151743,0.01679545,0.0460608,0.00987819,0.9987486
0,0.016668,21.7514911703765,-0.009156927,0.04705057,-0.008151743,0.01679545,0.0460608,0.00987819,0.9987486
0,0.0166663,21.7681574709713,-0.009156927,0.04705057,-0.008151743,0.01679545,0.0460608,0.00987819,0.9987486
0,0.0166667,21.7848241701722,-0.009156927,0.04705057,-0.008151743,0.01679545,0.0460608,0.00987819,0.9987486
0,0.0166669,21.8014910705388,-0.009156927,0.04705057,-0.008151743,0.01679545,0.0460608,0.00987819,0.9987486
0,0.0166671,21.8181581702083,-0.009156927,0.04705057,-0.008151743,0.01679545,0.0460608,0.00987819,0.9987486
0,0.0166668,21.834824969992,-0.009156927,0.04705057,-0.008151743,0.01679545,0.0460608,0.00987819,0.9987486
0,0.0166668,21.8514917697757,-0.009156927,0.04705057,-0.008151743,0.01679545,0.0460608,0.00987819,0.9987486
0,0.0166672,21.8681589700282,-0.009156927,0.04705057,-0.008151743,0.01679545,0.0460608,0.00987819,0.9987486
0,0.016668,21.8848269693553,-0.009156927,0.04705057,-0.008151743,0.01679545,0.0460608,0.00987819,0.9987486
0,0.0166655,21.9014924690127,-0.009156927,0.04705057,-0.008151743,0.01679545,0.0460608,0.00987819,0.9987486
0,0.0166688,21.9181612692773,-0.009156927,0.04705057,-0.008151743,0.01679545,0.0460608,0.00987819,0.9987486
0,0.016665,21.9348262697458,-0.009156927,0.04705057,-0.008151743,0.01679545,0.0460608,0.00987819,0.9987486
0,0.0166672,21.9514934699982,-0.009156927,0.04705057,-0.008151743,0.01679545,0.0460608,0.00987819,0.9987486
0,0.0166669,21.9681603703648,-0.009156927,0.04705057,-0.008151743,0.01679545,0.0460608,0.00987819,0.9987486
0,0.0166682,21.9848285708576,-0.009156927,0.04705057,-0.008151743,0.01679545,0.0460608,0.00987819,0.9987486
0,0.0166659,22.0014944709837,-0.009156927,0.04705057,-0.008151743,0.01679545,0.0460608,0.00987819,0.9987486
0,0.0166672,22.0181616712362,-0.009156927,0.04705057,-0.008151743,0.01679545,0.0460608,0.00987819,0.9987486
0,0.0166664,22.0348280705512,-0.009156927,0.04705057,-0.008151743,0.01679545,0.0460608,0.00987819,0.9987486
0,0.0166668,22.0514948703349,-0.009156927,0.04705057,-0.008151743,0.01679545,0.0460608,0.00987819,0.9987486
0,0.016667,22.0681618694216,-0.009156927,0.04705057,-0.008151743,0.01679545,0.0460608,0.00987819,0.9987486
0,0.0166672,22.084829069674,-0.009156927,0.04705057,-0.008151743,0.01679545,0.0460608,0.00987819,0.9987486
0,0.0166666,22.1014956701547,-0.009156927,0.04705057,-0.008151743,0.01679545,0.0460608,0.00987819,0.9987486
0,0.0166677,22.118163369596,-0.009156927,0.04705057,-0.008151743,0.01679545,0.0460608,0.00987819,0.9987486
0,0.0166662,22.134829569608,-0.009156927,0.04705057,-0.008151743,0.01679545,0.0460608,0.00987819,0.9987486
0,0.0166666,22.1514961700886,-0.009156927,0.04705057,-0.008151743,0.01679545,0.0460608,0.00987819,0.9987486
0,0.0166673,22.1681634709239,-0.009156927,0.04705057,-0.008151743,0.01679545,0.0460608,0.00987819,0.9987486
0,0.0166669,22.1848303712904,-0.009156927,0.04705057,-0.008151743,0.01679545,0.0460608,0.00987819,0.9987486
0,0.0166669,22.201497271657,-0.009156927,0.04705057,-0.008151743,0.01679545,0.0460608,0.00987819,0.9987486
0,0.0166668,22.2181640714407,-0.009156927,0.04705057,-0.008151743,0.01679545,0.0460608,0.00987819,0.9987486
0,0.016702,22.2348660714924,-0.009156927,0.04705057,-0.008151743,0.01679545,0.0460608,0.00987819,0.9987486
0,0.016667,22.2515330705792,-0.009156927,0.04705057,-0.008151743,0.01679545,0.0460608,0.00987819,0.9987486
0,0.016667,22.2682000696659,-0.009156927,0.04705057,-0.008151743,0.01679545,0.0460608,0.00987819,0.9987486
0,0.0166666,22.2848666701466,-0.009156927,0.04705057,-0.008151743,0.01679545,0.0460608,0.00987819,0.9987486
0,0.0166671,22.3015337698162,-0.009156927,0.04705057,-0.008151743,0.01679545,0.0460608,0.00987819,0.9987486
0,0.016668,22.3182017691433,-0.009156927,0.04705057,-0.008151743,0.01679545,0.0460608,0.00987819,0.9987486
0,0.0166656,22.3348673693836,-0.009156927,0.04705057,-0.008151743,0.01679545,0.0460608,0.00987819,0.9987486
0,0.016667,22.3515343684703,-0.009156927,0.04705057,-0.008151743,0.01679545,0.0460608,0.00987819,0.9987486
0,0.0166668,22.368201168254,-0.009156927,0.04705057,-0.008151743,0.01679545,0.0460608,0.00987819,0.9987486
0,0.0166673,22.3848684690893,-0.009156927,0.04705057,-0.008151743,0.01679545,0.0460608,0.00987819,0.9987486
0,0.0166667,22.4015351682901,-0.009156927,0.04705057,-0.008151743,0.01679545,0.0460608,0.00987819,0.9987486
0,0.016667,22.4182021673769,-0.009156927,0.04705057,-0.008151743,0.01679545,0.0460608,0.00987819,0.9987486
0,0.0166673,22.4348694682121,-0.009156927,0.04705057,-0.008151743,0.01679545,0.0460608,0.00987819,0.9987486
0,0.0166667,22.451536167413,-0.009156927,0.04705057,-0.008151743,0.01679545,0.0460608,0.00987819,0.9987486
0,0.0166667,22.4682028666139,-0.009156927,0.04705057,-0.008151743,0.01679545,0.0460608,0.00987819,0.9987486
0,0.0166677,22.4848705660552,-0.009156927,0.04705057,-0.008151743,0.01679545,0.0460608,0.00987819,0.9987486
0,0.0166663,22.50153686665,-0.009156927,0.04705057,-0.008151743,0.01679545,0.0460608,0.00987819,0.9987486
0,0.0166675,22.5182043667883,-0.009156927,0.04705057,-0.008151743,0.01679545,0.0460608,0.00987819,0.9987486
0,0.0166663,22.5348706673831,-0.009156927,0.04705057,-0.008151743,0.01679545,0.0460608,0.00987819,0.9987486
0,0.0166673,22.5515379682183,-0.009156927,0.04705057,-0.008151743,0.01679545,0.0460608,0.00987819,0.9987486
0,0.016667,22.5682049673051,-0.009156927,0.04705057,-0.008151743,0.01679545,0.0460608,0.00987819,0.9987486
0,0.016667,22.5848719663918,-0.009156927,0.04705057,-0.008151743,0.01679545,0.0460608,0.00987819,0.9987486
0,0.0166667,22.6015386655927,-0.009156927,0.04705057,-0.008151743,0.01679545,0.0460608,0.00987819,0.9987486
0,0.0166674,22.6182060651481,-0.009156927,0.04705057,-0.008151743,0.01679545,0.0460608,0.00987819,0.9987486
0,0.0166669,22.6348729655147,-0.009156927,0.04705057,-0.008151743,0.01679545,0.0460608,0.00987819,0.9987486
0,0.0166664,22.6515393648297,-0.009156927,0.04705057,-0.008151743,0.01679545,0.0460608,0.00987819,0.9987486
0,0.0166669,22.6682062651962,-0.009156927,0.04705057,-0.008151743,0.01679545,0.0460608,0.00987819,0.9987486
0,0.0166669,22.6848731655627,-0.009156927,0.04705057,-0.008151743,0.01679545,0.0460608,0.00987819,0.9987486
0,0.0166669,22.7015400659293,-0.009156927,0.04705057,-0.008151743,0.01679545,0.0460608,0.00987819,0.9987486
0,0.0166683,22.7182083651423,-0.009156927,0.04705057,-0.008151743,0.01679545,0.0460608,0.00987819,0.9987486
0,0.0166662,22.7348745651543,-0.009156927,0.04705057,-0.008151743,0.01679545,0.0460608,0.00987819,0.9987486
0,0.0166669,22.7515414655209,-0.009156927,0.04705057,-0.008151743,0.01679545,0.0460608,0.00987819,0.9987486
0,0.0166669,22.7682083658874,-0.009156927,0.04705057,-0.008151743,0.01679545,0.0460608,0.00987819,0.9987486
0,0.0166668,22.7848751656711,-0.009156927,0.04705057,-0.008151743,0.01679545,0.0460608,0.00987819,0.9987486
0,0.016667,22.8015421647578,-0.009156927,0.04705057,-0.008151743,0.01679545,0.0460608,0.00987819,0.9987486
0,0.016667,22.8182091638446,-0.009156927,0.04705057,-0.008151743,0.01679545,0.0460608,0.00987819,0.9987486
0,0.0166665,22.8348756637424,-0.009156927,0.04705057,-0.008151743,0.01679545,0.0460608,0.00987819,0.9987486
0,0.0166669,22.851542564109,-0.009156927,0.04705057,-0.008151743,0.01679545,0.0460608,0.00987819,0.9987486
0,0.0166669,22.8682094644755,-0.009156927,0.04705057,-0.008151743,0.01679545,0.0460608,0.00987819,0.9987486
0,0.0166669,22.8848763648421,-0.009156927,0.04705057,-0.008151743,0.01679545,0.0460608,0.00987819,0.9987486
0,0.016667,22.9015433639288,-0.009156927,0.04705057,-0.008151743,0.01679545,0.0460608,0.00987819,0.9987486
0,0.0166675,22.9182108640671,-0.009156927,0.04705057,-0.008151743,0.01679545,0.0460608,0.00987819,0.9987486
0,0.0166667,22.9348775632679,-0.009156927,0.04705057,-0.008151743,0.01679545,0.0460608,0.00987819,0.9987486
0,0.0166669,22.9515444636345,-0.009156927,0.04705057,-0.008151743,0.01679545,0.0460608,0.00987819,0.9987486
0,0.0166676,22.9682120643556,-0.009156927,0.04705057,-0.008151743,0.01679545,0.0460608,0.00987819,0.9987486
0,0.0166662,22.9848782643676,-0.009156927,0.04705057,-0.008151743,0.01679545,0.0460608,0.00987819,0.9987486
0,0.0166668,23.0015450641513,-0.009156927,0.04705057,-0.008151743,0.01679545,0.0460608,0.00987819,0.9987486
0,0.0166671,23.0182121638209,-0.009156927,0.04705057,-0.008151743,0.01679545,0.0460608,0.00987819,0.9987486
0,0.0166671,23.0348792634904,-0.009156927,0.04705057,-0.008151743,0.01679545,0.0460608,0.00987819,0.9987486
0,0.0166669,23.051546163857,-0.009156927,0.04705057,-0.008151743,0.01679545,0.0460608,0.00987819,0.9987486
0,0.0166667,23.0682128630579,-0.009156927,0.04705057,-0.008151743,0.01679545,0.0460608,0.00987819,0.9987486
0,0.0166679,23.0848807636648,-0.009156927,0.04705057,-0.008151743,0.01679545,0.0460608,0.00987819,0.9987486
0,0.0166662,23.1015469636768,-0.009156927,0.04705057,-0.008151743,0.01679545,0.0460608,0.00987819,0.9987486
0,0.0166669,23.1182138640434,-0.009156927,0.04705057,-0.008151743,0.01679545,0.0460608,0.00987819,0.9987486
0,0.0166666,23.134880464524,-0.009156927,0.04705057,-0.008151743,0.01679545,0.0460608,0.00987819,0.9987486
0,0.0166674,23.1515478640795,-0.009156927,0.04705057,-0.008151743,0.01679545,0.0460608,0.00987819,0.9987486
0,0.0166668,23.1682146638632,-0.009156927,0.04705057,-0.008151743,0.01679545,0.0460608,0.00987819,0.9987486
0,0.0166669,23.1848815642297,-0.009156927,0.04705057,-0.008151743,0.01679545,0.0460608,0.00987819,0.9987486
0,0.0166667,23.2015482634306,-0.009156927,0.04705057,-0.008151743,0.01679545,0.0460608,0.00987819,0.9987486
0,0.0166669,23.2182151637971,-0.009156927,0.04705057,-0.008151743,0.01679545,0.0460608,0.00987819,0.9987486
0,0.0166669,23.2348820641637,-0.009156927,0.04705057,-0.008151743,0.01679545,0.0460608,0.00987819,0.9987486
0,0.0166669,23.2515489645302,-0.009156927,0.04705057,-0.008151743,0.01679545,0.0460608,0.00987819,0.9987486
0,0.0166674,23.2682163640857,-0.009156927,0.04705057,-0.008151743,0.01679545,0.0460608,0.00987819,0.9987486
0,0.0166669,23.2848832644522,-0.009156927,0.04705057,-0.008151743,0.01679545,0.0460608,0.00987819,0.9987486
0,0.0166793,23.3015625644475,-0.009156927,0.04705057,-0.008151743,0.01679545,0.0460608,0.00987819,0.9987486
0,0.0166669,23.3182294648141,-0.009156927,0.04705057,-0.008151743,0.01679545,0.0460608,0.00987819,0.9987486
0,0.0166669,23.3348963651806,-0.009156927,0.04705057,-0.008151743,0.01679545,0.0460608,0.00987819,0.9987486
0,0.0166668,23.3515631649643,-0.009156927,0.04705057,-0.008151743,0.01679545,0.0460608,0.00987819,0.9987486
0,0.0166674,23.3682305645198,-0.009156927,0.04705057,-0.008151743,0.01679545,0.0460608,0.00987819,0.9987486
0,0.016667,23.3848975636065,-0.009156927,0.04705057,-0.008151743,0.01679545,0.0460608,0.00987819,0.9987486
0,0.0178785,23.4027760643512,-0.009156927,0.04705057,-0.008151743,0.01679545,0.0460608,0.00987819,0.9987486
0,0.0166672,23.4194432646036,-0.009156927,0.04705057,-0.008151743,0.01679545,0.0460608,0.00987819,0.9987486
0,0.0166665,23.4361097645015,-0.009156927,0.04705057,-0.008151743,0.01679545,0.0460608,0.00987819,0.9987486
0,0.0166672,23.4527769647539,-0.009156927,0.04705057,-0.008151743,0.01679545,0.0460608,0.00987819,0.9987486
0,0.0166669,23.4694438651204,-0.009156927,0.04705057,-0.008151743,0.01679545,0.0460608,0.00987819,0.9987486
0,0.0166672,23.4861110653728,-0.009156927,0.04705057,-0.008151743,0.01679545,0.0460608,0.00987819,0.9987486
0,0.0166667,23.5027777645737,-0.009156927,0.04705057,-0.008151743,0.01679545,0.0460608,0.00987819,0.9987486
0,0.0166668,23.5194445643574,-0.009156927,0.04705057,-0.008151743,0.01679545,0.0460608,0.00987819,0.9987486
0,0.0166667,23.5361112635583,-0.009156927,0.04705057,-0.008151743,0.01679545,0.0460608,0.00987819,0.9987486
0,0.0166668,23.552778063342,-0.009156927,0.04705057,-0.008151743,0.01679545,0.0460608,0.00987819,0.9987486
0,0.0166669,23.5694449637085,-0.009156927,0.04705057,-0.008151743,0.01679545,0.0460608,0.00987819,0.9987486
0,0.0166672,23.5861121639609,-0.009156927,0.04705057,-0.008151743,0.01679545,0.0460608,0.00987819,0.9987486
0,0.016667,23.6027791630477,-0.009156927,0.04705057,-0.008151743,0.01679545,0.0460608,0.00987819,0.9987486
0,0.0166669,23.6194460634142,-0.009156927,0.04705057,-0.008151743,0.01679545,0.0460608,0.00987819,0.9987486
0,0.0166668,23.6361128631979,-0.009156927,0.04705057,-0.008151743,0.01679545,0.0460608,0.00987819,0.9987486
0,0.0166675,23.6527803633362,-0.009156927,0.04705057,-0.008151743,0.01679545,0.0460608,0.00987819,0.9987486
0,0.0166665,23.669446863234,-0.009156927,0.04705057,-0.008151743,0.01679545,0.0460608,0.00987819,0.9987486
0,0.0166676,23.6861144639552,-0.009156927,0.04705057,-0.008151743,0.01679545,0.0460608,0.00987819,0.9987486
0,0.0166666,23.7027810644358,-0.009156927,0.04705057,-0.008151743,0.01679545,0.0460608,0.00987819,0.9987486
0,0.0166667,23.7194477636367,-0.009156927,0.04705057,-0.008151743,0.01679545,0.0460608,0.00987819,0.9987486
0,0.0166667,23.7361144628376,-0.009156927,0.04705057,-0.008151743,0.01679545,0.0460608,0.00987819,0.9987486
0,0.0166669,23.7527813632041,-0.009156927,0.04705057,-0.008151743,0.01679545,0.0460608,0.00987819,0.9987486
0,0.016667,23.7694483622909,-0.009156927,0.04705057,-0.008151743,0.01679545,0.0460608,0.00987819,0.9987486
0,0.0166669,23.7861152626574,-0.009156927,0.04705057,-0.008151743,0.01679545,0.0460608,0.00987819,0.9987486
0,0.0166672,23.8027824629098,-0.009156927,0.04705057,-0.008151743,0.01679545,0.0460608,0.00987819,0.9987486
0,0.0166676,23.8194500636309,-0.009156927,0.04705057,-0.008151743,0.01679545,0.0460608,0.00987819,0.9987486
0,0.016666,23.8361160643399,-0.009156927,0.04705057,-0.008151743,0.01679545,0.0460608,0.00987819,0.9987486
0,0.0166674,23.8527834638953,-0.009156927,0.04705057,-0.008151743,0.01679545,0.0460608,0.00987819,0.9987486
0,0.0166667,23.8694501630962,-0.009156927,0.04705057,-0.008151743,0.01679545,0.0460608,0.00987819,0.9987486
0,0.0166668,23.8861169628799,-0.009156927,0.04705057,-0.008151743,0.01679545,0.0460608,0.00987819,0.9987486
0,0.0166668,23.9027837626636,-0.009156927,0.04705057,-0.008151743,0.01679545,0.0460608,0.00987819,0.9987486
0,0.0166673,23.9194510634989,-0.009156927,0.04705057,-0.008151743,0.01679545,0.0460608,0.00987819,0.9987486
0,0.0166666,23.9361176639795,-0.009156927,0.04705057,-0.008151743,0.01679545,0.0460608,0.00987819,0.9987486
0,0.0166669,23.9527845643461,-0.009156927,0.04705057,-0.008151743,0.01679545,0.0460608,0.00987819,0.9987486
0,0.0166669,23.9694514647126,-0.009156927,0.04705057,-0.008151743,0.01679545,0.0460608,0.00987819,0.9987486
0,0.0166672,23.986118664965,-0.009156927,0.04705057,-0.008151743,0.01679545,0.0460608,0.00987819,0.9987486
0,0.0166669,24.0027855653316,-0.009156927,0.04705057,-0.008151743,0.01679545,0.0460608,0.00987819,0.9987486
0,0.0166673,24.0194528661668,-0.009156927,0.04705057,-0.008151743,0.01679545,0.0460608,0.00987819,0.9987486
0,0.0166666,24.0361194666475,-0.009156927,0.04705057,-0.008151743,0.01679545,0.0460608,0.00987819,0.9987486
0,0.0166666,24.0527860671282,-0.009156927,0.04705057,-0.008151743,0.01679545,0.0460608,0.00987819,0.9987486
0,0.0166668,24.0694528669119,-0.009156927,0.04705057,-0.008151743,0.01679545,0.0460608,0.00987819,0.9987486
0,0.0166669,24.0861197672784,-0.009156927,0.04705057,-0.008151743,0.01679545,0.0460608,0.00987819,0.9987486
0,0.0166669,24.102786667645,-0.009156927,0.04705057,-0.008151743,0.01679545,0.0460608,0.00987819,0.9987486
0,0.0166669,24.1194535680115,-0.009156927,0.04705057,-0.008151743,0.01679545,0.0460608,0.00987819,0.9987486
0,0.0166675,24.1361210681498,-0.009156927,0.04705057,-0.008151743,0.01679545,0.0460608,0.00987819,0.9987486
0,0.0166665,24.1527875680476,-0.009156927,0.04705057,-0.008151743,0.01679545,0.0460608,0.00987819,0.9987486
0,0.0166672,24.1694547683001,-0.009156927,0.04705057,-0.008151743,0.01679545,0.0460608,0.00987819,0.9987486
0,0.0166664,24.1861211676151,-0.009156927,0.04705057,-0.008151743,0.01679545,0.0460608,0.00987819,0.9987486
0,0.0166671,24.2027882672846,-0.009156927,0.04705057,-0.008151743,0.01679545,0.0460608,0.00987819,0.9987486
0,0.016667,24.2194552663714,-0.009156927,0.04705057,-0.008151743,0.01679545,0.0460608,0.00987819,0.9987486
0,0.0166668,24.2361220661551,-0.009156927,0.04705057,-0.008151743,0.01679545,0.0460608,0.00987819,0.9987486
0,0.0166667,24.2527887653559,-0.009156927,0.04705057,-0.008151743,0.01679545,0.0460608,0.00987819,0.9987486
0,0.0166669,24.2694556657225,-0.009156927,0.04705057,-0.008151743,0.01679545,0.0460608,0.00987819,0.9987486
0,0.0166669,24.286122566089,-0.009156927,0.04705057,-0.008151743,0.01679545,0.0460608,0.00987819,0.9987486
0,0.0166669,24.3027894664556,-0.009156927,0.04705057,-0.008151743,0.01679545,0.0460608,0.00987819,0.9987486
0,0.0166684,24.3194578662515,-0.009156927,0.04705057,-0.008151743,0.01679545,0.0460608,0.00987819,0.9987486
0,0.0166669,24.336124766618,-0.009156927,0.04705057,-0.008151743,0.01679545,0.0460608,0.00987819,0.9987486
0,0.0166671,24.3527918662876,-0.009156927,0.04705057,-0.008151743,0.01679545,0.0460608,0.00987819,0.9987486
0,0.0166657,24.3694575671107,-0.009156927,0.04705057,-0.008151743,0.01679545,0.0460608,0.00987819,0.9987486
0,0.0166673,24.3861248679459,-0.009156927,0.04705057,-0.008151743,0.01679545,0.0460608,0.00987819,0.9987486
0,0.0166664,24.4027912672609,-0.009156927,0.04705057,-0.008151743,0.01679545,0.0460608,0.00987819,0.9987486
0,0.016667,24.4194582663476,-0.009156927,0.04705057,-0.008151743,0.01679545,0.0460608,0.00987819,0.9987486
0,0.0166671,24.4361253660172,-0.009156927,0.04705057,-0.008151743,0.01679545,0.0460608,0.00987819,0.9987486
0,0.0166673,24.4527926668525,-0.009156927,0.04705057,-0.008151743,0.01679545,0.0460608,0.00987819,0.9987486
0,0.0166673,24.4694599676877,-0.009156927,0.04705057,-0.008151743,0.01679545,0.0460608,0.00987819,0.9987486
0,0.0166657,24.4861256685108,-0.009156927,0.04705057,-0.008151743,0.01679545,0.0460608,0.00987819,0.9987486
0,0.0166676,24.5027932692319,-0.009156927,0.04705057,-0.008151743,0.01679545,0.0460608,0.00987819,0.9987486
0,0.0166669,24.5194601695985,-0.009156927,0.04705057,-0.008151743,0.01679545,0.0460608,0.00987819,0.9987486
0,0.0166665,24.5361266694963,-0.009156927,0.04705057,-0.008151743,0.01679545,0.0460608,0.00987819,0.9987486
0,0.0166672,24.5527938697487,-0.009156927,0.04705057,-0.008151743,0.01679545,0.0460608,0.00987819,0.9987486
0,0.0166668,24.5694606695324,-0.009156927,0.04705057,-0.008151743,0.01679545,0.0460608,0.00987819,0.9987486
0,0.0166662,24.5861268695444,-0.009156927,0.04705057,-0.008151743,0.01679545,0.0460608,0.00987819,0.9987486
0,0.0166672,24.6027940697968,-0.009156927,0.04705057,-0.008151743,0.01679545,0.0460608,0.00987819,0.9987486
0,0.016667,24.6194610688835,-0.009156927,0.04705057,-0.008151743,0.01679545,0.0460608,0.00987819,0.9987486
0,0.016667,24.6361280679703,-0.009156927,0.04705057,-0.008151743,0.01679545,0.0460608,0.00987819,0.9987486
0,0.0166667,24.6527947671711,-0.009156927,0.04705057,-0.008151743,0.01679545,0.0460608,0.00987819,0.9987486
0,0.0166675,24.6694622673094,-0.009156927,0.04705057,-0.008151743,0.01679545,0.0460608,0.00987819,0.9987486
0,0.0166669,24.686129167676,-0.009156927,0.04705057,-0.008151743,0.01679545,0.0460608,0.00987819,0.9987486
0,0.0166682,24.7027973681688,-0.009156927,0.04705057,-0.008151743,0.01679545,0.0460608,0.00987819,0.9987486
0,0.0166655,24.7194628678262,-0.009156927,0.04705057,-0.008151743,0.01679545,0.0460608,0.00987819,0.9987486
0,0.0166667,24.7361295670271,-0.009156927,0.04705057,-0.008151743,0.01679545,0.0460608,0.00987819,0.9987486
0,0.0166679,24.7527974676341,-0.009156927,0.04705057,-0.008151743,0.01679545,0.0460608,0.00987819,0.9987486
0,0.016667,24.7694644667208,-0.009156927,0.04705057,-0.008151743,0.01679545,0.0460608,0.00987819,0.9987486
0,0.0166667,24.7861311659217,-0.009156927,0.04705057,-0.008151743,0.01679545,0.0460608,0.00987819,0.9987486
0,0.0166668,24.8027979657054,-0.009156927,0.04705057,-0.008151743,0.01679545,0.0460608,0.00987819,0.9987486
0,0.0166669,24.8194648660719,-0.009156927,0.04705057,-0.008151743,0.01679545,0.0460608,0.00987819,0.9987486
0,0.016667,24.8361318651587,-0.009156927,0.04705057,-0.008151743,0.01679545,0.0460608,0.00987819,0.9987486
0,0.016667,24.8527988642454,-0.009156927,0.04705057,-0.008151743,0.01679545,0.0460608,0.00987819,0.9987486
0,0.0166671,24.869465963915,-0.009156927,0.04705057,-0.008151743,0.01679545,0.0460608,0.00987819,0.9987486
0,0.0166671,24.8861330635846,-0.009156927,0.04705057,-0.008151743,0.01679545,0.0460608,0.00987819,0.9987486
0,0.0166665,24.9027995634824,-0.009156927,0.04705057,-0.008151743,0.01679545,0.0460608,0.00987819,0.9987486
0,0.0166672,24.9194667637348,-0.009156927,0.04705057,-0.008151743,0.01679545,0.0460608,0.00987819,0.9987486
0,0.0166666,24.9361333642155,-0.009156927,0.04705057,-0.008151743,0.01679545,0.0460608,0.00987819,0.9987486
0,0.0166668,24.9528001639992,-0.009156927,0.04705057,-0.008151743,0.01679545,0.0460608,0.00987819,0.9987486
0,0.016667,24.9694671630859,-0.009156927,0.04705057,-0.008151743,0.01679545,0.0460608,0.00987819,0.9987486
0,0.0166676,24.9861347638071,-0.009156927,0.04705057,-0.008151743,0.01679545,0.0460608,0.00987819,0.9987486
0,0.0166661,25.0028008632362,-0.009156927,0.04705057,-0.008151743,0.01679545,0.0460608,0.00987819,0.9987486
0,0.0166669,25.0194677636027,-0.009156927,0.04705057,-0.008151743,0.01679545,0.0460608,0.00987819,0.9987486
0,0.0166672,25.0361349638551,-0.009156927,0.04705057,-0.008151743,0.01679545,0.0460608,0.00987819,0.9987486
0,0.0166672,25.0528021641076,-0.009156927,0.04705057,-0.008151743,0.01679545,0.0460608,0.00987819,0.9987486
0,0.0166665,25.0694686640054,-0.009156927,0.04705057,-0.008151743,0.01679545,0.0460608,0.00987819,0.9987486
0,0.0166675,25.0861361641437,-0.009156927,0.04705057,-0.008151743,0.01679545,0.0460608,0.00987819,0.9987486
0,0.0166667,25.1028028633446,-0.009156927,0.04705057,-0.008151743,0.01679545,0.0460608,0.00987819,0.9987486
0,0.0166666,25.1194694638252,-0.009156927,0.04705057,-0.008151743,0.01679545,0.0460608,0.00987819,0.9987486
0,0.0166669,25.1361363641918,-0.009156927,0.04705057,-0.008151743,0.01679545,0.0460608,0.00987819,0.9987486
0,0.0166668,25.1528031639755,-0.009156927,0.04705057,-0.008151743,0.01679545,0.0460608,0.00987819,0.9987486
0,0.016667,25.1694701630622,-0.009156927,0.04705057,-0.008151743,0.01679545,0.0460608,0.00987819,0.9987486
0,0.016667,25.186137162149,-0.009156927,0.04705057,-0.008151743,0.01679545,0.0460608,0.00987819,0.9987486
0,0.0166672,25.2028043624014,-0.009156927,0.04705057,-0.008151743,0.01679545,0.0460608,0.00987819,0.9987486
0,0.0166668,25.2194711621851,-0.009156927,0.04705057,-0.008151743,0.01679545,0.0460608,0.00987819,0.9987486
0,0.0166673,25.2361384630203,-0.009156927,0.04705057,-0.008151743,0.01679545,0.0460608,0.00987819,0.9987486
0,0.0166664,25.2528048623353,-0.009156927,0.04705057,-0.008151743,0.01679545,0.0460608,0.00987819,0.9987486
0,0.0166671,25.2694719620049,-0.009156927,0.04705057,-0.008151743,0.01679545,0.0460608,0.00987819,0.9987486
0,0.0166666,25.2861385624856,-0.009156927,0.04705057,-0.008151743,0.01679545,0.0460608,0.00987819,0.9987486
0,0.0166681,25.3028066623956,-0.009156927,0.04705057,-0.008151743,0.01679545,0.0460608,0.00987819,0.9987486
0,0.0166657,25.3194723632187,-0.009156927,0.04705057,-0.008151743,0.01679545,0.0460608,0.00987819,0.9987486
0,0.0166669,25.3361392635852,-0.009156927,0.04705057,-0.008151743,0.01679545,0.0460608,0.00987819,0.9987486
0,0.0166669,25.3528061639518,-0.009156927,0.04705057,-0.008151743,0.01679545,0.0460608,0.00987819,0.9987486
0,0.016667,25.3694731630385,-0.009156927,0.04705057,-0.008151743,0.01679545,0.0460608,0.00987819,0.9987486
0,0.016667,25.3861401621252,-0.009156927,0.04705057,-0.008151743,0.01679545,0.0460608,0.00987819,0.9987486
0,0.016667,25.402807161212,-0.009156927,0.04705057,-0.008151743,0.01679545,0.0460608,0.00987819,0.9987486
0,0.0166669,25.4194740615785,-0.009156927,0.04705057,-0.008151743,0.01679545,0.0460608,0.00987819,0.9987486
0,0.0166669,25.4361409619451,-0.009156927,0.04705057,-0.008151743,0.01679545,0.0460608,0.00987819,0.9987486
0,0.016667,25.4528079610318,-0.009156927,0.04705057,-0.008151743,0.01679545,0.0460608,0.00987819,0.9987486
0,0.0166675,25.4694754611701,-0.009156927,0.04705057,-0.008151743,0.01679545,0.0460608,0.00987819,0.9987486
0,0.0166673,25.4861427620053,-0.009156927,0.04705057,-0.008151743,0.01679545,0.0460608,0.00987819,0.9987486
0,0.0166658,25.5028085615486,-0.009156927,0.04705057,-0.008151743,0.01679545,0.0460608,0.00987819,0.9987486
0,0.0166679,25.5194764621556,-0.009156927,0.04705057,-0.008151743,0.01679545,0.0460608,0.00987819,0.9987486
0,0.0166661,25.5361425615847,-0.009156927,0.04705057,-0.008151743,0.01679545,0.0460608,0.00987819,0.9987486
0,0.0166672,25.5528097618371,-0.009156927,0.04705057,-0.008151743,0.01679545,0.0460608,0.00987819,0.9987486
0,0.0166671,25.5694768615067,-0.009156927,0.04705057,-0.008151743,0.01679545,0.0460608,0.00987819,0.9987486
0,0.0166668,25.5861436612904,-0.009156927,0.04705057,-0.008151743,0.01679545,0.0460608,0.00987819,0.9987486
0,0.0166667,25.6028103604913,-0.009156927,0.04705057,-0.008151743,0.01679545,0.0460608,0.00987819,0.9987486
0,0.0166674,25.6194777600467,-0.009156927,0.04705057,-0.008151743,0.01679545,0.0460608,0.00987819,0.9987486
0,0.016667,25.6361447591335,-0.009156927,0.04705057,-0.008151743,0.01679545,0.0460608,0.00987819,0.9987486
0,0.0166665,25.6528112590313,-0.009156927,0.04705057,-0.008151743,0.01679545,0.0460608,0.00987819,0.9987486
0,0.016667,25.669478258118,-0.009156927,0.04705057,-0.008151743,0.01679545,0.0460608,0.00987819,0.9987486
0,0.0166669,25.6861451584846,-0.009156927,0.04705057,-0.008151743,0.01679545,0.0460608,0.00987819,0.9987486
0,0.0166669,25.7028120588511,-0.009156927,0.04705057,-0.008151743,0.01679545,0.0460608,0.00987819,0.9987486
0,0.0166673,25.7194793596864,-0.009156927,0.04705057,-0.008151743,0.01679545,0.0460608,0.00987819,0.9987486
0,0.0166668,25.7361461594701,-0.009156927,0.04705057,-0.008151743,0.01679545,0.0460608,0.00987819,0.9987486
0,0.0166667,25.752812858671,-0.009156927,0.04705057,-0.008151743,0.01679545,0.0460608,0.00987819,0.9987486
0,0.0166667,25.7694795578718,-0.009156927,0.04705057,-0.008151743,0.01679545,0.0460608,0.00987819,0.9987486
0,0.0166671,25.7861466575414,-0.009156927,0.04705057,-0.008151743,0.01679545,0.0460608,0.00987819,0.9987486
0,0.0166669,25.8028135579079,-0.009156927,0.04705057,-0.008151743,0.01679545,0.0460608,0.00987819,0.9987486
0,0.0166666,25.8194801583886,-0.009156927,0.04705057,-0.008151743,0.01679545,0.0460608,0.00987819,0.9987486
0,0.0166675,25.8361476585269,-0.009156927,0.04705057,-0.008151743,0.01679545,0.0460608,0.00987819,0.9987486
0,0.0166664,25.8528140578419,-0.009156927,0.04705057,-0.008151743,0.01679545,0.0460608,0.00987819,0.9987486
0,0.0166673,25.8694813586771,-0.009156927,0.04705057,-0.008151743,0.01679545,0.0460608,0.00987819,0.9987486
0,0.0166666,25.8861479591578,-0.009156927,0.04705057,-0.008151743,0.01679545,0.0460608,0.00987819,0.9987486
0,0.016667,25.9028149582446,-0.009156927,0.04705057,-0.008151743,0.01679545,0.0460608,0.00987819,0.9987486
0,0.0166672,25.919482158497,-0.009156927,0.04705057,-0.008151743,0.01679545,0.0460608,0.00987819,0.9987486
0,0.016667,25.9361491575837,-0.009156927,0.04705057,-0.008151743,0.01679545,0.0460608,0.00987819,0.9987486
0,0.0166669,25.9528160579503,-0.009156927,0.04705057,-0.008151743,0.01679545,0.0460608,0.00987819,0.9987486
0,0.0166668,25.969482857734,-0.009156927,0.04705057,-0.008151743,0.01679545,0.0460608,0.00987819,0.9987486
0,0.0166666,25.9861494582146,-0.009156927,0.04705057,-0.008151743,0.01679545,0.0460608,0.00987819,0.9987486
0,0.0166669,26.0028163585812,-0.009156927,0.04705057,-0.008151743,0.01679545,0.0460608,0.00987819,0.9987486
0,0.0166668,26.0194831583649,-0.009156927,0.04705057,-0.008151743,0.01679545,0.0460608,0.00987819,0.9987486
0,0.0166671,26.0361502580345,-0.009156927,0.04705057,-0.008151743,0.01679545,0.0460608,0.00987819,0.9987486
0,0.0166672,26.0528174582869,-0.009156927,0.04705057,-0.008151743,0.01679545,0.0460608,0.00987819,0.9987486
0,0.0166675,26.0694849584252,-0.009156927,0.04705057,-0.008151743,0.01679545,0.0460608,0.00987819,0.9987486
0,0.0166667,26.086151657626,-0.009156927,0.04705057,-0.008151743,0.01679545,0.0460608,0.00987819,0.9987486
0,0.016667,26.1028186567128,-0.009156927,0.04705057,-0.008151743,0.01679545,0.0460608,0.00987819,0.9987486
0,0.016668,26.11948665604,-0.009156927,0.04705057,-0.008151743,0.01679545,0.0460608,0.00987819,0.9987486
0,0.0166656,26.1361522562802,-0.009156927,0.04705057,-0.008151743,0.01679545,0.0460608,0.00987819,0.9987486
0,0.0166671,26.1528193559498,-0.009156927,0.04705057,-0.008151743,0.01679545,0.0460608,0.00987819,0.9987486
0,0.0166667,26.1694860551506,-0.009156927,0.04705057,-0.008151743,0.01679545,0.0460608,0.00987819,0.9987486
0,0.0166668,26.1861528549343,-0.009156927,0.04705057,-0.008151743,0.01679545,0.0460608,0.00987819,0.9987486
0,0.0166668,26.202819654718,-0.009156927,0.04705057,-0.008151743,0.01679545,0.0460608,0.00987819,0.9987486
0,0.0166681,26.2194877546281,-0.009156927,0.04705057,-0.008151743,0.01679545,0.0460608,0.00987819,0.9987486
0,0.0166671,26.2361548542976,-0.009156927,0.04705057,-0.008151743,0.01679545,0.0460608,0.00987819,0.9987486
0,0.0166666,26.2528214547783,-0.009156927,0.04705057,-0.008151743,0.01679545,0.0460608,0.00987819,0.9987486
0,0.0166689,26.2694903556257,-0.009156927,0.04705057,-0.008151743,0.01679545,0.0460608,0.00987819,0.9987486
0,0.0166653,26.2861556559801,-0.009156927,0.04705057,-0.008151743,0.01679545,0.0460608,0.00987819,0.9987486
0,0.0166677,26.3028233554214,-0.009156927,0.04705057,-0.008151743,0.01679545,0.0460608,0.00987819,0.9987486
0,0.0166664,26.3194897547364,-0.009156927,0.04705057,-0.008151743,0.01679545,0.0460608,0.00987819,0.9987486
0,0.0166666,26.3361563552171,-0.009156927,0.04705057,-0.008151743,0.01679545,0.0460608,0.00987819,0.9987486
0,0.0166672,26.3528235554695,-0.009156927,0.04705057,-0.008151743,0.01679545,0.0460608,0.00987819,0.9987486
0,0.0166667,26.3694902546704,-0.009156927,0.04705057,-0.008151743,0.01679545,0.0460608,0.00987819,0.9987486
0,0.0166668,26.3861570544541,-0.009156927,0.04705057,-0.008151743,0.01679545,0.0460608,0.00987819,0.9987486
0,0.0166671,26.4028241541237,-0.009156927,0.04705057,-0.008151743,0.01679545,0.0460608,0.00987819,0.9987486
0,0.0166666,26.4194907546043,-0.009156927,0.04705057,-0.008151743,0.01679545,0.0460608,0.00987819,0.9987486
0,0.016667,26.4361577536911,-0.009156927,0.04705057,-0.008151743,0.01679545,0.0460608,0.00987819,0.9987486
0,0.0166668,26.4528245534748,-0.009156927,0.04705057,-0.008151743,0.01679545,0.0460608,0.00987819,0.9987486
0,0.0166674,26.4694919530302,-0.009156927,0.04705057,-0.008151743,0.01679545,0.0460608,0.00987819,0.9987486
0,0.0166671,26.4861590526998,-0.009156927,0.04705057,-0.008151743,0.01679545,0.0460608,0.00987819,0.9987486
0,0.0166664,26.5028254520148,-0.009156927,0.04705057,-0.008151743,0.01679545,0.0460608,0.00987819,0.9987486
0,0.0166673,26.5194927528501,-0.009156927,0.04705057,-0.008151743,0.01679545,0.0460608,0.00987819,0.9987486
0,0.0166667,26.5361594520509,-0.009156927,0.04705057,-0.008151743,0.01679545,0.0460608,0.00987819,0.9987486
0,0.0166665,26.5528259519488,-0.009156927,0.04705057,-0.008151743,0.01679545,0.0460608,0.00987819,0.9987486
0,0.016667,26.5694929510355,-0.009156927,0.04705057,-0.008151743,0.01679545,0.0460608,0.00987819,0.9987486
0,0.016668,26.5861609503627,-0.009156927,0.04705057,-0.008151743,0.01679545,0.0460608,0.00987819,0.9987486
0,0.0166664,26.6028273496777,-0.009156927,0.04705057,-0.008151743,0.01679545,0.0460608,0.00987819,0.9987486
0,0.0166671,26.6194944493473,-0.009156927,0.04705057,-0.008151743,0.01679545,0.0460608,0.00987819,0.9987486
0,0.0166667,26.6361611485481,-0.009156927,0.04705057,-0.008151743,0.01679545,0.0460608,0.00987819,0.9987486
0,0.0166673,26.6528284493834,-0.009156927,0.04705057,-0.008151743,0.01679545,0.0460608,0.00987819,0.9987486
0,0.0166671,26.669495549053,-0.009156927,0.04705057,-0.008151743,0.01679545,0.0460608,0.00987819,0.9987486
0,0.0166665,26.6861620489508,-0.009156927,0.04705057,-0.008151743,0.01679545,0.0460608,0.00987819,0.9987486
0,0.0166674,26.7028294485062,-0.009156927,0.04705057,-0.008151743,0.01679545,0.0460608,0.00987819,0.9987486
0,0.0166665,26.7194959484041,-0.009156927,0.04705057,-0.008151743,0.01679545,0.0460608,0.00987819,0.9987486
0,0.0166667,26.7361626476049,-0.009156927,0.04705057,-0.008151743,0.01679545,0.0460608,0.00987819,0.9987486
0,0.0166669,26.7528295479715,-0.009156927,0.04705057,-0.008151743,0.01679545,0.0460608,0.00987819,0.9987486
0,0.0166678,26.7694973479956,-0.009156927,0.04705057,-0.008151743,0.01679545,0.0460608,0.00987819,0.9987486
0,0.0166661,26.7861634474248,-0.009156927,0.04705057,-0.008151743,0.01679545,0.0460608,0.00987819,0.9987486
0,0.016667,26.8028304465115,-0.009156927,0.04705057,-0.008151743,0.01679545,0.0460608,0.00987819,0.9987486
0,0.0166676,26.8194980472326,-0.009156927,0.04705057,-0.008151743,0.01679545,0.0460608,0.00987819,0.9987486
0,0.0166675,26.8361655473709,-0.009156927,0.04705057,-0.008151743,0.01679545,0.0460608,0.00987819,0.9987486
0,0.0166669,26.8528324477375,-0.009156927,0.04705057,-0.008151743,0.01679545,0.0460608,0.00987819,0.9987486
0,0.0166672,26.8694996479899,-0.009156927,0.04705057,-0.008151743,0.01679545,0.0460608,0.00987819,0.9987486
0,0.0166664,26.8861660473049,-0.009156927,0.04705057,-0.008151743,0.01679545,0.0460608,0.00987819,0.9987486
0,0.0166687,26.9028347469866,-0.009156927,0.04705057,-0.008151743,0.01679545,0.0460608,0.00987819,0.9987486
0,0.0166655,26.919500246644,-0.009156927,0.04705057,-0.008151743,0.01679545,0.0460608,0.00987819,0.9987486
0,0.0166679,26.936168147251,-0.009156927,0.04705057,-0.008151743,0.01679545,0.0460608,0.00987819,0.9987486
0,0.0166656,26.9528337474912,-0.009156927,0.04705057,-0.008151743,0.01679545,0.0460608,0.00987819,0.9987486
0,0.016667,26.969500746578,-0.009156927,0.04705057,-0.008151743,0.01679545,0.0460608,0.00987819,0.9987486
0,0.0166669,26.9861676469445,-0.009156927,0.04705057,-0.008151743,0.01679545,0.0460608,0.00987819,0.9987486
0,0.0166678,27.0028354469687,-0.009156927,0.04705057,-0.008151743,0.01679545,0.0460608,0.00987819,0.9987486
0,0.0166667,27.0195021461695,-0.009156927,0.04705057,-0.008151743,0.01679545,0.0460608,0.00987819,0.9987486
0,0.0166671,27.0361692458391,-0.009156927,0.04705057,-0.008151743,0.01679545,0.0460608,0.00987819,0.9987486
0,0.0166663,27.0528355464339,-0.009156927,0.04705057,-0.008151743,0.01679545,0.0460608,0.00987819,0.9987486
0,0.0166675,27.0695030465722,-0.009156927,0.04705057,-0.008151743,0.01679545,0.0460608,0.00987819,0.9987486
0,0.0166667,27.0861697457731,-0.009156927,0.04705057,-0.008151743,0.01679545,0.0460608,0.00987819,0.9987486
0,0.0166672,27.1028369460255,-0.009156927,0.04705057,-0.008151743,0.01679545,0.0460608,0.00987819,0.9987486
0,0.0166667,27.1195036452264,-0.009156927,0.04705057,-0.008151743,0.01679545,0.0460608,0.00987819,0.9987486
0,0.0166665,27.1361701451242,-0.009156927,0.04705057,-0.008151743,0.01679545,0.0460608,0.00987819,0.9987486
0,0.0166667,27.1528368443251,-0.009156927,0.04705057,-0.008151743,0.01679545,0.0460608,0.00987819,0.9987486
0,0.016667,27.1695038434118,-0.009156927,0.04705057,-0.008151743,0.01679545,0.0460608,0.00987819,0.9987486
0,0.0166668,27.1861706431955,-0.009156927,0.04705057,-0.008151743,0.01679545,0.0460608,0.00987819,0.9987486
0,0.0166673,27.2028379440308,-0.009156927,0.04705057,-0.008151743,0.01679545,0.0460608,0.00987819,0.9987486
0,0.0171758,27.2200137432665,-0.009156927,0.04705057,-0.008151743,0.01679545,0.0460608,0.00987819,0.9987486
0,0.0166677,27.2366814427078,-0.009156927,0.04705057,-0.008151743,0.01679545,0.0460608,0.00987819,0.9987486
0,0.0166666,27.2533480431885,-0.009156927,0.04705057,-0.008151743,0.01679545,0.0460608,0.00987819,0.9987486
0,0.0166671,27.270015142858,-0.009156927,0.04705057,-0.008151743,0.01679545,0.0460608,0.00987819,0.9987486
0,0.0166663,27.2866814434528,-0.009156927,0.04705057,-0.008151743,0.01679545,0.0460608,0.00987819,0.9987486
0,0.0166672,27.3033486437052,-0.009156927,0.04705057,-0.008151743,0.01679545,0.0460608,0.00987819,0.9987486
0,0.0166669,27.3200155440718,-0.009156927,0.04705057,-0.008151743,0.01679545,0.0460608,0.00987819,0.9987486
0,0.0166671,27.3366826437414,-0.009156927,0.04705057,-0.008151743,0.01679545,0.0460608,0.00987819,0.9987486
0,0.0166665,27.3533491436392,-0.009156927,0.04705057,-0.008151743,0.01679545,0.0460608,0.00987819,0.9987486
0,0.0166671,27.3700162433088,-0.009156927,0.04705057,-0.008151743,0.01679545,0.0460608,0.00987819,0.9987486
0,0.0166668,27.3866830430925,-0.009156927,0.04705057,-0.008151743,0.01679545,0.0460608,0.00987819,0.9987486
0,0.0166669,27.403349943459,-0.009156927,0.04705057,-0.008151743,0.01679545,0.0460608,0.00987819,0.9987486
0,0.0166681,27.4200180433691,-0.009156927,0.04705057,-0.008151743,0.01679545,0.0460608,0.00987819,0.9987486
0,0.0166667,27.4366847425699,-0.009156927,0.04705057,-0.008151743,0.01679545,0.0460608,0.00987819,0.9987486
0,0.0166667,27.4533514417708,-0.009156927,0.04705057,-0.008151743,0.01679545,0.0460608,0.00987819,0.9987486
0,0.0166682,27.4700196422637,-0.009156927,0.04705057,-0.008151743,0.01679545,0.0460608,0.00987819,0.9987486
0,0.0166659,27.4866855423898,-0.009156927,0.04705057,-0.008151743,0.01679545,0.0460608,0.00987819,0.9987486
0,0.0166675,27.503353042528,-0.009156927,0.04705057,-0.008151743,0.01679545,0.0460608,0.00987819,0.9987486
0,0.0166663,27.5200193431228,-0.009156927,0.04705057,-0.008151743,0.01679545,0.0460608,0.00987819,0.9987486
0,0.0166667,27.5366860423237,-0.009156927,0.04705057,-0.008151743,0.01679545,0.0460608,0.00987819,0.9987486
0,0.016667,27.5533530414104,-0.009156927,0.04705057,-0.008151743,0.01679545,0.0460608,0.00987819,0.9987486
0,0.0166675,27.5700205415487,-0.009156927,0.04705057,-0.008151743,0.01679545,0.0460608,0.00987819,0.9987486
0,0.0166662,27.5866867415607,-0.009156927,0.04705057,-0.008151743,0.01679545,0.0460608,0.00987819,0.9987486
0,0.0166669,27.6033536419272,-0.009156927,0.04705057,-0.008151743,0.01679545,0.0460608,0.00987819,0.9987486
0,0.0166674,27.6200210414827,-0.009156927,0.04705057,-0.008151743,0.01679545,0.0460608,0.00987819,0.9987486
0,0.0166669,27.6366879418492,-0.009156927,0.04705057,-0.008151743,0.01679545,0.0460608,0.00987819,0.9987486
0,0.0166666,27.6533545423299,-0.009156927,0.04705057,-0.008151743,0.01679545,0.0460608,0.00987819,0.9987486
0,0.0166675,27.6700220424682,-0.009156927,0.04705057,-0.008151743,0.01679545,0.0460608,0.00987819,0.9987486
0,0.016667,27.6866890415549,-0.009156927,0.04705057,-0.008151743,0.01679545,0.0460608,0.00987819,0.9987486
0,0.0166664,27.7033554408699,-0.009156927,0.04705057,-0.008151743,0.01679545,0.0460608,0.00987819,0.9987486
0,0.0166668,27.7200222406536,-0.009156927,0.04705057,-0.008151743,0.01679545,0.0460608,0.00987819,0.9987486
0,0.0166668,27.7366890404373,-0.009156927,0.04705057,-0.008151743,0.01679545,0.0460608,0.00987819,0.9987486
0,0.0166668,27.753355840221,-0.009156927,0.04705057,-0.008151743,0.01679545,0.0460608,0.00987819,0.9987486
0,0.0166671,27.7700229398906,-0.009156927,0.04705057,-0.008151743,0.01679545,0.0460608,0.00987819,0.9987486
0,0.0166672,27.786690140143,-0.009156927,0.04705057,-0.008151743,0.01679545,0.0460608,0.00987819,0.9987486
0,0.0166665,27.8033566400409,-0.009156927,0.04705057,-0.008151743,0.01679545,0.0460608,0.00987819,0.9987486
0,0.0166669,27.8200235404074,-0.009156927,0.04705057,-0.008151743,0.01679545,0.0460608,0.00987819,0.9987486
0,0.0166672,27.8366907406598,-0.009156927,0.04705057,-0.008151743,0.01679545,0.0460608,0.00987819,0.9987486
0,0.0166668,27.8533575404435,-0.009156927,0.04705057,-0.008151743,0.01679545,0.0460608,0.00987819,0.9987486
0,0.016667,27.8700245395303,-0.009156927,0.04705057,-0.008151743,0.01679545,0.0460608,0.00987819,0.9987486
0,0.0166669,27.8866914398968,-0.009156927,0.04705057,-0.008151743,0.01679545,0.0460608,0.00987819,0.9987486
0,0.0166667,27.9033581390977,-0.009156927,0.04705057,-0.008151743,0.01679545,0.0460608,0.00987819,0.9987486
0,0.0166671,27.9200252387673,-0.009156927,0.04705057,-0.008151743,0.01679545,0.0460608,0.00987819,0.9987486
0,0.0166668,27.936692038551,-0.009156927,0.04705057,-0.008151743,0.01679545,0.0460608,0.00987819,0.9987486
0,0.016667,27.9533590376377,-0.009156927,0.04705057,-0.008151743,0.01679545,0.0460608,0.00987819,0.9987486
0,0.0166674,27.9700264371932,-0.009156927,0.04705057,-0.008151743,0.01679545,0.0460608,0.00987819,0.9987486
0,0.0166669,27.9866933375597,-0.009156927,0.04705057,-0.008151743,0.01679545,0.0460608,0.00987819,0.9987486
0,0.0166664,28.0033597368747,-0.009156927,0.04705057,-0.008151743,0.01679545,0.0460608,0.00987819,0.9987486
0,0.0166669,28.0200266372412,-0.009156927,0.04705057,-0.008151743,0.01679545,0.0460608,0.00987819,0.9987486
0,0.0166669,28.0366935376078,-0.009156927,0.04705057,-0.008151743,0.01679545,0.0460608,0.00987819,0.9987486
0,0.016667,28.0533605366945,-0.009156927,0.04705057,-0.008151743,0.01679545,0.0460608,0.00987819,0.9987486
0,0.0166669,28.0700274370611,-0.009156927,0.04705057,-0.008151743,0.01679545,0.0460608,0.00987819,0.9987486
0,0.0166668,28.0866942368448,-0.009156927,0.04705057,-0.008151743,0.01679545,0.0460608,0.00987819,0.9987486
0,0.0166671,28.1033613365144,-0.009156927,0.04705057,-0.008151743,0.01679545,0.0460608,0.00987819,0.9987486
0,0.0166676,28.1200289372355,-0.009156927,0.04705057,-0.008151743,0.01679545,0.0460608,0.00987819,0.9987486
0,0.0166663,28.1366952378303,-0.009156927,0.04705057,-0.008151743,0.01679545,0.0460608,0.00987819,0.9987486
0,0.0166667,28.1533619370312,-0.009156927,0.04705057,-0.008151743,0.01679545,0.0460608,0.00987819,0.9987486
0,0.0166666,28.1700285375118,-0.009156927,0.04705057,-0.008151743,0.01679545,0.0460608,0.00987819,0.9987486
0,0.0166673,28.1866958383471,-0.009156927,0.04705057,-0.008151743,0.01679545,0.0460608,0.00987819,0.9987486
0,0.0166673,28.2033631391823,-0.009156927,0.04705057,-0.008151743,0.01679545,0.0460608,0.00987819,0.9987486
0,0.0166664,28.2200295384973,-0.009156927,0.04705057,-0.008151743,0.01679545,0.0460608,0.00987819,0.9987486
0,0.0166669,28.2366964388639,-0.009156927,0.04705057,-0.008151743,0.01679545,0.0460608,0.00987819,0.9987486
0,0.0166669,28.2533633392304,-0.009156927,0.04705057,-0.008151743,0.01679545,0.0460608,0.00987819,0.9987486
0,0.0166669,28.270030239597,-0.009156927,0.04705057,-0.008151743,0.01679545,0.0460608,0.00987819,0.9987486
0,0.016667,28.2866972386837,-0.009156927,0.04705057,-0.008151743,0.01679545,0.0460608,0.00987819,0.9987486
0,0.0166676,28.3033648394048,-0.009156927,0.04705057,-0.008151743,0.01679545,0.0460608,0.00987819,0.9987486
0,0.0166666,28.3200314398855,-0.009156927,0.04705057,-0.008151743,0.01679545,0.0460608,0.00987819,0.9987486
0,0.0166671,28.3366985395551,-0.009156927,0.04705057,-0.008151743,0.01679545,0.0460608,0.00987819,0.9987486
0,0.0166665,28.3533650394529,-0.009156927,0.04705057,-0.008151743,0.01679545,0.0460608,0.00987819,0.9987486
0,0.0166672,28.3700322397053,-0.009156927,0.04705057,-0.008151743,0.01679545,0.0460608,0.00987819,0.9987486
0,0.0166665,28.3866987396032,-0.009156927,0.04705057,-0.008151743,0.01679545,0.0460608,0.00987819,0.9987486
0,0.016667,28.4033657386899,-0.009156927,0.04705057,-0.008151743,0.01679545,0.0460608,0.00987819,0.9987486
0,0.0166673,28.4200330395252,-0.009156927,0.04705057,-0.008151743,0.01679545,0.0460608,0.00987819,0.9987486
0,0.0166665,28.436699539423,-0.009156927,0.04705057,-0.008151743,0.01679545,0.0460608,0.00987819,0.9987486
0,0.0166669,28.4533664397895,-0.009156927,0.04705057,-0.008151743,0.01679545,0.0460608,0.00987819,0.9987486
0,0.0166669,28.4700333401561,-0.009156927,0.04705057,-0.008151743,0.01679545,0.0460608,0.00987819,0.9987486
0,0.0166673,28.4867006409913,-0.009156927,0.04705057,-0.008151743,0.01679545,0.0460608,0.00987819,0.9987486
0,0.0166665,28.5033671408892,-0.009156927,0.04705057,-0.008151743,0.01679545,0.0460608,0.00987819,0.9987486
0,0.0166673,28.5200344417244,-0.009156927,0.04705057,-0.008151743,0.01679545,0.0460608,0.00987819,0.9987486
0,0.0166668,28.5367012415081,-0.009156927,0.04705057,-0.008151743,0.01679545,0.0460608,0.00987819,0.9987486
0,0.0166673,28.5533685423434,-0.009156927,0.04705057,-0.008151743,0.01679545,0.0460608,0.00987819,0.9987486
0,0.0166661,28.5700346417725,-0.009156927,0.04705057,-0.008151743,0.01679545,0.0460608,0.00987819,0.9987486
0,0.016667,28.5867016408592,-0.009156927,0.04705057,-0.008151743,0.01679545,0.0460608,0.00987819,0.9987486
0,0.0166668,28.603368440643,-0.009156927,0.04705057,-0.008151743,0.01679545,0.0460608,0.00987819,0.9987486
0,0.0166676,28.6200360413641,-0.009156927,0.04705057,-0.008151743,0.01679545,0.0460608,0.00987819,0.9987486
0,0.0166667,28.6367027405649,-0.009156927,0.04705057,-0.008151743,0.01679545,0.0460608,0.00987819,0.9987486
0,0.0166669,28.6533696409315,-0.009156927,0.04705057,-0.008151743,0.01679545,0.0460608,0.00987819,0.9987486
0,0.0166672,28.6700368411839,-0.009156927,0.04705057,-0.008151743,0.01679545,0.0460608,0.00987819,0.9987486
0,0.016667,28.6867038402706,-0.009156927,0.04705057,-0.008151743,0.01679545,0.0460608,0.00987819,0.9987486
0,0.0166667,28.7033705394715,-0.009156927,0.04705057,-0.008151743,0.01679545,0.0460608,0.00987819,0.9987486
0,0.0166671,28.7200376391411,-0.009156927,0.04705057,-0.008151743,0.01679545,0.0460608,0.00987819,0.9987486
0,0.016667,28.7367046382278,-0.009156927,0.04705057,-0.008151743,0.01679545,0.0460608,0.00987819,0.9987486
0,0.0166664,28.7533710375428,-0.009156927,0.04705057,-0.008151743,0.01679545,0.0460608,0.00987819,0.9987486
0,0.0166671,28.7700381372124,-0.009156927,0.04705057,-0.008151743,0.01679545,0.0460608,0.00987819,0.9987486
0,0.0166667,28.7867048364133,-0.009156927,0.04705057,-0.008151743,0.01679545,0.0460608,0.00987819,0.9987486
0,0.0166669,28.8033717367798,-0.009156927,0.04705057,-0.008151743,0.01679545,0.0460608,0.00987819,0.9987486
0,0.0166669,28.8200386371464,-0.009156927,0.04705057,-0.008151743,0.01679545,0.0460608,0.00987819,0.9987486
0,0.016668,28.8367066364735,-0.009156927,0.04705057,-0.008151743,0.01679545,0.0460608,0.00987819,0.9987486
0,0.0166662,28.8533728364855,-0.009156927,0.04705057,-0.008151743,0.01679545,0.0460608,0.00987819,0.9987486
0,0.0166668,28.8700396362692,-0.009156927,0.04705057,-0.008151743,0.01679545,0.0460608,0.00987819,0.9987486
0,0.016667,28.8867066353559,-0.009156927,0.04705057,-0.008151743,0.01679545,0.0460608,0.00987819,0.9987486
0,0.0166666,28.9033732358366,-0.009156927,0.04705057,-0.008151743,0.01679545,0.0460608,0.00987819,0.9987486
0,0.0166667,28.9200399350375,-0.009156927,0.04705057,-0.008151743,0.01679545,0.0460608,0.00987819,0.9987486
0,0.0166671,28.9367070347071,-0.009156927,0.04705057,-0.008151743,0.01679545,0.0460608,0.00987819,0.9987486
0,0.0166668,28.9533738344908,-0.009156927,0.04705057,-0.008151743,0.01679545,0.0460608,0.00987819,0.9987486
0,0.0166669,28.9700407348573,-0.009156927,0.04705057,-0.008151743,0.01679545,0.0460608,0.00987819,0.9987486
0,0.016667,28.9867077339441,-0.009156927,0.04705057,-0.008151743,0.01679545,0.0460608,0.00987819,0.9987486
0,0.0166671,29.0033748336136,-0.009156927,0.04705057,-0.008151743,0.01679545,0.0460608,0.00987819,0.9987486
0,0.0166668,29.0200416333973,-0.009156927,0.04705057,-0.008151743,0.01679545,0.0460608,0.00987819,0.9987486
0,0.0166667,29.0367083325982,-0.009156927,0.04705057,-0.008151743,0.01679545,0.0460608,0.00987819,0.9987486
0,0.0166674,29.0533757321537,-0.009156927,0.04705057,-0.008151743,0.01679545,0.0460608,0.00987819,0.9987486
0,0.0166667,29.0700424313545,-0.009156927,0.04705057,-0.008151743,0.01679545,0.0460608,0.00987819,0.9987486
0,0.0166668,29.0867092311382,-0.009156927,0.04705057,-0.008151743,0.01679545,0.0460608,0.00987819,0.9987486
0,0.0166667,29.1033759303391,-0.009156927,0.04705057,-0.008151743,0.01679545,0.0460608,0.00987819,0.9987486
0,0.0166881,29.1200640294701,-0.009156927,0.04705057,-0.008151743,0.01679545,0.0460608,0.00987819,0.9987486
0,0.0166809,29.1367449294776,-0.009156927,0.04705057,-0.008151743,0.01679545,0.0460608,0.00987819,0.9987486
0,0.0167337,29.1534786298871,-0.009156927,0.04705057,-0.008151743,0.01679545,0.0460608,0.00987819,0.9987486
0,0.016667,29.1701456289738,-0.009156927,0.04705057,-0.008151743,0.01679545,0.0460608,0.00987819,0.9987486
0,0.0166669,29.1868125293404,-0.009156927,0.04705057,-0.008151743,0.01679545,0.0460608,0.00987819,0.9987486
0,0.0166666,29.2034791298211,-0.009156927,0.04705057,-0.008151743,0.01679545,0.0460608,0.00987819,0.9987486
0,0.0166671,29.2201462294906,-0.009156927,0.04705057,-0.008151743,0.01679545,0.0460608,0.00987819,0.9987486
0,0.016667,29.2368132285774,-0.009156927,0.04705057,-0.008151743,0.01679545,0.0460608,0.00987819,0.9987486
0,0.0166675,29.2534807287157,-0.009156927,0.04705057,-0.008151743,0.01679545,0.0460608,0.00987819,0.9987486
0,0.0166669,29.2701476290822,-0.009156927,0.04705057,-0.008151743,0.01679545,0.0460608,0.00987819,0.9987486
0,0.0166664,29.2868140283972,-0.009156927,0.04705057,-0.008151743,0.01679545,0.0460608,0.00987819,0.9987486
0,0.0166669,29.3034809287637,-0.009156927,0.04705057,-0.008151743,0.01679545,0.0460608,0.00987819,0.9987486
0,0.016667,29.3201479278505,-0.009156927,0.04705057,-0.008151743,0.01679545,0.0460608,0.00987819,0.9987486
0,0.0166668,29.3368147276342,-0.009156927,0.04705057,-0.008151743,0.01679545,0.0460608,0.00987819,0.9987486
0,0.0166673,29.3534820284694,-0.009156927,0.04705057,-0.008151743,0.01679545,0.0460608,0.00987819,0.9987486
0,0.0166668,29.3701488282532,-0.009156927,0.04705057,-0.008151743,0.01679545,0.0460608,0.00987819,0.9987486
0,0.0166665,29.386815328151,-0.009156927,0.04705057,-0.008151743,0.01679545,0.0460608,0.00987819,0.9987486
0,0.0166675,29.4034828282893,-0.009156927,0.04705057,-0.008151743,0.01679545,0.0460608,0.00987819,0.9987486
0,0.0166667,29.4201495274901,-0.009156927,0.04705057,-0.008151743,0.01679545,0.0460608,0.00987819,0.9987486
0,0.0166666,29.4368161279708,-0.009156927,0.04705057,-0.008151743,0.01679545,0.0460608,0.00987819,0.9987486
0,0.0166671,29.4534832276404,-0.009156927,0.04705057,-0.008151743,0.01679545,0.0460608,0.00987819,0.9987486
0,0.0166669,29.4701501280069,-0.009156927,0.04705057,-0.008151743,0.01679545,0.0460608,0.00987819,0.9987486
0,0.0166673,29.4868174288422,-0.009156927,0.04705057,-0.008151743,0.01679545,0.0460608,0.00987819,0.9987486
0,0.0166664,29.5034838281572,-0.009156927,0.04705057,-0.008151743,0.01679545,0.0460608,0.00987819,0.9987486
0,0.0166671,29.5201509278268,-0.009156927,0.04705057,-0.008151743,0.01679545,0.0460608,0.00987819,0.9987486
0,0.0166672,29.5368181280792,-0.009156927,0.04705057,-0.008151743,0.01679545,0.0460608,0.00987819,0.9987486
0,0.016667,29.5534851271659,-0.009156927,0.04705057,-0.008151743,0.01679545,0.0460608,0.00987819,0.9987486
0,0.0166667,29.5701518263668,-0.009156927,0.04705057,-0.008151743,0.01679545,0.0460608,0.00987819,0.9987486
0,0.0166671,29.5868189260364,-0.009156927,0.04705057,-0.008151743,0.01679545,0.0460608,0.00987819,0.9987486
0,0.0166669,29.6034858264029,-0.009156927,0.04705057,-0.008151743,0.01679545,0.0460608,0.00987819,0.9987486
0,0.0166666,29.6201524268836,-0.009156927,0.04705057,-0.008151743,0.01679545,0.0460608,0.00987819,0.9987486
0,0.0166672,29.636819627136,-0.009156927,0.04705057,-0.008151743,0.01679545,0.0460608,0.00987819,0.9987486
0,0.0166667,29.6534863263369,-0.009156927,0.04705057,-0.008151743,0.01679545,0.0460608,0.00987819,0.9987486
0,0.0166668,29.6701531261206,-0.009156927,0.04705057,-0.008151743,0.01679545,0.0460608,0.00987819,0.9987486
0,0.0166672,29.686820326373,-0.009156927,0.04705057,-0.008151743,0.01679545,0.0460608,0.00987819,0.9987486
0,0.0166674,29.7034877259284,-0.009156927,0.04705057,-0.008151743,0.01679545,0.0460608,0.00987819,0.9987486
0,0.0166669,29.720154626295,-0.009156927,0.04705057,-0.008151743,0.01679545,0.0460608,0.00987819,0.9987486
0,0.0166664,29.73682102561,-0.009156927,0.04705057,-0.008151743,0.01679545,0.0460608,0.00987819,0.9987486
0,0.016667,29.7534880246967,-0.009156927,0.04705057,-0.008151743,0.01679545,0.0460608,0.00987819,0.9987486
0,0.0166672,29.7701552249491,-0.009156927,0.04705057,-0.008151743,0.01679545,0.0460608,0.00987819,0.9987486
0,0.0166666,29.7868218254298,-0.009156927,0.04705057,-0.008151743,0.01679545,0.0460608,0.00987819,0.9987486
0,0.0166672,29.8034890256822,-0.009156927,0.04705057,-0.008151743,0.01679545,0.0460608,0.00987819,0.9987486
0,0.0166667,29.8201557248831,-0.009156927,0.04705057,-0.008151743,0.01679545,0.0460608,0.00987819,0.9987486
0,0.0166667,29.8368224240839,-0.009156927,0.04705057,-0.008151743,0.01679545,0.0460608,0.00987819,0.9987486
0,0.016667,29.8534894231707,-0.009156927,0.04705057,-0.008151743,0.01679545,0.0460608,0.00987819,0.9987486
0,0.0166667,29.8701561223716,-0.009156927,0.04705057,-0.008151743,0.01679545,0.0460608,0.00987819,0.9987486
0,0.0166675,29.8868236225098,-0.009156927,0.04705057,-0.008151743,0.01679545,0.0460608,0.00987819,0.9987486
0,0.0166665,29.9034901224077,-0.009156927,0.04705057,-0.008151743,0.01679545,0.0460608,0.00987819,0.9987486
0,0.0166666,29.9201567228884,-0.009156927,0.04705057,-0.008151743,0.01679545,0.0460608,0.00987819,0.9987486
0,0.0166675,29.9368242230266,-0.009156927,0.04705057,-0.008151743,0.01679545,0.0460608,0.00987819,0.9987486
0,0.0166667,29.9534909222275,-0.009156927,0.04705057,-0.008151743,0.01679545,0.0460608,0.00987819,0.9987486
0,0.0166667,29.9701576214284,-0.009156927,0.04705057,-0.008151743,0.01679545,0.0460608,0.00987819,0.9987486
0,0.0166669,29.9868245217949,-0.009156927,0.04705057,-0.008151743,0.01679545,0.0460608,0.00987819,0.9987486
0,0.0166669,30.0034914221615,-0.009156927,0.04705057,-0.008151743,0.01679545,0.0460608,0.00987819,0.9987486
0,0.0166675,30.0201589222997,-0.009156927,0.04705057,-0.008151743,0.01679545,0.0460608,0.00987819,0.9987486
0,0.0166666,30.0368255227804,-0.009156927,0.04705057,-0.008151743,0.01679545,0.0460608,0.00987819,0.9987486
0,0.0166673,30.0534928236157,-0.009156927,0.04705057,-0.008151743,0.01679545,0.0460608,0.00987819,0.9987486
0,0.0166681,30.0701609235257,-0.009156927,0.04705057,-0.008151743,0.01679545,0.0460608,0.00987819,0.9987486
0,0.0166659,30.0868268236518,-0.009156927,0.04705057,-0.008151743,0.01679545,0.0460608,0.00987819,0.9987486
0,0.0166669,30.1034937240183,-0.009156927,0.04705057,-0.008151743,0.01679545,0.0460608,0.00987819,0.9987486
0,0.0166671,30.1201608236879,-0.009156927,0.04705057,-0.008151743,0.01679545,0.0460608,0.00987819,0.9987486
0,0.0166663,30.1368271242827,-0.009156927,0.04705057,-0.008151743,0.01679545,0.0460608,0.00987819,0.9987486
0,0.0166671,30.1534942239523,-0.009156927,0.04705057,-0.008151743,0.01679545,0.0460608,0.00987819,0.9987486
0,0.0166668,30.170161023736,-0.009156927,0.04705057,-0.008151743,0.01679545,0.0460608,0.00987819,0.9987486
0,0.0166669,30.1868279241025,-0.009156927,0.04705057,-0.008151743,0.01679545,0.0460608,0.00987819,0.9987486
0,0.0166669,30.2034948244691,-0.009156927,0.04705057,-0.008151743,0.01679545,0.0460608,0.00987819,0.9987486
0,0.016667,30.2201618235558,-0.009156927,0.04705057,-0.008151743,0.01679545,0.0460608,0.00987819,0.9987486
0,0.0166671,30.2368289232254,-0.009156927,0.04705057,-0.008151743,0.01679545,0.0460608,0.00987819,0.9987486
0,0.016667,30.2534959223121,-0.009156927,0.04705057,-0.008151743,0.01679545,0.0460608,0.00987819,0.9987486
0,0.0166666,30.2701625227928,-0.009156927,0.04705057,-0.008151743,0.01679545,0.0460608,0.00987819,0.9987486
0,0.0166709,30.2868334222585,-0.009156927,0.04705057,-0.008151743,0.01679545,0.0460608,0.00987819,0.9987486
0,0.0166667,30.3035001214594,-0.009156927,0.04705057,-0.008151743,0.01679545,0.0460608,0.00987819,0.9987486
0,0.0169127,30.3204128220677,-0.009156927,0.04705057,-0.008151743,0.01679545,0.0460608,0.00987819,0.9987486
0,0.0166667,30.3370795212686,-0.009156927,0.04705057,-0.008151743,0.01679545,0.0460608,0.00987819,0.9987486
0,0.0166667,30.3537462204695,-0.009156927,0.04705057,-0.008151743,0.01679545,0.0460608,0.00987819,0.9987486
0,0.0166669,30.370413120836,-0.009156927,0.04705057,-0.008151743,0.01679545,0.0460608,0.00987819,0.9987486
0,0.016667,30.3870801199228,-0.009156927,0.04705057,-0.008151743,0.01679545,0.0460608,0.00987819,0.9987486
0,0.0166669,30.4037470202893,-0.009156927,0.04705057,-0.008151743,0.01679545,0.0460608,0.00987819,0.9987486
0,0.0166671,30.4204141199589,-0.009156927,0.04705057,-0.008151743,0.01679545,0.0460608,0.00987819,0.9987486
0,0.0166667,30.4370808191597,-0.009156927,0.04705057,-0.008151743,0.01679545,0.0460608,0.00987819,0.9987486
0,0.0166686,30.4537494182587,-0.009156927,0.04705057,-0.008151743,0.01679545,0.0460608,0.00987819,0.9987486
0,0.0166666,30.4704160187393,-0.009156927,0.04705057,-0.008151743,0.01679545,0.0460608,0.00987819,0.9987486
0,0.0166669,30.4870829191059,-0.009156927,0.04705057,-0.008151743,0.01679545,0.0460608,0.00987819,0.9987486
0,0.0166666,30.5037495195866,-0.009156927,0.04705057,-0.008151743,0.01679545,0.0460608,0.00987819,0.9987486
0,0.016667,30.5204165186733,-0.009156927,0.04705057,-0.008151743,0.01679545,0.0460608,0.00987819,0.9987486
0,0.0166669,30.5370834190398,-0.009156927,0.04705057,-0.008151743,0.01679545,0.0460608,0.00987819,0.9987486
0,0.0166671,30.5537505187094,-0.009156927,0.04705057,-0.008151743,0.01679545,0.0460608,0.00987819,0.9987486
0,0.0166667,30.5704172179103,-0.009156927,0.04705057,-0.008151743,0.01679545,0.0460608,0.00987819,0.9987486
0,0.0166672,30.5870844181627,-0.009156927,0.04705057,-0.008151743,0.01679545,0.0460608,0.00987819,0.9987486
0,0.016667,30.6037514172494,-0.009156927,0.04705057,-0.008151743,0.01679545,0.0460608,0.00987819,0.9987486
0,0.0166669,30.620418317616,-0.009156927,0.04705057,-0.008151743,0.01679545,0.0460608,0.00987819,0.9987486
0,0.0166687,30.6370870172977,-0.009156927,0.04705057,-0.008151743,0.01679545,0.0460608,0.00987819,0.9987486
0,0.0166685,30.6537555176765,-0.009156927,0.04705057,-0.008151743,0.01679545,0.0460608,0.00987819,0.9987486
0,0.0166644,30.6704199183732,-0.009156927,0.04705057,-0.008151743,0.01679545,0.0460608,0.00987819,0.9987486
0,0.016667,30.68708691746,-0.009156927,0.04705057,-0.008151743,0.01679545,0.0460608,0.00987819,0.9987486
0,0.0166664,30.703753316775,-0.009156927,0.04705057,-0.008151743,0.01679545,0.0460608,0.00987819,0.9987486
0,0.0166668,30.7204201165587,-0.009156927,0.04705057,-0.008151743,0.01679545,0.0460608,0.00987819,0.9987486
0,0.0166671,30.7370872162282,-0.009156927,0.04705057,-0.008151743,0.01679545,0.0460608,0.00987819,0.9987486
0,0.0166669,30.7537541165948,-0.009156927,0.04705057,-0.008151743,0.01679545,0.0460608,0.00987819,0.9987486
0,0.0166687,30.7704228162766,-0.009156927,0.04705057,-0.008151743,0.01679545,0.0460608,0.00987819,0.9987486
0,0.0166655,30.7870883159339,-0.009156927,0.04705057,-0.008151743,0.01679545,0.0460608,0.00987819,0.9987486
0,0.017714,30.8048023153096,-0.009156927,0.04705057,-0.008151743,0.01679545,0.0460608,0.00987819,0.9987486
0,0.0166669,30.8214692156762,-0.009156927,0.04705057,-0.008151743,0.01679545,0.0460608,0.00987819,0.9987486
0,0.0166672,30.8381364159286,-0.009156927,0.04705057,-0.008151743,0.01679545,0.0460608,0.00987819,0.9987486
0,0.0166673,30.8548037167639,-0.009156927,0.04705057,-0.008151743,0.01679545,0.0460608,0.00987819,0.9987486
0,0.016668,30.871471716091,-0.009156927,0.04705057,-0.008151743,0.01679545,0.0460608,0.00987819,0.9987486
0,0.0166675,30.8881392162293,-0.009156927,0.04705057,-0.008151743,0.01679545,0.0460608,0.00987819,0.9987486
0,0.0166661,30.9048053156585,-0.009156927,0.04705057,-0.008151743,0.01679545,0.0460608,0.00987819,0.9987486
0,0.0166671,30.921472415328,-0.009156927,0.04705057,-0.008151743,0.01679545,0.0460608,0.00987819,0.9987486
0,0.016667,30.9381394144148,-0.009156927,0.04705057,-0.008151743,0.01679545,0.0460608,0.00987819,0.9987486
0,0.0166665,30.9548059143126,-0.009156927,0.04705057,-0.008151743,0.01679545,0.0460608,0.00987819,0.9987486
0,0.0166668,30.9714727140963,-0.009156927,0.04705057,-0.008151743,0.01679545,0.0460608,0.00987819,0.9987486
0,0.0166671,30.9881398137659,-0.009156927,0.04705057,-0.008151743,0.01679545,0.0460608,0.00987819,0.9987486
0,0.016667,31.0048068128526,-0.009156927,0.04705057,-0.008151743,0.01679545,0.0460608,0.00987819,0.9987486
0,0.0166668,31.0214736126363,-0.009156927,0.04705057,-0.008151743,0.01679545,0.0460608,0.00987819,0.9987486
0,0.0166661,31.0381397120655,-0.009156927,0.04705057,-0.008151743,0.01679545,0.0460608,0.00987819,0.9987486
0,0.0166678,31.0548075120896,-0.009156927,0.04705057,-0.008151743,0.01679545,0.0460608,0.00987819,0.9987486
0,0.0166665,31.0714740119874,-0.009156927,0.04705057,-0.008151743,0.01679545,0.0460608,0.00987819,0.9987486
0,0.0166674,31.0881414115429,-0.009156927,0.04705057,-0.008151743,0.01679545,0.0460608,0.00987819,0.9987486
0,0.0166669,31.1048083119094,-0.009156927,0.04705057,-0.008151743,0.01679545,0.0460608,0.00987819,0.9987486
0,0.0166664,31.1214747112244,-0.009156927,0.04705057,-0.008151743,0.01679545,0.0460608,0.00987819,0.9987486
0,0.016667,31.1381417103112,-0.009156927,0.04705057,-0.008151743,0.01679545,0.0460608,0.00987819,0.9987486
0,0.0166667,31.154808409512,-0.009156927,0.04705057,-0.008151743,0.01679545,0.0460608,0.00987819,0.9987486
0,0.0166669,31.1714753098786,-0.009156927,0.04705057,-0.008151743,0.01679545,0.0460608,0.00987819,0.9987486
0,0.0166669,31.1881422102451,-0.009156927,0.04705057,-0.008151743,0.01679545,0.0460608,0.00987819,0.9987486
0,0.0166674,31.2048096098006,-0.009156927,0.04705057,-0.008151743,0.01679545,0.0460608,0.00987819,0.9987486
0,0.0166671,31.2214767094702,-0.009156927,0.04705057,-0.008151743,0.01679545,0.0460608,0.00987819,0.9987486
0,0.0166665,31.238143209368,-0.009156927,0.04705057,-0.008151743,0.01679545,0.0460608,0.00987819,0.9987486
0,0.016667,31.2548102084547,-0.009156927,0.04705057,-0.008151743,0.01679545,0.0460608,0.00987819,0.9987486
0,0.0166669,31.2714771088213,-0.009156927,0.04705057,-0.008151743,0.01679545,0.0460608,0.00987819,0.9987486
0,0.0166666,31.2881437093019,-0.009156927,0.04705057,-0.008151743,0.01679545,0.0460608,0.00987819,0.9987486
0,0.0166669,31.3048106096685,-0.009156927,0.04705057,-0.008151743,0.01679545,0.0460608,0.00987819,0.9987486
0,0.0166672,31.3214778099209,-0.009156927,0.04705057,-0.008151743,0.01679545,0.0460608,0.00987819,0.9987486
0,0.0166666,31.3381444104016,-0.009156927,0.04705057,-0.008151743,0.01679545,0.0460608,0.00987819,0.9987486
0,0.016667,31.3548114094883,-0.009156927,0.04705057,-0.008151743,0.01679545,0.0460608,0.00987819,0.9987486
0,0.016667,31.3714784085751,-0.009156927,0.04705057,-0.008151743,0.01679545,0.0460608,0.00987819,0.9987486
0,0.0166672,31.3881456088275,-0.009156927,0.04705057,-0.008151743,0.01679545,0.0460608,0.00987819,0.9987486
0,0.016667,31.4048126079142,-0.009156927,0.04705057,-0.008151743,0.01679545,0.0460608,0.00987819,0.9987486
0,0.0166666,31.4214792083949,-0.009156927,0.04705057,-0.008151743,0.01679545,0.0460608,0.00987819,0.9987486
0,0.0166672,31.4381464086473,-0.009156927,0.04705057,-0.008151743,0.01679545,0.0460608,0.00987819,0.9987486
0,0.016667,31.454813407734,-0.009156927,0.04705057,-0.008151743,0.01679545,0.0460608,0.00987819,0.9987486
0,0.0166667,31.4714801069349,-0.009156927,0.04705057,-0.008151743,0.01679545,0.0460608,0.00987819,0.9987486
0,0.0166668,31.4881469067186,-0.009156927,0.04705057,-0.008151743,0.01679545,0.0460608,0.00987819,0.9987486
0,0.0166668,31.5048137065023,-0.009156927,0.04705057,-0.008151743,0.01679545,0.0460608,0.00987819,0.9987486
0,0.016667,31.5214807055891,-0.009156927,0.04705057,-0.008151743,0.01679545,0.0460608,0.00987819,0.9987486
0,0.0166672,31.5381479058415,-0.009156927,0.04705057,-0.008151743,0.01679545,0.0460608,0.00987819,0.9987486
0,0.0166676,31.5548155065626,-0.009156927,0.04705057,-0.008151743,0.01679545,0.0460608,0.00987819,0.9987486
0,0.0166666,31.5714821070433,-0.009156927,0.04705057,-0.008151743,0.01679545,0.0460608,0.00987819,0.9987486
0,0.016667,31.58814910613,-0.009156927,0.04705057,-0.008151743,0.01679545,0.0460608,0.00987819,0.9987486
0,0.0166665,31.6048156060278,-0.009156927,0.04705057,-0.008151743,0.01679545,0.0460608,0.00987819,0.9987486
0,0.0166673,31.6214829068631,-0.009156927,0.04705057,-0.008151743,0.01679545,0.0460608,0.00987819,0.9987486
0,0.0166675,31.6381504070014,-0.009156927,0.04705057,-0.008151743,0.01679545,0.0460608,0.00987819,0.9987486
0,0.0166662,31.6548166070133,-0.009156927,0.04705057,-0.008151743,0.01679545,0.0460608,0.00987819,0.9987486
0,0.0166668,31.6714834067971,-0.009156927,0.04705057,-0.008151743,0.01679545,0.0460608,0.00987819,0.9987486
0,0.0166674,31.6881508063525,-0.009156927,0.04705057,-0.008151743,0.01679545,0.0460608,0.00987819,0.9987486
0,0.0166666,31.7048174068332,-0.009156927,0.04705057,-0.008151743,0.01679545,0.0460608,0.00987819,0.9987486
0,0.016667,31.7214844059199,-0.009156927,0.04705057,-0.008151743,0.01679545,0.0460608,0.00987819,0.9987486
0,0.0166675,31.7381519060582,-0.009156927,0.04705057,-0.008151743,0.01679545,0.0460608,0.00987819,0.9987486
0,0.016667,31.7548189051449,-0.009156927,0.04705057,-0.008151743,0.01679545,0.0460608,0.00987819,0.9987486
0,0.0166669,31.7714858055115,-0.009156927,0.04705057,-0.008151743,0.01679545,0.0460608,0.00987819,0.9987486
0,0.0166666,31.7881524059922,-0.009156927,0.04705057,-0.008151743,0.01679545,0.0460608,0.00987819,0.9987486
0,0.0166673,31.8048197068274,-0.009156927,0.04705057,-0.008151743,0.01679545,0.0460608,0.00987819,0.9987486
0,0.016667,31.8214867059141,-0.009156927,0.04705057,-0.008151743,0.01679545,0.0460608,0.00987819,0.9987486
0,0.0166675,31.8381542060524,-0.009156927,0.04705057,-0.008151743,0.01679545,0.0460608,0.00987819,0.9987486
0,0.0166672,31.8548214063048,-0.009156927,0.04705057,-0.008151743,0.01679545,0.0460608,0.00987819,0.9987486
0,0.0166664,31.8714878056198,-0.009156927,0.04705057,-0.008151743,0.01679545,0.0460608,0.00987819,0.9987486
0,0.0166671,31.8881549052894,-0.009156927,0.04705057,-0.008151743,0.01679545,0.0460608,0.00987819,0.9987486
0,0.0166668,31.9048217050731,-0.009156927,0.04705057,-0.008151743,0.01679545,0.0460608,0.00987819,0.9987486
0,0.0166668,31.9214885048568,-0.009156927,0.04705057,-0.008151743,0.01679545,0.0460608,0.00987819,0.9987486
0,0.0166673,31.9381558056921,-0.009156927,0.04705057,-0.008151743,0.01679545,0.0460608,0.00987819,0.9987486
0,0.0166675,31.9548233058304,-0.009156927,0.04705057,-0.008151743,0.01679545,0.0460608,0.00987819,0.9987486
0,0.0166665,31.9714898057282,-0.009156927,0.04705057,-0.008151743,0.01679545,0.0460608,0.00987819,0.9987486
0,0.0166671,31.9881569053978,-0.009156927,0.04705057,-0.008151743,0.01679545,0.0460608,0.00987819,0.9987486
0,0.0166667,32.0048236045986,-0.009156927,0.04705057,-0.008151743,0.01679545,0.0460608,0.00987819,0.9987486
0,0.0166668,32.0214904043823,-0.009156927,0.04705057,-0.008151743,0.01679545,0.0460608,0.00987819,0.9987486
0,0.016667,32.0381574034691,-0.009156927,0.04705057,-0.008151743,0.01679545,0.0460608,0.00987819,0.9987486
0,0.0166679,32.0548253040761,-0.009156927,0.04705057,-0.008151743,0.01679545,0.0460608,0.00987819,0.9987486
0,0.0166662,32.071491504088,-0.009156927,0.04705057,-0.008151743,0.01679545,0.0460608,0.00987819,0.9987486
0,0.0166665,32.0881580039859,-0.009156927,0.04705057,-0.008151743,0.01679545,0.0460608,0.00987819,0.9987486
0,0.0166669,32.1048249043524,-0.009156927,0.04705057,-0.008151743,0.01679545,0.0460608,0.00987819,0.9987486
0,0.0166673,32.1214922051877,-0.009156927,0.04705057,-0.008151743,0.01679545,0.0460608,0.00987819,0.9987486
0,0.0166668,32.1381590049714,-0.009156927,0.04705057,-0.008151743,0.01679545,0.0460608,0.00987819,0.9987486
0,0.0166676,32.1548266056925,-0.009156927,0.04705057,-0.008151743,0.01679545,0.0460608,0.00987819,0.9987486
0,0.0166667,32.1714933048934,-0.009156927,0.04705057,-0.008151743,0.01679545,0.0460608,0.00987819,0.9987486
0,0.0166665,32.1881598047912,-0.009156927,0.04705057,-0.008151743,0.01679545,0.0460608,0.00987819,0.9987486
0,0.0166664,32.2048262041062,-0.009156927,0.04705057,-0.008151743,0.01679545,0.0460608,0.00987819,0.9987486
0,0.0166673,32.2214935049415,-0.009156927,0.04705057,-0.008151743,0.01679545,0.0460608,0.00987819,0.9987486
0,0.0166663,32.2381598055363,-0.009156927,0.04705057,-0.008151743,0.01679545,0.0460608,0.00987819,0.9987486
0,0.016667,32.254826804623,-0.009156927,0.04705057,-0.008151743,0.01679545,0.0460608,0.00987819,0.9987486
0,0.0166671,32.2714939042926,-0.009156927,0.04705057,-0.008151743,0.01679545,0.0460608,0.00987819,0.9987486
0,0.0166673,32.2881612051278,-0.009156927,0.04705057,-0.008151743,0.01679545,0.0460608,0.00987819,0.9987486
0,0.016668,32.304829204455,-0.009156927,0.04705057,-0.008151743,0.01679545,0.0460608,0.00987819,0.9987486
0,0.0166663,32.3214955050498,-0.009156927,0.04705057,-0.008151743,0.01679545,0.0460608,0.00987819,0.9987486
0,0.0166664,32.3381619043648,-0.009156927,0.04705057,-0.008151743,0.01679545,0.0460608,0.00987819,0.9987486
0,0.0166673,32.3548292052001,-0.009156927,0.04705057,-0.008151743,0.01679545,0.0460608,0.00987819,0.9987486
0,0.0166671,32.3714963048697,-0.009156927,0.04705057,-0.008151743,0.01679545,0.0460608,0.00987819,0.9987486
0,0.0166669,32.3881632052362,-0.009156927,0.04705057,-0.008151743,0.01679545,0.0460608,0.00987819,0.9987486
0,0.0166664,32.4048296045512,-0.009156927,0.04705057,-0.008151743,0.01679545,0.0460608,0.00987819,0.9987486
0,0.0166669,32.4214965049177,-0.009156927,0.04705057,-0.008151743,0.01679545,0.0460608,0.00987819,0.9987486
0,0.0166671,32.4381636045873,-0.009156927,0.04705057,-0.008151743,0.01679545,0.0460608,0.00987819,0.9987486
0,0.0166667,32.4548303037882,-0.009156927,0.04705057,-0.008151743,0.01679545,0.0460608,0.00987819,0.9987486
0,0.0166672,32.4714975040406,-0.009156927,0.04705057,-0.008151743,0.01679545,0.0460608,0.00987819,0.9987486
0,0.016667,32.4881645031273,-0.009156927,0.04705057,-0.008151743,0.01679545,0.0460608,0.00987819,0.9987486
0,0.0166666,32.504831103608,-0.009156927,0.04705057,-0.008151743,0.01679545,0.0460608,0.00987819,0.9987486
0,0.0166671,32.5214982032776,-0.009156927,0.04705057,-0.008151743,0.01679545,0.0460608,0.00987819,0.9987486
0,0.0166671,32.5381653029472,-0.009156927,0.04705057,-0.008151743,0.01679545,0.0460608,0.00987819,0.9987486
0,0.0166664,32.5548317022622,-0.009156927,0.04705057,-0.008151743,0.01679545,0.0460608,0.00987819,0.9987486
0,0.0166669,32.5714986026287,-0.009156927,0.04705057,-0.008151743,0.01679545,0.0460608,0.00987819,0.9987486
0,0.0166672,32.5881658028811,-0.009156927,0.04705057,-0.008151743,0.01679545,0.0460608,0.00987819,0.9987486
0,0.0166674,32.6048332024366,-0.009156927,0.04705057,-0.008151743,0.01679545,0.0460608,0.00987819,0.9987486
0,0.0166664,32.6214996017516,-0.009156927,0.04705057,-0.008151743,0.01679545,0.0460608,0.00987819,0.9987486
0,0.0166673,32.6381669025868,-0.009156927,0.04705057,-0.008151743,0.01679545,0.0460608,0.00987819,0.9987486
0,0.016667,32.6548339016736,-0.009156927,0.04705057,-0.008151743,0.01679545,0.0460608,0.00987819,0.9987486
0,0.0166668,32.6715007014573,-0.009156927,0.04705057,-0.008151743,0.01679545,0.0460608,0.00987819,0.9987486
0,0.0166671,32.6881678011268,-0.009156927,0.04705057,-0.008151743,0.01679545,0.0460608,0.00987819,0.9987486
0,0.016667,32.7048348002136,-0.009156927,0.04705057,-0.008151743,0.01679545,0.0460608,0.00987819,0.9987486
0,0.0166669,32.7215017005801,-0.009156927,0.04705057,-0.008151743,0.01679545,0.0460608,0.00987819,0.9987486
0,0.0166668,32.7381685003638,-0.009156927,0.04705057,-0.008151743,0.01679545,0.0460608,0.00987819,0.9987486
0,0.0166668,32.7548353001475,-0.009156927,0.04705057,-0.008151743,0.01679545,0.0460608,0.00987819,0.9987486
0,0.0166668,32.7715020999312,-0.009156927,0.04705057,-0.008151743,0.01679545,0.0460608,0.00987819,0.9987486
0,0.0175354,32.7890374995768,-0.009156927,0.04705057,-0.008151743,0.01679545,0.0460608,0.00987819,0.9987486
0,0.0166667,32.8057041987777,-0.009156927,0.04705057,-0.008151743,0.01679545,0.0460608,0.00987819,0.9987486
0,0.0166682,32.8223723992705,-0.009156927,0.04705057,-0.008151743,0.01679545,0.0460608,0.00987819,0.9987486
0,0.0166661,32.8390384986997,-0.009156927,0.04705057,-0.008151743,0.01679545,0.0460608,0.00987819,0.9987486
0,0.0166668,32.8557052984834,-0.009156927,0.04705057,-0.008151743,0.01679545,0.0460608,0.00987819,0.9987486
0,0.0166668,32.8723720982671,-0.009156927,0.04705057,-0.008151743,0.01679545,0.0460608,0.00987819,0.9987486
0,0.0166889,32.8890609983355,-0.009156927,0.04705057,-0.008151743,0.01679545,0.0460608,0.00987819,0.9987486
0,0.0166672,32.9057281985879,-0.009156927,0.04705057,-0.008151743,0.01679545,0.0460608,0.00987819,0.9987486
0,0.0166669,32.9223950989544,-0.009156927,0.04705057,-0.008151743,0.01679545,0.0460608,0.00987819,0.9987486
0,0.0166671,32.939062198624,-0.009156927,0.04705057,-0.008151743,0.01679545,0.0460608,0.00987819,0.9987486
0,0.0166666,32.9557287991047,-0.009156927,0.04705057,-0.008151743,0.01679545,0.0460608,0.00987819,0.9987486
0,0.0166667,32.9723954983056,-0.009156927,0.04705057,-0.008151743,0.01679545,0.0460608,0.00987819,0.9987486
0,0.016667,32.9890624973923,-0.009156927,0.04705057,-0.008151743,0.01679545,0.0460608,0.00987819,0.9987486
0,0.0166669,33.0057293977588,-0.009156927,0.04705057,-0.008151743,0.01679545,0.0460608,0.00987819,0.9987486
0,0.0166672,33.0223965980113,-0.009156927,0.04705057,-0.008151743,0.01679545,0.0460608,0.00987819,0.9987486
0,0.0166677,33.0390642974526,-0.009156927,0.04705057,-0.008151743,0.01679545,0.0460608,0.00987819,0.9987486
0,0.0166663,33.0557305980474,-0.009156927,0.04705057,-0.008151743,0.01679545,0.0460608,0.00987819,0.9987486
0,0.0166666,33.0723971985281,-0.009156927,0.04705057,-0.008151743,0.01679545,0.0460608,0.00987819,0.9987486
0,0.0166673,33.0890644993633,-0.009156927,0.04705057,-0.008151743,0.01679545,0.0460608,0.00987819,0.9987486
0,0.0166668,33.105731299147,-0.009156927,0.04705057,-0.008151743,0.01679545,0.0460608,0.00987819,0.9987486
0,0.0166666,33.1223978996277,-0.009156927,0.04705057,-0.008151743,0.01679545,0.0460608,0.00987819,0.9987486
0,0.016667,33.1390648987144,-0.009156927,0.04705057,-0.008151743,0.01679545,0.0460608,0.00987819,0.9987486
0,0.016667,33.1557318978012,-0.009156927,0.04705057,-0.008151743,0.01679545,0.0460608,0.00987819,0.9987486
0,0.0166669,33.1723987981677,-0.009156927,0.04705057,-0.008151743,0.01679545,0.0460608,0.00987819,0.9987486
0,0.0166667,33.1890654973686,-0.009156927,0.04705057,-0.008151743,0.01679545,0.0460608,0.00987819,0.9987486
0,0.0166673,33.2057327982038,-0.009156927,0.04705057,-0.008151743,0.01679545,0.0460608,0.00987819,0.9987486
0,0.0166671,33.2223998978734,-0.009156927,0.04705057,-0.008151743,0.01679545,0.0460608,0.00987819,0.9987486
0,0.0166666,33.2390664983541,-0.009156927,0.04705057,-0.008151743,0.01679545,0.0460608,0.00987819,0.9987486
0,0.0166675,33.2557339984924,-0.009156927,0.04705057,-0.008151743,0.01679545,0.0460608,0.00987819,0.9987486
0,0.0166664,33.2724003978074,-0.009156927,0.04705057,-0.008151743,0.01679545,0.0460608,0.00987819,0.9987486
0,0.0166667,33.2890670970082,-0.009156927,0.04705057,-0.008151743,0.01679545,0.0460608,0.00987819,0.9987486
0,0.0166669,33.3057339973748,-0.009156927,0.04705057,-0.008151743,0.01679545,0.0460608,0.00987819,0.9987486
0,0.0166669,33.3224008977413,-0.009156927,0.04705057,-0.008151743,0.01679545,0.0460608,0.00987819,0.9987486
0,0.0166669,33.3390677981079,-0.009156927,0.04705057,-0.008151743,0.01679545,0.0460608,0.00987819,0.9987486
0,0.0166676,33.355735398829,-0.009156927,0.04705057,-0.008151743,0.01679545,0.0460608,0.00987819,0.9987486
0,0.0166662,33.372401598841,-0.009156927,0.04705057,-0.008151743,0.01679545,0.0460608,0.00987819,0.9987486
0,0.0166674,33.3890689983964,-0.009156927,0.04705057,-0.008151743,0.01679545,0.0460608,0.00987819,0.9987486
0,0.0166668,33.4057357981801,-0.009156927,0.04705057,-0.008151743,0.01679545,0.0460608,0.00987819,0.9987486
0,0.0166667,33.422402497381,-0.009156927,0.04705057,-0.008151743,0.01679545,0.0460608,0.00987819,0.9987486
0,0.0166673,33.4390697982162,-0.009156927,0.04705057,-0.008151743,0.01679545,0.0460608,0.00987819,0.9987486
0,0.0166669,33.4557366985828,-0.009156927,0.04705057,-0.008151743,0.01679545,0.0460608,0.00987819,0.9987486
0,0.016667,33.4724036976695,-0.009156927,0.04705057,-0.008151743,0.01679545,0.0460608,0.00987819,0.9987486
0,0.0166665,33.4890701975673,-0.009156927,0.04705057,-0.008151743,0.01679545,0.0460608,0.00987819,0.9987486
0,0.016667,33.5057371966541,-0.009156927,0.04705057,-0.008151743,0.01679545,0.0460608,0.00987819,0.9987486
0,0.0166667,33.522403895855,-0.009156927,0.04705057,-0.008151743,0.01679545,0.0460608,0.00987819,0.9987486
0,0.0166817,33.5390855949372,-0.009156927,0.04705057,-0.008151743,0.01679545,0.0460608,0.00987819,0.9987486
0,0.0166665,33.555752094835,-0.009156927,0.04705057,-0.008151743,0.01679545,0.0460608,0.00987819,0.9987486
0,0.0166675,33.5724195949733,-0.009156927,0.04705057,-0.008151743,0.01679545,0.0460608,0.00987819,0.9987486
0,0.0170641,33.5894836951047,-0.009156927,0.04705057,-0.008151743,0.01679545,0.0460608,0.00987819,0.9987486
0,0.0166665,33.6061501950026,-0.009156927,0.04705057,-0.008151743,0.01679545,0.0460608,0.00987819,0.9987486
0,0.016667,33.6228171940893,-0.009156927,0.04705057,-0.008151743,0.01679545,0.0460608,0.00987819,0.9987486
0,0.0166672,33.6394843943417,-0.009156927,0.04705057,-0.008151743,0.01679545,0.0460608,0.00987819,0.9987486
0,0.0166706,33.6561549939215,-0.009156927,0.04705057,-0.008151743,0.01679545,0.0460608,0.00987819,0.9987486
0,0.0166631,33.672818094492,-0.009156927,0.04705057,-0.008151743,0.01679545,0.0460608,0.00987819,0.9987486
0,0.0166674,33.6894854940474,-0.009156927,0.04705057,-0.008151743,0.01679545,0.0460608,0.00987819,0.9987486
0,0.0166669,33.7061523944139,-0.009156927,0.04705057,-0.008151743,0.01679545,0.0460608,0.00987819,0.9987486
0,0.0166669,33.7228192947805,-0.009156927,0.04705057,-0.008151743,0.01679545,0.0460608,0.00987819,0.9987486
0,0.0166668,33.7394860945642,-0.009156927,0.04705057,-0.008151743,0.01679545,0.0460608,0.00987819,0.9987486
0,0.0169504,33.7564364951104,-0.009156927,0.04705057,-0.008151743,0.01679545,0.0460608,0.00987819,0.9987486
0,0.0166701,33.7731065955013,-0.009156927,0.04705057,-0.008151743,0.01679545,0.0460608,0.00987819,0.9987486
0,0.016667,33.789773594588,-0.009156927,0.04705057,-0.008151743,0.01679545,0.0460608,0.00987819,0.9987486
0,0.0166669,33.8064404949546,-0.009156927,0.04705057,-0.008151743,0.01679545,0.0460608,0.00987819,0.9987486
0,0.0166671,33.8231075946242,-0.009156927,0.04705057,-0.008151743,0.01679545,0.0460608,0.00987819,0.9987486
0,0.0166669,33.8397744949907,-0.009156927,0.04705057,-0.008151743,0.01679545,0.0460608,0.00987819,0.9987486
0,0.0166671,33.8564415946603,-0.009156927,0.04705057,-0.008151743,0.01679545,0.0460608,0.00987819,0.9987486
0,0.0166666,33.873108195141,-0.009156927,0.04705057,-0.008151743,0.01679545,0.0460608,0.00987819,0.9987486
0,0.0166672,33.8897753953934,-0.009156927,0.04705057,-0.008151743,0.01679545,0.0460608,0.00987819,0.9987486
0,0.0166667,33.9064420945942,-0.009156927,0.04705057,-0.008151743,0.01679545,0.0460608,0.00987819,0.9987486
0,0.0166669,33.9231089949608,-0.009156927,0.04705057,-0.008151743,0.01679545,0.0460608,0.00987819,0.9987486
0,0.0166669,33.9397758953273,-0.009156927,0.04705057,-0.008151743,0.01679545,0.0460608,0.00987819,0.9987486
0,0.0166669,33.9564427956939,-0.009156927,0.04705057,-0.008151743,0.01679545,0.0460608,0.00987819,0.9987486
0,0.0166669,33.9731096960604,-0.009156927,0.04705057,-0.008151743,0.01679545,0.0460608,0.00987819,0.9987486
0,0.016667,33.9897766951472,-0.009156927,0.04705057,-0.008151743,0.01679545,0.0460608,0.00987819,0.9987486
0,0.0166702,34.0064468942583,-0.009156927,0.04705057,-0.008151743,0.01679545,0.0460608,0.00987819,0.9987486
0,0.0166646,34.023111494258,-0.009156927,0.04705057,-0.008151743,0.01679545,0.0460608,0.00987819,0.9987486
0,0.0166671,34.0397785939276,-0.009156927,0.04705057,-0.008151743,0.01679545,0.0460608,0.00987819,0.9987486
0,0.016667,34.0564455930144,-0.009156927,0.04705057,-0.008151743,0.01679545,0.0460608,0.00987819,0.9987486
0,0.0166668,34.0731123927981,-0.009156927,0.04705057,-0.008151743,0.01679545,0.0460608,0.00987819,0.9987486
0,0.0166669,34.0897792931646,-0.009156927,0.04705057,-0.008151743,0.01679545,0.0460608,0.00987819,0.9987486
0,0.0166674,34.1064466927201,-0.009156927,0.04705057,-0.008151743,0.01679545,0.0460608,0.00987819,0.9987486
0,0.0166667,34.1231133919209,-0.009156927,0.04705057,-0.008151743,0.01679545,0.0460608,0.00987819,0.9987486
0,0.0166665,34.1397798918188,-0.009156927,0.04705057,-0.008151743,0.01679545,0.0460608,0.00987819,0.9987486
0,0.0166667,34.1564465910196,-0.009156927,0.04705057,-0.008151743,0.01679545,0.0460608,0.00987819,0.9987486
0,0.0166669,34.1731134913862,-0.009156927,0.04705057,-0.008151743,0.01679545,0.0460608,0.00987819,0.9987486
0,0.016667,34.1897804904729,-0.009156927,0.04705057,-0.008151743,0.01679545,0.0460608,0.00987819,0.9987486
0,0.0166675,34.2064479906112,-0.009156927,0.04705057,-0.008151743,0.01679545,0.0460608,0.00987819,0.9987486
0,0.0166675,34.2231154907495,-0.009156927,0.04705057,-0.008151743,0.01679545,0.0460608,0.00987819,0.9987486
0,0.0166657,34.2397811915725,-0.009156927,0.04705057,-0.008151743,0.01679545,0.0460608,0.00987819,0.9987486
0,0.0166672,34.256448391825,-0.009156927,0.04705057,-0.008151743,0.01679545,0.0460608,0.00987819,0.9987486
0,0.0166668,34.2731151916087,-0.009156927,0.04705057,-0.008151743,0.01679545,0.0460608,0.00987819,0.9987486
0,0.0166668,34.2897819913924,-0.009156927,0.04705057,-0.008151743,0.01679545,0.0460608,0.00987819,0.9987486
0,0.0166847,34.306466691196,-0.009156927,0.04705057,-0.008151743,0.01679545,0.0460608,0.00987819,0.9987486
0,0.0166672,34.3231338914484,-0.009156927,0.04705057,-0.008151743,0.01679545,0.0460608,0.00987819,0.9987486
0,0.0166665,34.3398003913462,-0.009156927,0.04705057,-0.008151743,0.01679545,0.0460608,0.00987819,0.9987486
0,0.0166667,34.3564670905471,-0.009156927,0.04705057,-0.008151743,0.01679545,0.0460608,0.00987819,0.9987486
0,0.0166669,34.3731339909136,-0.009156927,0.04705057,-0.008151743,0.01679545,0.0460608,0.00987819,0.9987486
0,0.016667,34.3898009900004,-0.009156927,0.04705057,-0.008151743,0.01679545,0.0460608,0.00987819,0.9987486
0,0.0166671,34.4064680896699,-0.009156927,0.04705057,-0.008151743,0.01679545,0.0460608,0.00987819,0.9987486
0,0.0166671,34.4231351893395,-0.009156927,0.04705057,-0.008151743,0.01679545,0.0460608,0.00987819,0.9987486
0,0.0166671,34.4398022890091,-0.009156927,0.04705057,-0.008151743,0.01679545,0.0460608,0.00987819,0.9987486
0,0.0166665,34.4564687889069,-0.009156927,0.04705057,-0.008151743,0.01679545,0.0460608,0.00987819,0.9987486
0,0.0166672,34.4731359891593,-0.009156927,0.04705057,-0.008151743,0.01679545,0.0460608,0.00987819,0.9987486
0,0.0166668,34.4898027889431,-0.009156927,0.04705057,-0.008151743,0.01679545,0.0460608,0.00987819,0.9987486
0,0.0166667,34.5064694881439,-0.009156927,0.04705057,-0.008151743,0.01679545,0.0460608,0.00987819,0.9987486
0,0.0166669,34.5231363885105,-0.009156927,0.04705057,-0.008151743,0.01679545,0.0460608,0.00987819,0.9987486
0,0.016667,34.5398033875972,-0.009156927,0.04705057,-0.008151743,0.01679545,0.0460608,0.00987819,0.9987486
0,0.0166669,34.5564702879637,-0.009156927,0.04705057,-0.008151743,0.01679545,0.0460608,0.00987819,0.9987486
0,0.0166669,34.5731371883303,-0.009156927,0.04705057,-0.008151743,0.01679545,0.0460608,0.00987819,0.9987486
0,0.0166671,34.5898042879999,-0.009156927,0.04705057,-0.008151743,0.01679545,0.0460608,0.00987819,0.9987486
0,0.0166672,34.6064714882523,-0.009156927,0.04705057,-0.008151743,0.01679545,0.0460608,0.00987819,0.9987486
0,0.0166671,34.6231385879219,-0.009156927,0.04705057,-0.008151743,0.01679545,0.0460608,0.00987819,0.9987486
0,0.0166672,34.6398057881743,-0.009156927,0.04705057,-0.008151743,0.01679545,0.0460608,0.00987819,0.9987486
0,0.0166664,34.6564721874893,-0.009156927,0.04705057,-0.008151743,0.01679545,0.0460608,0.00987819,0.9987486
0,0.0166666,34.6731387879699,-0.009156927,0.04705057,-0.008151743,0.01679545,0.0460608,0.00987819,0.9987486
0,0.016667,34.6898057870567,-0.009156927,0.04705057,-0.008151743,0.01679545,0.0460608,0.00987819,0.9987486
0,0.0166994,34.7065051868558,-0.009156927,0.04705057,-0.008151743,0.01679545,0.0460608,0.00987819,0.9987486
0,0.0166668,34.7231719866395,-0.009156927,0.04705057,-0.008151743,0.01679545,0.0460608,0.00987819,0.9987486
0,0.0166671,34.7398390863091,-0.009156927,0.04705057,-0.008151743,0.01679545,0.0460608,0.00987819,0.9987486
0,0.0166672,34.7565062865615,-0.009156927,0.04705057,-0.008151743,0.01679545,0.0460608,0.00987819,0.9987486
0,0.0166665,34.7731727864593,-0.009156927,0.04705057,-0.008151743,0.01679545,0.0460608,0.00987819,0.9987486
0,0.016667,34.7898397855461,-0.009156927,0.04705057,-0.008151743,0.01679545,0.0460608,0.00987819,0.9987486
0,0.0166671,34.8065068852156,-0.009156927,0.04705057,-0.008151743,0.01679545,0.0460608,0.00987819,0.9987486
0,0.0166669,34.8231737855822,-0.009156927,0.04705057,-0.008151743,0.01679545,0.0460608,0.00987819,0.9987486
0,0.0166667,34.8398404847831,-0.009156927,0.04705057,-0.008151743,0.01679545,0.0460608,0.00987819,0.9987486
0,0.0166668,34.8565072845668,-0.009156927,0.04705057,-0.008151743,0.01679545,0.0460608,0.00987819,0.9987486
0,0.016667,34.8731742836535,-0.009156927,0.04705057,-0.008151743,0.01679545,0.0460608,0.00987819,0.9987486
0,0.0166668,34.8898410834372,-0.009156927,0.04705057,-0.008151743,0.01679545,0.0460608,0.00987819,0.9987486
0,0.0166667,34.9065077826381,-0.009156927,0.04705057,-0.008151743,0.01679545,0.0460608,0.00987819,0.9987486
0,0.0166668,34.9231745824218,-0.009156927,0.04705057,-0.008151743,0.01679545,0.0460608,0.00987819,0.9987486
0,0.016667,34.9398415815085,-0.009156927,0.04705057,-0.008151743,0.01679545,0.0460608,0.00987819,0.9987486
0,0.0166672,34.9565087817609,-0.009156927,0.04705057,-0.008151743,0.01679545,0.0460608,0.00987819,0.9987486
0,0.0166672,34.9731759820133,-0.009156927,0.04705057,-0.008151743,0.01679545,0.0460608,0.00987819,0.9987486
0,0.0166669,34.9898428823799,-0.009156927,0.04705057,-0.008151743,0.01679545,0.0460608,0.00987819,0.9987486
0,0.0166675,35.0065103825182,-0.009156927,0.04705057,-0.008151743,0.01679545,0.0460608,0.00987819,0.9987486
0,0.0166661,35.0231764819473,-0.009156927,0.04705057,-0.008151743,0.01679545,0.0460608,0.00987819,0.9987486
0,0.016667,35.039843481034,-0.009156927,0.04705057,-0.008151743,0.01679545,0.0460608,0.00987819,0.9987486
0,0.0166666,35.0565100815147,-0.009156927,0.04705057,-0.008151743,0.01679545,0.0460608,0.00987819,0.9987486
0,0.0166668,35.0731768812984,-0.009156927,0.04705057,-0.008151743,0.01679545,0.0460608,0.00987819,0.9987486
0,0.016667,35.0898438803852,-0.009156927,0.04705057,-0.008151743,0.01679545,0.0460608,0.00987819,0.9987486
0,0.0166671,35.1065109800547,-0.009156927,0.04705057,-0.008151743,0.01679545,0.0460608,0.00987819,0.9987486
0,0.0166666,35.1231775805354,-0.009156927,0.04705057,-0.008151743,0.01679545,0.0460608,0.00987819,0.9987486
0,0.0166674,35.1398449800909,-0.009156927,0.04705057,-0.008151743,0.01679545,0.0460608,0.00987819,0.9987486
0,0.0166668,35.1565117798746,-0.009156927,0.04705057,-0.008151743,0.01679545,0.0460608,0.00987819,0.9987486
0,0.0166669,35.1731786802411,-0.009156927,0.04705057,-0.008151743,0.01679545,0.0460608,0.00987819,0.9987486
0,0.0166671,35.1898457799107,-0.009156927,0.04705057,-0.008151743,0.01679545,0.0460608,0.00987819,0.9987486
0,0.0166677,35.206513479352,-0.009156927,0.04705057,-0.008151743,0.01679545,0.0460608,0.00987819,0.9987486
0,0.0166668,35.2231802791357,-0.009156927,0.04705057,-0.008151743,0.01679545,0.0460608,0.00987819,0.9987486
0,0.0166667,35.2398469783366,-0.009156927,0.04705057,-0.008151743,0.01679545,0.0460608,0.00987819,0.9987486
0,0.0166667,35.2565136775374,-0.009156927,0.04705057,-0.008151743,0.01679545,0.0460608,0.00987819,0.9987486
0,0.016667,35.2731806766242,-0.009156927,0.04705057,-0.008151743,0.01679545,0.0460608,0.00987819,0.9987486
0,0.0166669,35.2898475769907,-0.009156927,0.04705057,-0.008151743,0.01679545,0.0460608,0.00987819,0.9987486
0,0.0166669,35.3065144773573,-0.009156927,0.04705057,-0.008151743,0.01679545,0.0460608,0.00987819,0.9987486
0,0.0166671,35.3231815770268,-0.009156927,0.04705057,-0.008151743,0.01679545,0.0460608,0.00987819,0.9987486
0,0.0166673,35.3398488778621,-0.009156927,0.04705057,-0.008151743,0.01679545,0.0460608,0.00987819,0.9987486
0,0.0166668,35.3565156776458,-0.009156927,0.04705057,-0.008151743,0.01679545,0.0460608,0.00987819,0.9987486
0,0.0166668,35.3731824774295,-0.009156927,0.04705057,-0.008151743,0.01679545,0.0460608,0.00987819,0.9987486
0,0.0166674,35.389849876985,-0.009156927,0.04705057,-0.008151743,0.01679545,0.0460608,0.00987819,0.9987486
0,0.0166668,35.4065166767687,-0.009156927,0.04705057,-0.008151743,0.01679545,0.0460608,0.00987819,0.9987486
0,0.0166664,35.4231830760837,-0.009156927,0.04705057,-0.008151743,0.01679545,0.0460608,0.00987819,0.9987486
0,0.016667,35.4398500751704,-0.009156927,0.04705057,-0.008151743,0.01679545,0.0460608,0.00987819,0.9987486
0,0.0166668,35.4565168749541,-0.009156927,0.04705057,-0.008151743,0.01679545,0.0460608,0.00987819,0.9987486
0,0.016667,35.4731838740408,-0.009156927,0.04705057,-0.008151743,0.01679545,0.0460608,0.00987819,0.9987486
0,0.0166669,35.4898507744074,-0.009156927,0.04705057,-0.008151743,0.01679545,0.0460608,0.00987819,0.9987486
0,0.0166673,35.5065180752426,-0.009156927,0.04705057,-0.008151743,0.01679545,0.0460608,0.00987819,0.9987486
0,0.0166668,35.5231848750263,-0.009156927,0.04705057,-0.008151743,0.01679545,0.0460608,0.00987819,0.9987486
0,0.0166666,35.539851475507,-0.009156927,0.04705057,-0.008151743,0.01679545,0.0460608,0.00987819,0.9987486
0,0.016667,35.5565184745938,-0.009156927,0.04705057,-0.008151743,0.01679545,0.0460608,0.00987819,0.9987486
0,0.0166669,35.5731853749603,-0.009156927,0.04705057,-0.008151743,0.01679545,0.0460608,0.00987819,0.9987486
0,0.0166669,35.5898522753268,-0.009156927,0.04705057,-0.008151743,0.01679545,0.0460608,0.00987819,0.9987486
0,0.0166674,35.6065196748823,-0.009156927,0.04705057,-0.008151743,0.01679545,0.0460608,0.00987819,0.9987486
0,0.0166664,35.6231860741973,-0.009156927,0.04705057,-0.008151743,0.01679545,0.0460608,0.00987819,0.9987486
0,0.0166671,35.6398531738669,-0.009156927,0.04705057,-0.008151743,0.01679545,0.0460608,0.00987819,0.9987486
0,0.0166667,35.6565198730677,-0.009156927,0.04705057,-0.008151743,0.01679545,0.0460608,0.00987819,0.9987486
0,0.0166671,35.6731869727373,-0.009156927,0.04705057,-0.008151743,0.01679545,0.0460608,0.00987819,0.9987486
0,0.0166674,35.6898543722928,-0.009156927,0.04705057,-0.008151743,0.01679545,0.0460608,0.00987819,0.9987486
0,0.0166668,35.7065211720765,-0.009156927,0.04705057,-0.008151743,0.01679545,0.0460608,0.00987819,0.9987486
0,0.0166673,35.7231884729117,-0.009156927,0.04705057,-0.008151743,0.01679545,0.0460608,0.00987819,0.9987486
0,0.0166669,35.7398553732783,-0.009156927,0.04705057,-0.008151743,0.01679545,0.0460608,0.00987819,0.9987486
0,0.0166668,35.756522173062,-0.009156927,0.04705057,-0.008151743,0.01679545,0.0460608,0.00987819,0.9987486
0,0.0166665,35.7731886729598,-0.009156927,0.04705057,-0.008151743,0.01679545,0.0460608,0.00987819,0.9987486
0,0.0166767,35.7898653727025,-0.009156927,0.04705057,-0.008151743,0.01679545,0.0460608,0.00987819,0.9987486
0,0.0166636,35.8065289724618,-0.009156927,0.04705057,-0.008151743,0.01679545,0.0460608,0.00987819,0.9987486
0,0.0166675,35.8231964726001,-0.009156927,0.04705057,-0.008151743,0.01679545,0.0460608,0.00987819,0.9987486
0,0.0166665,35.8398629724979,-0.009156927,0.04705057,-0.008151743,0.01679545,0.0460608,0.00987819,0.9987486
0,0.0166671,35.8565300721675,-0.009156927,0.04705057,-0.008151743,0.01679545,0.0460608,0.00987819,0.9987486
0,0.0166666,35.8731966726482,-0.009156927,0.04705057,-0.008151743,0.01679545,0.0460608,0.00987819,0.9987486
0,0.0166668,35.8898634724319,-0.009156927,0.04705057,-0.008151743,0.01679545,0.0460608,0.00987819,0.9987486
0,0.0166667,35.9065301716328,-0.009156927,0.04705057,-0.008151743,0.01679545,0.0460608,0.00987819,0.9987486
0,0.0166671,35.9231972713023,-0.009156927,0.04705057,-0.008151743,0.01679545,0.0460608,0.00987819,0.9987486
0,0.0166672,35.9398644715548,-0.009156927,0.04705057,-0.008151743,0.01679545,0.0460608,0.00987819,0.9987486
0,0.0166663,35.9565307721496,-0.009156927,0.04705057,-0.008151743,0.01679545,0.0460608,0.00987819,0.9987486
0,0.016667,35.9731977712363,-0.009156927,0.04705057,-0.008151743,0.01679545,0.0460608,0.00987819,0.9987486
0,0.0166671,35.9898648709059,-0.009156927,0.04705057,-0.008151743,0.01679545,0.0460608,0.00987819,0.9987486
0,0.0166673,36.0065321717411,-0.009156927,0.04705057,-0.008151743,0.01679545,0.0460608,0.00987819,0.9987486
0,0.0166668,36.0231989715248,-0.009156927,0.04705057,-0.008151743,0.01679545,0.0460608,0.00987819,0.9987486
0,0.0166677,36.0398666709661,-0.009156927,0.04705057,-0.008151743,0.01679545,0.0460608,0.00987819,0.9987486
0,0.0166662,36.0565328709781,-0.009156927,0.04705057,-0.008151743,0.01679545,0.0460608,0.00987819,0.9987486
0,0.0166664,36.0731992702931,-0.009156927,0.04705057,-0.008151743,0.01679545,0.0460608,0.00987819,0.9987486
0,0.0166669,36.0898661706597,-0.009156927,0.04705057,-0.008151743,0.01679545,0.0460608,0.00987819,0.9987486
0,0.016667,36.1065331697464,-0.009156927,0.04705057,-0.008151743,0.01679545,0.0460608,0.00987819,0.9987486
0,0.0166669,36.1232000701129,-0.009156927,0.04705057,-0.008151743,0.01679545,0.0460608,0.00987819,0.9987486
0,0.0166674,36.1398674696684,-0.009156927,0.04705057,-0.008151743,0.01679545,0.0460608,0.00987819,0.9987486
0,0.0166663,36.1565337702632,-0.009156927,0.04705057,-0.008151743,0.01679545,0.0460608,0.00987819,0.9987486
0,0.0166675,36.1732012704015,-0.009156927,0.04705057,-0.008151743,0.01679545,0.0460608,0.00987819,0.9987486
0,0.0166668,36.1898680701852,-0.009156927,0.04705057,-0.008151743,0.01679545,0.0460608,0.00987819,0.9987486
0,0.0166667,36.2065347693861,-0.009156927,0.04705057,-0.008151743,0.01679545,0.0460608,0.00987819,0.9987486
0,0.016667,36.2232017684728,-0.009156927,0.04705057,-0.008151743,0.01679545,0.0460608,0.00987819,0.9987486
0,0.0166669,36.2398686688393,-0.009156927,0.04705057,-0.008151743,0.01679545,0.0460608,0.00987819,0.9987486
0,0.0166669,36.2565355692059,-0.009156927,0.04705057,-0.008151743,0.01679545,0.0460608,0.00987819,0.9987486
0,0.0166666,36.2732021696866,-0.009156927,0.04705057,-0.008151743,0.01679545,0.0460608,0.00987819,0.9987486
0,0.0166669,36.2898690700531,-0.009156927,0.04705057,-0.008151743,0.01679545,0.0460608,0.00987819,0.9987486
0,0.0166667,36.306535769254,-0.009156927,0.04705057,-0.008151743,0.01679545,0.0460608,0.00987819,0.9987486
0,0.016667,36.3232027683407,-0.009156927,0.04705057,-0.008151743,0.01679545,0.0460608,0.00987819,0.9987486
0,0.0166673,36.339870069176,-0.009156927,0.04705057,-0.008151743,0.01679545,0.0460608,0.00987819,0.9987486
0,0.0173006,36.3571706693619,-0.009156927,0.04705057,-0.008151743,0.01679545,0.0460608,0.00987819,0.9987486
0,0.0166672,36.3738378696144,-0.009156927,0.04705057,-0.008151743,0.01679545,0.0460608,0.00987819,0.9987486
0,0.0166669,36.3905047699809,-0.009156927,0.04705057,-0.008151743,0.01679545,0.0460608,0.00987819,0.9987486
0,0.0166675,36.4071722701192,-0.009156927,0.04705057,-0.008151743,0.01679545,0.0460608,0.00987819,0.9987486
0,0.0166661,36.4238383695483,-0.009156927,0.04705057,-0.008151743,0.01679545,0.0460608,0.00987819,0.9987486
0,0.0166672,36.4405055698007,-0.009156927,0.04705057,-0.008151743,0.01679545,0.0460608,0.00987819,0.9987486
0,0.0166669,36.4571724701673,-0.009156927,0.04705057,-0.008151743,0.01679545,0.0460608,0.00987819,0.9987486
0,0.0166677,36.4738401696086,-0.009156927,0.04705057,-0.008151743,0.01679545,0.0460608,0.00987819,0.9987486
0,0.0166661,36.4905062690377,-0.009156927,0.04705057,-0.008151743,0.01679545,0.0460608,0.00987819,0.9987486
0,0.0166671,36.5071733687073,-0.009156927,0.04705057,-0.008151743,0.01679545,0.0460608,0.00987819,0.9987486
0,0.0166669,36.5238402690738,-0.009156927,0.04705057,-0.008151743,0.01679545,0.0460608,0.00987819,0.9987486
0,0.0166668,36.5405070688576,-0.009156927,0.04705057,-0.008151743,0.01679545,0.0460608,0.00987819,0.9987486
0,0.0166668,36.5571738686413,-0.009156927,0.04705057,-0.008151743,0.01679545,0.0460608,0.00987819,0.9987486
0,0.0166675,36.5738413687795,-0.009156927,0.04705057,-0.008151743,0.01679545,0.0460608,0.00987819,0.9987486
0,0.0166669,36.5905082691461,-0.009156927,0.04705057,-0.008151743,0.01679545,0.0460608,0.00987819,0.9987486
0,0.0166664,36.6071746684611,-0.009156927,0.04705057,-0.008151743,0.01679545,0.0460608,0.00987819,0.9987486
0,0.0166673,36.6238419692963,-0.009156927,0.04705057,-0.008151743,0.01679545,0.0460608,0.00987819,0.9987486
0,0.0166672,36.6405091695488,-0.009156927,0.04705057,-0.008151743,0.01679545,0.0460608,0.00987819,0.9987486
0,0.0166662,36.6571753695607,-0.009156927,0.04705057,-0.008151743,0.01679545,0.0460608,0.00987819,0.9987486
0,0.0166674,36.6738427691162,-0.009156927,0.04705057,-0.008151743,0.01679545,0.0460608,0.00987819,0.9987486
0,0.0166668,36.6905095688999,-0.009156927,0.04705057,-0.008151743,0.01679545,0.0460608,0.00987819,0.9987486
0,0.0166667,36.7071762681007,-0.009156927,0.04705057,-0.008151743,0.01679545,0.0460608,0.00987819,0.9987486
0,0.0166668,36.7238430678844,-0.009156927,0.04705057,-0.008151743,0.01679545,0.0460608,0.00987819,0.9987486
0,0.0166672,36.7405102681369,-0.009156927,0.04705057,-0.008151743,0.01679545,0.0460608,0.00987819,0.9987486
0,0.016667,36.7571772672236,-0.009156927,0.04705057,-0.008151743,0.01679545,0.0460608,0.00987819,0.9987486
0,0.0166668,36.7738440670073,-0.009156927,0.04705057,-0.008151743,0.01679545,0.0460608,0.00987819,0.9987486
0,0.0166672,36.7905112672597,-0.009156927,0.04705057,-0.008151743,0.01679545,0.0460608,0.00987819,0.9987486
0,0.0166669,36.8071781676263,-0.009156927,0.04705057,-0.008151743,0.01679545,0.0460608,0.00987819,0.9987486
0,0.0166671,36.8238452672958,-0.009156927,0.04705057,-0.008151743,0.01679545,0.0460608,0.00987819,0.9987486
0,0.0166664,36.8405116666108,-0.009156927,0.04705057,-0.008151743,0.01679545,0.0460608,0.00987819,0.9987486
0,0.0166675,36.8571791667491,-0.009156927,0.04705057,-0.008151743,0.01679545,0.0460608,0.00987819,0.9987486
0,0.0166666,36.8738457672298,-0.009156927,0.04705057,-0.008151743,0.01679545,0.0460608,0.00987819,0.9987486
0,0.0166667,36.8905124664307,-0.009156927,0.04705057,-0.008151743,0.01679545,0.0460608,0.00987819,0.9987486
0,0.0166671,36.9071795661002,-0.009156927,0.04705057,-0.008151743,0.01679545,0.0460608,0.00987819,0.9987486
0,0.0166669,36.9238464664668,-0.009156927,0.04705057,-0.008151743,0.01679545,0.0460608,0.00987819,0.9987486
0,0.0166672,36.9405136667192,-0.009156927,0.04705057,-0.008151743,0.01679545,0.0460608,0.00987819,0.9987486
0,0.0166663,36.957179967314,-0.009156927,0.04705057,-0.008151743,0.01679545,0.0460608,0.00987819,0.9987486
0,0.0166685,36.9738484676927,-0.009156927,0.04705057,-0.008151743,0.01679545,0.0460608,0.00987819,0.9987486
0,0.0166931,36.9905415680259,-0.009156927,0.04705057,-0.008151743,0.01679545,0.0460608,0.00987819,0.9987486
0,0.0166667,37.0072082672268,-0.009156927,0.04705057,-0.008151743,0.01679545,0.0460608,0.00987819,0.9987486
0,0.0166662,37.0238744672388,-0.009156927,0.04705057,-0.008151743,0.01679545,0.0460608,0.00987819,0.9987486
0,0.0166673,37.040541768074,-0.009156927,0.04705057,-0.008151743,0.01679545,0.0460608,0.00987819,0.9987486
0,0.0166667,37.0572084672749,-0.009156927,0.04705057,-0.008151743,0.01679545,0.0460608,0.00987819,0.9987486
0,0.016667,37.0738754663616,-0.009156927,0.04705057,-0.008151743,0.01679545,0.0460608,0.00987819,0.9987486
0,0.0166667,37.0905421655625,-0.009156927,0.04705057,-0.008151743,0.01679545,0.0460608,0.00987819,0.9987486
0,0.0166672,37.1072093658149,-0.009156927,0.04705057,-0.008151743,0.01679545,0.0460608,0.00987819,0.9987486
0,0.0166672,37.1238765660673,-0.009156927,0.04705057,-0.008151743,0.01679545,0.0460608,0.00987819,0.9987486
0,0.0166667,37.1405432652682,-0.009156927,0.04705057,-0.008151743,0.01679545,0.0460608,0.00987819,0.9987486
0,0.0231375,37.1636807657778,-0.009156927,0.04705057,-0.008151743,0.01679545,0.0460608,0.00987819,0.9987486
0,0.0166686,37.1803493648767,-0.009156927,0.04705057,-0.008151743,0.01679545,0.0460608,0.00987819,0.9987486
0,0.0166669,37.1970162652433,-0.009156927,0.04705057,-0.008151743,0.01679545,0.0460608,0.00987819,0.9987486
0,0.0166672,37.2136834654957,-0.009156927,0.04705057,-0.008151743,0.01679545,0.0460608,0.00987819,0.9987486
0,0.0166662,37.2303496655077,-0.009156927,0.04705057,-0.008151743,0.01679545,0.0460608,0.00987819,0.9987486
0,0.0166669,37.2470165658742,-0.009156927,0.04705057,-0.008151743,0.01679545,0.0460608,0.00987819,0.9987486
0,0.0166669,37.2636834662408,-0.009156927,0.04705057,-0.008151743,0.01679545,0.0460608,0.00987819,0.9987486
0,0.0166668,37.2803502660245,-0.009156927,0.04705057,-0.008151743,0.01679545,0.0460608,0.00987819,0.9987486
0,0.0166675,37.2970177661628,-0.009156927,0.04705057,-0.008151743,0.01679545,0.0460608,0.00987819,0.9987486
0,0.0166667,37.3136844653636,-0.009156927,0.04705057,-0.008151743,0.01679545,0.0460608,0.00987819,0.9987486
0,0.0182083,37.3318927660584,-0.009156927,0.04705057,-0.008151743,0.01679545,0.0460608,0.00987819,0.9987486
0,0.0166684,37.3485611658543,-0.009156927,0.04705057,-0.008151743,0.01679545,0.0460608,0.00987819,0.9987486
0,0.0166667,37.3652278650552,-0.009156927,0.04705057,-0.008151743,0.01679545,0.0460608,0.00987819,0.9987486
0,0.016667,37.3818948641419,-0.009156927,0.04705057,-0.008151743,0.01679545,0.0460608,0.00987819,0.9987486
0,0.0166666,37.3985614646226,-0.009156927,0.04705057,-0.008151743,0.01679545,0.0460608,0.00987819,0.9987486
0,0.0166669,37.4152283649892,-0.009156927,0.04705057,-0.008151743,0.01679545,0.0460608,0.00987819,0.9987486
0,0.0166675,37.4318958651274,-0.009156927,0.04705057,-0.008151743,0.01679545,0.0460608,0.00987819,0.9987486
0,0.0166665,37.4485623650253,-0.009156927,0.04705057,-0.008151743,0.01679545,0.0460608,0.00987819,0.9987486
0,0.0166669,37.4652292653918,-0.009156927,0.04705057,-0.008151743,0.01679545,0.0460608,0.00987819,0.9987486
0,0.0166668,37.4818960651755,-0.009156927,0.04705057,-0.008151743,0.01679545,0.0460608,0.00987819,0.9987486
0,0.0166669,37.4985629655421,-0.009156927,0.04705057,-0.008151743,0.01679545,0.0460608,0.00987819,0.9987486
0,0.016667,37.5152299646288,-0.009156927,0.04705057,-0.008151743,0.01679545,0.0460608,0.00987819,0.9987486
0,0.0166669,37.5318968649954,-0.009156927,0.04705057,-0.008151743,0.01679545,0.0460608,0.00987819,0.9987486
0,0.0166669,37.5485637653619,-0.009156927,0.04705057,-0.008151743,0.01679545,0.0460608,0.00987819,0.9987486
0,0.016667,37.5652307644486,-0.009156927,0.04705057,-0.008151743,0.01679545,0.0460608,0.00987819,0.9987486
0,0.0166665,37.5818972643465,-0.009156927,0.04705057,-0.008151743,0.01679545,0.0460608,0.00987819,0.9987486
0,0.016667,37.5985642634332,-0.009156927,0.04705057,-0.008151743,0.01679545,0.0460608,0.00987819,0.9987486
0,0.0166671,37.6152313631028,-0.009156927,0.04705057,-0.008151743,0.01679545,0.0460608,0.00987819,0.9987486
0,0.0166674,37.6318987626582,-0.009156927,0.04705057,-0.008151743,0.01679545,0.0460608,0.00987819,0.9987486
0,0.0166686,37.6485673617572,-0.009156927,0.04705057,-0.008151743,0.01679545,0.0460608,0.00987819,0.9987486
0,0.016665,37.6652323622257,-0.009156927,0.04705057,-0.008151743,0.01679545,0.0460608,0.00987819,0.9987486
0,0.0166674,37.6818997617811,-0.009156927,0.04705057,-0.008151743,0.01679545,0.0460608,0.00987819,0.9987486
0,0.0166668,37.6985665615648,-0.009156927,0.04705057,-0.008151743,0.01679545,0.0460608,0.00987819,0.9987486
0,0.0166666,37.7152331620455,-0.009156927,0.04705057,-0.008151743,0.01679545,0.0460608,0.00987819,0.9987486
0,0.0166671,37.7319002617151,-0.009156927,0.04705057,-0.008151743,0.01679545,0.0460608,0.00987819,0.9987486
0,0.0166674,37.7485676612705,-0.009156927,0.04705057,-0.008151743,0.01679545,0.0460608,0.00987819,0.9987486
0,0.0166664,37.7652340605855,-0.009156927,0.04705057,-0.008151743,0.01679545,0.0460608,0.00987819,0.9987486
0,0.016667,37.7819010596722,-0.009156927,0.04705057,-0.008151743,0.01679545,0.0460608,0.00987819,0.9987486
0,0.016667,37.798568058759,-0.009156927,0.04705057,-0.008151743,0.01679545,0.0460608,0.00987819,0.9987486
0,0.0166672,37.8152352590114,-0.009156927,0.04705057,-0.008151743,0.01679545,0.0460608,0.00987819,0.9987486
0,0.0166671,37.831902358681,-0.009156927,0.04705057,-0.008151743,0.01679545,0.0460608,0.00987819,0.9987486
0,0.0166666,37.8485689591616,-0.009156927,0.04705057,-0.008151743,0.01679545,0.0460608,0.00987819,0.9987486
0,0.0166675,37.8652364592999,-0.009156927,0.04705057,-0.008151743,0.01679545,0.0460608,0.00987819,0.9987486
0,0.0166673,37.8819037601352,-0.009156927,0.04705057,-0.008151743,0.01679545,0.0460608,0.00987819,0.9987486
0,0.0166659,37.8985696602613,-0.009156927,0.04705057,-0.008151743,0.01679545,0.0460608,0.00987819,0.9987486
0,0.0166667,37.9152363594621,-0.009156927,0.04705057,-0.008151743,0.01679545,0.0460608,0.00987819,0.9987486
0,0.016667,37.9319033585489,-0.009156927,0.04705057,-0.008151743,0.01679545,0.0460608,0.00987819,0.9987486
0,0.0166667,37.9485700577497,-0.009156927,0.04705057,-0.008151743,0.01679545,0.0460608,0.00987819,0.9987486
0,0.0166674,37.9652374573052,-0.009156927,0.04705057,-0.008151743,0.01679545,0.0460608,0.00987819,0.9987486
0,0.0166669,37.9819043576717,-0.009156927,0.04705057,-0.008151743,0.01679545,0.0460608,0.00987819,0.9987486
0,0.0166668,37.9985711574554,-0.009156927,0.04705057,-0.008151743,0.01679545,0.0460608,0.00987819,0.9987486
0,0.0166671,38.015238257125,-0.009156927,0.04705057,-0.008151743,0.01679545,0.0460608,0.00987819,0.9987486
0,0.0166666,38.0319048576057,-0.009156927,0.04705057,-0.008151743,0.01679545,0.0460608,0.00987819,0.9987486
0,0.0174415,38.049346357584,-0.009156927,0.04705057,-0.008151743,0.01679545,0.0460608,0.00987819,0.9987486
0,0.0166684,38.0660147573799,-0.009156927,0.04705057,-0.008151743,0.01679545,0.0460608,0.00987819,0.9987486
0,0.0166673,38.0826820582151,-0.009156927,0.04705057,-0.008151743,0.01679545,0.0460608,0.00987819,0.9987486
0,0.0166664,38.0993484575301,-0.009156927,0.04705057,-0.008151743,0.01679545,0.0460608,0.00987819,0.9987486
0,0.0166678,38.1160162575543,-0.009156927,0.04705057,-0.008151743,0.01679545,0.0460608,0.00987819,0.9987486
0,0.0166673,38.1326835583895,-0.009156927,0.04705057,-0.008151743,0.01679545,0.0460608,0.00987819,0.9987486
0,0.0166668,38.1493503581733,-0.009156927,0.04705057,-0.008151743,0.01679545,0.0460608,0.00987819,0.9987486
0,0.0166665,38.1660168580711,-0.009156927,0.04705057,-0.008151743,0.01679545,0.0460608,0.00987819,0.9987486
0,0.0166674,38.1826842576265,-0.009156927,0.04705057,-0.008151743,0.01679545,0.0460608,0.00987819,0.9987486
0,0.0166665,38.1993507575244,-0.009156927,0.04705057,-0.008151743,0.01679545,0.0460608,0.00987819,0.9987486
0,0.0166671,38.2160178571939,-0.009156927,0.04705057,-0.008151743,0.01679545,0.0460608,0.00987819,0.9987486
0,0.016667,38.2326848562807,-0.009156927,0.04705057,-0.008151743,0.01679545,0.0460608,0.00987819,0.9987486
0,0.0166667,38.2493515554816,-0.009156927,0.04705057,-0.008151743,0.01679545,0.0460608,0.00987819,0.9987486
0,0.0166674,38.266018955037,-0.009156927,0.04705057,-0.008151743,0.01679545,0.0460608,0.00987819,0.9987486
0,0.0166678,38.2826867550612,-0.009156927,0.04705057,-0.008151743,0.01679545,0.0460608,0.00987819,0.9987486
0,0.0166665,38.299353254959,-0.009156927,0.04705057,-0.008151743,0.01679545,0.0460608,0.00987819,0.9987486
0,0.0166666,38.3160198554397,-0.009156927,0.04705057,-0.008151743,0.01679545,0.0460608,0.00987819,0.9987486
0,0.0166672,38.3326870556921,-0.009156927,0.04705057,-0.008151743,0.01679545,0.0460608,0.00987819,0.9987486
0,0.016667,38.3493540547788,-0.009156927,0.04705057,-0.008151743,0.01679545,0.0460608,0.00987819,0.9987486
0,0.0166665,38.3660205546767,-0.009156927,0.04705057,-0.008151743,0.01679545,0.0460608,0.00987819,0.9987486
0,0.0166668,38.3826873544604,-0.009156927,0.04705057,-0.008151743,0.01679545,0.0460608,0.00987819,0.9987486
0,0.0166674,38.3993547540158,-0.009156927,0.04705057,-0.008151743,0.01679545,0.0460608,0.00987819,0.9987486
0,0.0166668,38.4160215537995,-0.009156927,0.04705057,-0.008151743,0.01679545,0.0460608,0.00987819,0.9987486
0,0.0166668,38.4326883535832,-0.009156927,0.04705057,-0.008151743,0.01679545,0.0460608,0.00987819,0.9987486
0,0.0166671,38.4493554532528,-0.009156927,0.04705057,-0.008151743,0.01679545,0.0460608,0.00987819,0.9987486
0,0.016667,38.4660224523395,-0.009156927,0.04705057,-0.008151743,0.01679545,0.0460608,0.00987819,0.9987486
0,0.0166667,38.4826891515404,-0.009156927,0.04705057,-0.008151743,0.01679545,0.0460608,0.00987819,0.9987486
0,0.0166669,38.4993560519069,-0.009156927,0.04705057,-0.008151743,0.01679545,0.0460608,0.00987819,0.9987486
0,0.0166677,38.5160237513483,-0.009156927,0.04705057,-0.008151743,0.01679545,0.0460608,0.00987819,0.9987486
0,0.0166679,38.5326916519552,-0.009156927,0.04705057,-0.008151743,0.01679545,0.0460608,0.00987819,0.9987486
0,0.0166649,38.5493565518409,-0.009156927,0.04705057,-0.008151743,0.01679545,0.0460608,0.00987819,0.9987486
0,0.0166668,38.5660233516246,-0.009156927,0.04705057,-0.008151743,0.01679545,0.0460608,0.00987819,0.9987486
0,0.016667,38.5826903507113,-0.009156927,0.04705057,-0.008151743,0.01679545,0.0460608,0.00987819,0.9987486
0,0.0166669,38.5993572510779,-0.009156927,0.04705057,-0.008151743,0.01679545,0.0460608,0.00987819,0.9987486
0,0.0166675,38.6160247512162,-0.009156927,0.04705057,-0.008151743,0.01679545,0.0460608,0.00987819,0.9987486
0,0.0166669,38.6326916515827,-0.009156927,0.04705057,-0.008151743,0.01679545,0.0460608,0.00987819,0.9987486
0,0.0166665,38.6493581514806,-0.009156927,0.04705057,-0.008151743,0.01679545,0.0460608,0.00987819,0.9987486
0,0.016667,38.6660251505673,-0.009156927,0.04705057,-0.008151743,0.01679545,0.0460608,0.00987819,0.9987486
0,0.0166672,38.6826923508197,-0.009156927,0.04705057,-0.008151743,0.01679545,0.0460608,0.00987819,0.9987486
0,0.0166664,38.6993587501347,-0.009156927,0.04705057,-0.008151743,0.01679545,0.0460608,0.00987819,0.9987486
0,0.0166671,38.7160258498043,-0.009156927,0.04705057,-0.008151743,0.01679545,0.0460608,0.00987819,0.9987486
0,0.016668,38.7326938491315,-0.009156927,0.04705057,-0.008151743,0.01679545,0.0460608,0.00987819,0.9987486
0,0.0166663,38.7493601497263,-0.009156927,0.04705057,-0.008151743,0.01679545,0.0460608,0.00987819,0.9987486
0,0.0166668,38.76602694951,-0.009156927,0.04705057,-0.008151743,0.01679545,0.0460608,0.00987819,0.9987486
0,0.0166669,38.7826938498765,-0.009156927,0.04705057,-0.008151743,0.01679545,0.0460608,0.00987819,0.9987486
0,0.0166673,38.7993611507118,-0.009156927,0.04705057,-0.008151743,0.01679545,0.0460608,0.00987819,0.9987486
0,0.016669,38.8160301502794,-0.009156927,0.04705057,-0.008151743,0.01679545,0.0460608,0.00987819,0.9987486
0,0.016667,38.8326971493661,-0.009156927,0.04705057,-0.008151743,0.01679545,0.0460608,0.00987819,0.9987486
0,0.0166665,38.849363649264,-0.009156927,0.04705057,-0.008151743,0.01679545,0.0460608,0.00987819,0.9987486
0,0.0166663,38.8660299498588,-0.009156927,0.04705057,-0.008151743,0.01679545,0.0460608,0.00987819,0.9987486
0,0.0166674,38.8826973494142,-0.009156927,0.04705057,-0.008151743,0.01679545,0.0460608,0.00987819,0.9987486
0,0.0166665,38.8993638493121,-0.009156927,0.04705057,-0.008151743,0.01679545,0.0460608,0.00987819,0.9987486
0,0.0166668,38.9160306490958,-0.009156927,0.04705057,-0.008151743,0.01679545,0.0460608,0.00987819,0.9987486
0,0.0166674,38.9326980486512,-0.009156927,0.04705057,-0.008151743,0.01679545,0.0460608,0.00987819,0.9987486
0,0.0166669,38.9493649490178,-0.009156927,0.04705057,-0.008151743,0.01679545,0.0460608,0.00987819,0.9987486
0,0.0166664,38.9660313483328,-0.009156927,0.04705057,-0.008151743,0.01679545,0.0460608,0.00987819,0.9987486
0,0.0166669,38.9826982486993,-0.009156927,0.04705057,-0.008151743,0.01679545,0.0460608,0.00987819,0.9987486
0,0.0166671,38.9993653483689,-0.009156927,0.04705057,-0.008151743,0.01679545,0.0460608,0.00987819,0.9987486
0,0.0166671,39.0160324480385,-0.009156927,0.04705057,-0.008151743,0.01679545,0.0460608,0.00987819,0.9987486
0,0.0166672,39.0326996482909,-0.009156927,0.04705057,-0.008151743,0.01679545,0.0460608,0.00987819,0.9987486
0,0.0166667,39.0493663474917,-0.009156927,0.04705057,-0.008151743,0.01679545,0.0460608,0.00987819,0.9987486
0,0.0166672,39.0660335477442,-0.009156927,0.04705057,-0.008151743,0.01679545,0.0460608,0.00987819,0.9987486
0,0.0166666,39.0827001482248,-0.009156927,0.04705057,-0.008151743,0.01679545,0.0460608,0.00987819,0.9987486
0,0.0166666,39.0993667487055,-0.009156927,0.04705057,-0.008151743,0.01679545,0.0460608,0.00987819,0.9987486
0,0.0166669,39.1160336490721,-0.009156927,0.04705057,-0.008151743,0.01679545,0.0460608,0.00987819,0.9987486
0,0.016667,39.1327006481588,-0.009156927,0.04705057,-0.008151743,0.01679545,0.0460608,0.00987819,0.9987486
0,0.0168673,39.1495679486543,-0.009156927,0.04705057,-0.008151743,0.01679545,0.0460608,0.00987819,0.9987486
0,0.0166687,39.1662366483361,-0.009156927,0.04705057,-0.008151743,0.01679545,0.0460608,0.00987819,0.9987486
0,0.0166663,39.1829029489309,-0.009156927,0.04705057,-0.008151743,0.01679545,0.0460608,0.00987819,0.9987486
0,0.0166669,39.1995698492974,-0.009156927,0.04705057,-0.008151743,0.01679545,0.0460608,0.00987819,0.9987486
0,0.0166711,39.2162409499288,-0.009156927,0.04705057,-0.008151743,0.01679545,0.0460608,0.00987819,0.9987486
0,0.016667,39.2329079490155,-0.009156927,0.04705057,-0.008151743,0.01679545,0.0460608,0.00987819,0.9987486
0,0.0166722,39.2495801486075,-0.009156927,0.04705057,-0.008151743,0.01679545,0.0460608,0.00987819,0.9987486
0,0.0166625,39.2662426494062,-0.009156927,0.04705057,-0.008151743,0.01679545,0.0460608,0.00987819,0.9987486
0,0.0166668,39.2829094491899,-0.009156927,0.04705057,-0.008151743,0.01679545,0.0460608,0.00987819,0.9987486
0,0.0166664,39.2995758485049,-0.009156927,0.04705057,-0.008151743,0.01679545,0.0460608,0.00987819,0.9987486
0,0.0166674,39.3162432480603,-0.009156927,0.04705057,-0.008151743,0.01679545,0.0460608,0.00987819,0.9987486
0,0.0166664,39.3329096473753,-0.009156927,0.04705057,-0.008151743,0.01679545,0.0460608,0.00987819,0.9987486
0,0.0166669,39.3495765477419,-0.009156927,0.04705057,-0.008151743,0.01679545,0.0460608,0.00987819,0.9987486
0,0.0166672,39.3662437479943,-0.009156927,0.04705057,-0.008151743,0.01679545,0.0460608,0.00987819,0.9987486
0,0.0166668,39.382910547778,-0.009156927,0.04705057,-0.008151743,0.01679545,0.0460608,0.00987819,0.9987486
0,0.0166667,39.3995772469789,-0.009156927,0.04705057,-0.008151743,0.01679545,0.0460608,0.00987819,0.9987486
0,0.0166671,39.4162443466485,-0.009156927,0.04705057,-0.008151743,0.01679545,0.0460608,0.00987819,0.9987486
0,0.016667,39.4329113457352,-0.009156927,0.04705057,-0.008151743,0.01679545,0.0460608,0.00987819,0.9987486
0,0.0166676,39.4495789464563,-0.009156927,0.04705057,-0.008151743,0.01679545,0.0460608,0.00987819,0.9987486
0,0.016666,39.4662449471653,-0.009156927,0.04705057,-0.008151743,0.01679545,0.0460608,0.00987819,0.9987486
0,0.016668,39.4829129464924,-0.009156927,0.04705057,-0.008151743,0.01679545,0.0460608,0.00987819,0.9987486
0,0.0166662,39.4995791465044,-0.009156927,0.04705057,-0.008151743,0.01679545,0.0460608,0.00987819,0.9987486
0,0.0166678,39.5162469465286,-0.009156927,0.04705057,-0.008151743,0.01679545,0.0460608,0.00987819,0.9987486
0,0.0166669,39.5329138468951,-0.009156927,0.04705057,-0.008151743,0.01679545,0.0460608,0.00987819,0.9987486
0,0.0166671,39.5495809465647,-0.009156927,0.04705057,-0.008151743,0.01679545,0.0460608,0.00987819,0.9987486
0,0.0166665,39.5662474464625,-0.009156927,0.04705057,-0.008151743,0.01679545,0.0460608,0.00987819,0.9987486
0,0.0166678,39.5829152464867,-0.009156927,0.04705057,-0.008151743,0.01679545,0.0460608,0.00987819,0.9987486
0,0.0166662,39.5995814464986,-0.009156927,0.04705057,-0.008151743,0.01679545,0.0460608,0.00987819,0.9987486
0,0.0166669,39.6162483468652,-0.009156927,0.04705057,-0.008151743,0.01679545,0.0460608,0.00987819,0.9987486
0,0.0166672,39.6329155471176,-0.009156927,0.04705057,-0.008151743,0.01679545,0.0460608,0.00987819,0.9987486
0,0.0166668,39.6495823469013,-0.009156927,0.04705057,-0.008151743,0.01679545,0.0460608,0.00987819,0.9987486
0,0.0166668,39.666249146685,-0.009156927,0.04705057,-0.008151743,0.01679545,0.0460608,0.00987819,0.9987486
0,0.0166674,39.6829165462404,-0.009156927,0.04705057,-0.008151743,0.01679545,0.0460608,0.00987819,0.9987486
0,0.0166668,39.6995833460242,-0.009156927,0.04705057,-0.008151743,0.01679545,0.0460608,0.00987819,0.9987486
0,0.0166668,39.7162501458079,-0.009156927,0.04705057,-0.008151743,0.01679545,0.0460608,0.00987819,0.9987486
0,0.0166667,39.7329168450087,-0.009156927,0.04705057,-0.008151743,0.01679545,0.0460608,0.00987819,0.9987486
0,0.0166669,39.7495837453753,-0.009156927,0.04705057,-0.008151743,0.01679545,0.0460608,0.00987819,0.9987486
0,0.0166658,39.7662495449185,-0.009156927,0.04705057,-0.008151743,0.01679545,0.0460608,0.00987819,0.9987486
0,0.0166681,39.7829176448286,-0.009156927,0.04705057,-0.008151743,0.01679545,0.0460608,0.00987819,0.9987486
0,0.0166673,39.7995849456638,-0.009156927,0.04705057,-0.008151743,0.01679545,0.0460608,0.00987819,0.9987486
0,0.0166665,39.8162514455616,-0.009156927,0.04705057,-0.008151743,0.01679545,0.0460608,0.00987819,0.9987486
0,0.0166672,39.8329186458141,-0.009156927,0.04705057,-0.008151743,0.01679545,0.0460608,0.00987819,0.9987486
0,0.0166666,39.8495852462947,-0.009156927,0.04705057,-0.008151743,0.01679545,0.0460608,0.00987819,0.9987486
0,0.0166668,39.8662520460784,-0.009156927,0.04705057,-0.008151743,0.01679545,0.0460608,0.00987819,0.9987486
0,0.0166667,39.8829187452793,-0.009156927,0.04705057,-0.008151743,0.01679545,0.0460608,0.00987819,0.9987486
0,0.0166672,39.8995859455317,-0.009156927,0.04705057,-0.008151743,0.01679545,0.0460608,0.00987819,0.9987486
0,0.0166665,39.9162524454296,-0.009156927,0.04705057,-0.008151743,0.01679545,0.0460608,0.00987819,0.9987486
0,0.0166671,39.9329195450991,-0.009156927,0.04705057,-0.008151743,0.01679545,0.0460608,0.00987819,0.9987486
0,0.0166671,39.9495866447687,-0.009156927,0.04705057,-0.008151743,0.01679545,0.0460608,0.00987819,0.9987486
0,0.016667,39.9662536438555,-0.009156927,0.04705057,-0.008151743,0.01679545,0.0460608,0.00987819,0.9987486
0,0.0166672,39.9829208441079,-0.009156927,0.04705057,-0.008151743,0.01679545,0.0460608,0.00987819,0.9987486
0,0.0166667,39.9995875433087,-0.009156927,0.04705057,-0.008151743,0.01679545,0.0460608,0.00987819,0.9987486
0,0.0166672,40.0162547435611,-0.009156927,0.04705057,-0.008151743,0.01679545,0.0460608,0.00987819,0.9987486
0,0.0166669,40.0329216439277,-0.009156927,0.04705057,-0.008151743,0.01679545,0.0460608,0.00987819,0.9987486
0,0.0166665,40.0495881438255,-0.009156927,0.04705057,-0.008151743,0.01679545,0.0460608,0.00987819,0.9987486
0,0.0166668,40.0662549436092,-0.009156927,0.04705057,-0.008151743,0.01679545,0.0460608,0.00987819,0.9987486
0,0.0166671,40.0829220432788,-0.009156927,0.04705057,-0.008151743,0.01679545,0.0460608,0.00987819,0.9987486
0,0.0166667,40.0995887424797,-0.009156927,0.04705057,-0.008151743,0.01679545,0.0460608,0.00987819,0.9987486
0,0.0166684,40.1162571422756,-0.009156927,0.04705057,-0.008151743,0.01679545,0.0460608,0.00987819,0.9987486
0,0.0166657,40.1329228430986,-0.009156927,0.04705057,-0.008151743,0.01679545,0.0460608,0.00987819,0.9987486
0,0.0166673,40.1495901439339,-0.009156927,0.04705057,-0.008151743,0.01679545,0.0460608,0.00987819,0.9987486
0,0.0166667,40.1662568431348,-0.009156927,0.04705057,-0.008151743,0.01679545,0.0460608,0.00987819,0.9987486
0,0.0166666,40.1829234436154,-0.009156927,0.04705057,-0.008151743,0.01679545,0.0460608,0.00987819,0.9987486
0,0.0166671,40.199590543285,-0.009156927,0.04705057,-0.008151743,0.01679545,0.0460608,0.00987819,0.9987486
0,0.016668,40.2162585426122,-0.009156927,0.04705057,-0.008151743,0.01679545,0.0460608,0.00987819,0.9987486
0,0.0166657,40.2329242434353,-0.009156927,0.04705057,-0.008151743,0.01679545,0.0460608,0.00987819,0.9987486
0,0.0166682,40.2495924439281,-0.009156927,0.04705057,-0.008151743,0.01679545,0.0460608,0.00987819,0.9987486
0,0.0166658,40.2662582434714,-0.009156927,0.04705057,-0.008151743,0.01679545,0.0460608,0.00987819,0.9987486
0,0.016668,40.2829262427986,-0.009156927,0.04705057,-0.008151743,0.01679545,0.0460608,0.00987819,0.9987486
0,0.0166665,40.2995927426964,-0.009156927,0.04705057,-0.008151743,0.01679545,0.0460608,0.00987819,0.9987486
0,0.0166666,40.3162593431771,-0.009156927,0.04705057,-0.008151743,0.01679545,0.0460608,0.00987819,0.9987486
0,0.0166674,40.3329267427325,-0.009156927,0.04705057,-0.008151743,0.01679545,0.0460608,0.00987819,0.9987486
0,0.0166663,40.3495930433273,-0.009156927,0.04705057,-0.008151743,0.01679545,0.0460608,0.00987819,0.9987486
0,0.0166669,40.3662599436939,-0.009156927,0.04705057,-0.008151743,0.01679545,0.0460608,0.00987819,0.9987486
0,0.0166677,40.3829276431352,-0.009156927,0.04705057,-0.008151743,0.01679545,0.0460608,0.00987819,0.9987486
0,0.0166663,40.39959394373,-0.009156927,0.04705057,-0.008151743,0.01679545,0.0460608,0.00987819,0.9987486
0,0.0166658,40.4162597432733,-0.009156927,0.04705057,-0.008151743,0.01679545,0.0460608,0.00987819,0.9987486
0,0.0166678,40.4329275432974,-0.009156927,0.04705057,-0.008151743,0.01679545,0.0460608,0.00987819,0.9987486
0,0.0166668,40.4495943430811,-0.009156927,0.04705057,-0.008151743,0.01679545,0.0460608,0.00987819,0.9987486
0,0.0166671,40.4662614427507,-0.009156927,0.04705057,-0.008151743,0.01679545,0.0460608,0.00987819,0.9987486
0,0.0166669,40.4829283431172,-0.009156927,0.04705057,-0.008151743,0.01679545,0.0460608,0.00987819,0.9987486
0,0.016667,40.499595342204,-0.009156927,0.04705057,-0.008151743,0.01679545,0.0460608,0.00987819,0.9987486
0,0.0166671,40.5162624418736,-0.009156927,0.04705057,-0.008151743,0.01679545,0.0460608,0.00987819,0.9987486
0,0.0166667,40.5329291410744,-0.009156927,0.04705057,-0.008151743,0.01679545,0.0460608,0.00987819,0.9987486
0,0.0166682,40.5495973415673,-0.009156927,0.04705057,-0.008151743,0.01679545,0.0460608,0.00987819,0.9987486
0,0.0166661,40.5662634409964,-0.009156927,0.04705057,-0.008151743,0.01679545,0.0460608,0.00987819,0.9987486
0,0.0166675,40.5829309411347,-0.009156927,0.04705057,-0.008151743,0.01679545,0.0460608,0.00987819,0.9987486
0,0.0166658,40.599596740678,-0.009156927,0.04705057,-0.008151743,0.01679545,0.0460608,0.00987819,0.9987486
0,0.0166668,40.6162635404617,-0.009156927,0.04705057,-0.008151743,0.01679545,0.0460608,0.00987819,0.9987486
0,0.0166672,40.6329307407141,-0.009156927,0.04705057,-0.008151743,0.01679545,0.0460608,0.00987819,0.9987486
0,0.016669,40.6495997402817,-0.009156927,0.04705057,-0.008151743,0.01679545,0.0460608,0.00987819,0.9987486
0,0.0166648,40.6662645395845,-0.009156927,0.04705057,-0.008151743,0.01679545,0.0460608,0.00987819,0.9987486
0,0.0166677,40.6829322390258,-0.009156927,0.04705057,-0.008151743,0.01679545,0.0460608,0.00987819,0.9987486
0,0.0166666,40.6995988395065,-0.009156927,0.04705057,-0.008151743,0.01679545,0.0460608,0.00987819,0.9987486
0,0.0166677,40.7162665389478,-0.009156927,0.04705057,-0.008151743,0.01679545,0.0460608,0.00987819,0.9987486
0,0.0166662,40.7329327389598,-0.009156927,0.04705057,-0.008151743,0.01679545,0.0460608,0.00987819,0.9987486
0,0.0166672,40.7495999392122,-0.009156927,0.04705057,-0.008151743,0.01679545,0.0460608,0.00987819,0.9987486
0,0.0166669,40.7662668395787,-0.009156927,0.04705057,-0.008151743,0.01679545,0.0460608,0.00987819,0.9987486
0,0.0166665,40.7829333394766,-0.009156927,0.04705057,-0.008151743,0.01679545,0.0460608,0.00987819,0.9987486
0,0.0166669,40.7996002398431,-0.009156927,0.04705057,-0.008151743,0.01679545,0.0460608,0.00987819,0.9987486
0,0.0166668,40.8162670396268,-0.009156927,0.04705057,-0.008151743,0.01679545,0.0460608,0.00987819,0.9987486
0,0.0166671,40.8329341392964,-0.009156927,0.04705057,-0.008151743,0.01679545,0.0460608,0.00987819,0.9987486
0,0.0166725,40.8496066387743,-0.009156927,0.04705057,-0.008151743,0.01679545,0.0460608,0.00987819,0.9987486
0,0.0166669,40.8662735391408,-0.009156927,0.04705057,-0.008151743,0.01679545,0.0460608,0.00987819,0.9987486
0,0.0166663,40.8829398397356,-0.009156927,0.04705057,-0.008151743,0.01679545,0.0460608,0.00987819,0.9987486
0,0.016667,40.8996068388224,-0.009156927,0.04705057,-0.008151743,0.01679545,0.0460608,0.00987819,0.9987486
0,0.0166668,40.9162736386061,-0.009156927,0.04705057,-0.008151743,0.01679545,0.0460608,0.00987819,0.9987486
0,0.0166669,40.9329405389726,-0.009156927,0.04705057,-0.008151743,0.01679545,0.0460608,0.00987819,0.9987486
0,0.0166671,40.9496076386422,-0.009156927,0.04705057,-0.008151743,0.01679545,0.0460608,0.00987819,0.9987486
0,0.0166671,40.9662747383118,-0.009156927,0.04705057,-0.008151743,0.01679545,0.0460608,0.00987819,0.9987486
0,0.0166674,40.9829421378672,-0.009156927,0.04705057,-0.008151743,0.01679545,0.0460608,0.00987819,0.9987486
0,0.0166661,40.9996082372963,-0.009156927,0.04705057,-0.008151743,0.01679545,0.0460608,0.00987819,0.9987486
0,0.0166671,41.0162753369659,-0.009156927,0.04705057,-0.008151743,0.01679545,0.0460608,0.00987819,0.9987486
0,0.0166674,41.0329427365214,-0.009156927,0.04705057,-0.008151743,0.01679545,0.0460608,0.00987819,0.9987486
0,0.0166663,41.0496090371162,-0.009156927,0.04705057,-0.008151743,0.01679545,0.0460608,0.00987819,0.9987486
0,0.016667,41.0662760362029,-0.009156927,0.04705057,-0.008151743,0.01679545,0.0460608,0.00987819,0.9987486
0,0.0166678,41.0829438362271,-0.009156927,0.04705057,-0.008151743,0.01679545,0.0460608,0.00987819,0.9987486
0,0.0166659,41.0996097363532,-0.009156927,0.04705057,-0.008151743,0.01679545,0.0460608,0.00987819,0.9987486
0,0.0166671,41.1162768360227,-0.009156927,0.04705057,-0.008151743,0.01679545,0.0460608,0.00987819,0.9987486
0,0.0166666,41.1329434365034,-0.009156927,0.04705057,-0.008151743,0.01679545,0.0460608,0.00987819,0.9987486
0,0.0166673,41.1496107373387,-0.009156927,0.04705057,-0.008151743,0.01679545,0.0460608,0.00987819,0.9987486
0,0.016667,41.1662777364254,-0.009156927,0.04705057,-0.008151743,0.01679545,0.0460608,0.00987819,0.9987486
0,0.0166673,41.1829450372607,-0.009156927,0.04705057,-0.008151743,0.01679545,0.0460608,0.00987819,0.9987486
0,0.0166663,41.1996113378555,-0.009156927,0.04705057,-0.008151743,0.01679545,0.0460608,0.00987819,0.9987486
0,0.016667,41.2162783369422,-0.009156927,0.04705057,-0.008151743,0.01679545,0.0460608,0.00987819,0.9987486
0,0.0166668,41.2329451367259,-0.009156927,0.04705057,-0.008151743,0.01679545,0.0460608,0.00987819,0.9987486
0,0.0166669,41.2496120370924,-0.009156927,0.04705057,-0.008151743,0.01679545,0.0460608,0.00987819,0.9987486
0,0.0166667,41.2662787362933,-0.009156927,0.04705057,-0.008151743,0.01679545,0.0460608,0.00987819,0.9987486
0,0.0166674,41.2829461358488,-0.009156927,0.04705057,-0.008151743,0.01679545,0.0460608,0.00987819,0.9987486
0,0.016667,41.2996131349355,-0.009156927,0.04705057,-0.008151743,0.01679545,0.0460608,0.00987819,0.9987486
0,0.0166669,41.316280035302,-0.009156927,0.04705057,-0.008151743,0.01679545,0.0460608,0.00987819,0.9987486
0,0.0166671,41.3329471349716,-0.009156927,0.04705057,-0.008151743,0.01679545,0.0460608,0.00987819,0.9987486
0,0.0166844,41.3496315348893,-0.009156927,0.04705057,-0.008151743,0.01679545,0.0460608,0.00987819,0.9987486
0,0.016667,41.3662985339761,-0.009156927,0.04705057,-0.008151743,0.01679545,0.0460608,0.00987819,0.9987486
0,0.0166672,41.3829657342285,-0.009156927,0.04705057,-0.008151743,0.01679545,0.0460608,0.00987819,0.9987486
0,0.0166667,41.3996324334294,-0.009156927,0.04705057,-0.008151743,0.01679545,0.0460608,0.00987819,0.9987486
0,0.0166677,41.4163001328707,-0.009156927,0.04705057,-0.008151743,0.01679545,0.0460608,0.00987819,0.9987486
0,0.0166673,41.4329674337059,-0.009156927,0.04705057,-0.008151743,0.01679545,0.0460608,0.00987819,0.9987486
0,0.0166664,41.4496338330209,-0.009156927,0.04705057,-0.008151743,0.01679545,0.0460608,0.00987819,0.9987486
0,0.0166662,41.4663000330329,-0.009156927,0.04705057,-0.008151743,0.01679545,0.0460608,0.00987819,0.9987486
0,0.0166672,41.4829672332853,-0.009156927,0.04705057,-0.008151743,0.01679545,0.0460608,0.00987819,0.9987486
0,0.0166669,41.4996341336519,-0.009156927,0.04705057,-0.008151743,0.01679545,0.0460608,0.00987819,0.9987486
0,0.0166675,41.5163016337901,-0.009156927,0.04705057,-0.008151743,0.01679545,0.0460608,0.00987819,0.9987486
0,0.0166664,41.5329680331051,-0.009156927,0.04705057,-0.008151743,0.01679545,0.0460608,0.00987819,0.9987486
0,0.016667,41.5496350321919,-0.009156927,0.04705057,-0.008151743,0.01679545,0.0460608,0.00987819,0.9987486
0,0.0166673,41.5663023330271,-0.009156927,0.04705057,-0.008151743,0.01679545,0.0460608,0.00987819,0.9987486
0,0.016667,41.5829693321139,-0.009156927,0.04705057,-0.008151743,0.01679545,0.0460608,0.00987819,0.9987486
0,0.0166666,41.5996359325945,-0.009156927,0.04705057,-0.008151743,0.01679545,0.0460608,0.00987819,0.9987486
0,0.0166674,41.61630333215,-0.009156927,0.04705057,-0.008151743,0.01679545,0.0460608,0.00987819,0.9987486
0,0.0166677,41.6329710315913,-0.009156927,0.04705057,-0.008151743,0.01679545,0.0460608,0.00987819,0.9987486
0,0.0166656,41.6496366318315,-0.009156927,0.04705057,-0.008151743,0.01679545,0.0460608,0.00987819,0.9987486
0,0.016667,41.6663036309183,-0.009156927,0.04705057,-0.008151743,0.01679545,0.0460608,0.00987819,0.9987486
0,0.0166668,41.682970430702,-0.009156927,0.04705057,-0.008151743,0.01679545,0.0460608,0.00987819,0.9987486
0,0.0166671,41.6996375303715,-0.009156927,0.04705057,-0.008151743,0.01679545,0.0460608,0.00987819,0.9987486
0,0.0166671,41.7163046300411,-0.009156927,0.04705057,-0.008151743,0.01679545,0.0460608,0.00987819,0.9987486
0,0.0166668,41.7329714298248,-0.009156927,0.04705057,-0.008151743,0.01679545,0.0460608,0.00987819,0.9987486
0,0.016667,41.7496384289116,-0.009156927,0.04705057,-0.008151743,0.01679545,0.0460608,0.00987819,0.9987486
0,0.0166665,41.7663049288094,-0.009156927,0.04705057,-0.008151743,0.01679545,0.0460608,0.00987819,0.9987486
0,0.0166672,41.7829721290618,-0.009156927,0.04705057,-0.008151743,0.01679545,0.0460608,0.00987819,0.9987486
0,0.016667,41.7996391281486,-0.009156927,0.04705057,-0.008151743,0.01679545,0.0460608,0.00987819,0.9987486
0,0.016667,41.8163061272353,-0.009156927,0.04705057,-0.008151743,0.01679545,0.0460608,0.00987819,0.9987486
0,0.016667,41.832973126322,-0.009156927,0.04705057,-0.008151743,0.01679545,0.0460608,0.00987819,0.9987486
0,0.0166664,41.849639525637,-0.009156927,0.04705057,-0.008151743,0.01679545,0.0460608,0.00987819,0.9987486
0,0.0166669,41.8663064260036,-0.009156927,0.04705057,-0.008151743,0.01679545,0.0460608,0.00987819,0.9987486
0,0.016667,41.8829734250903,-0.009156927,0.04705057,-0.008151743,0.01679545,0.0460608,0.00987819,0.9987486
0,0.016667,41.8996404241771,-0.009156927,0.04705057,-0.008151743,0.01679545,0.0460608,0.00987819,0.9987486
0,0.016667,41.9163074232638,-0.009156927,0.04705057,-0.008151743,0.01679545,0.0460608,0.00987819,0.9987486
0,0.0166679,41.9329753238708,-0.009156927,0.04705057,-0.008151743,0.01679545,0.0460608,0.00987819,0.9987486
0,0.0166661,41.9496414232999,-0.009156927,0.04705057,-0.008151743,0.01679545,0.0460608,0.00987819,0.9987486
0,0.0166679,41.9663093239069,-0.009156927,0.04705057,-0.008151743,0.01679545,0.0460608,0.00987819,0.9987486
0,0.0166661,41.982975423336,-0.009156927,0.04705057,-0.008151743,0.01679545,0.0460608,0.00987819,0.9987486
0,0.0166666,41.9996420238167,-0.009156927,0.04705057,-0.008151743,0.01679545,0.0460608,0.00987819,0.9987486
0,0.0166671,42.0163091234863,-0.009156927,0.04705057,-0.008151743,0.01679545,0.0460608,0.00987819,0.9987486
0,0.0166671,42.0329762231559,-0.009156927,0.04705057,-0.008151743,0.01679545,0.0460608,0.00987819,0.9987486
0,0.0166666,42.0496428236365,-0.009156927,0.04705057,-0.008151743,0.01679545,0.0460608,0.00987819,0.9987486
0,0.016667,42.0663098227233,-0.009156927,0.04705057,-0.008151743,0.01679545,0.0460608,0.00987819,0.9987486
0,0.0166672,42.0829770229757,-0.009156927,0.04705057,-0.008151743,0.01679545,0.0460608,0.00987819,0.9987486
0,0.0166667,42.0996437221766,-0.009156927,0.04705057,-0.008151743,0.01679545,0.0460608,0.00987819,0.9987486
0,0.0166945,42.1163382213563,-0.009156927,0.04705057,-0.008151743,0.01679545,0.0460608,0.00987819,0.9987486
0,0.016667,42.133005220443,-0.009156927,0.04705057,-0.008151743,0.01679545,0.0460608,0.00987819,0.9987486
0,0.0166674,42.1496726199985,-0.009156927,0.04705057,-0.008151743,0.01679545,0.0460608,0.00987819,0.9987486
0,0.0166663,42.1663389205933,-0.009156927,0.04705057,-0.008151743,0.01679545,0.0460608,0.00987819,0.9987486
0,0.0166673,42.1830062214285,-0.009156927,0.04705057,-0.008151743,0.01679545,0.0460608,0.00987819,0.9987486
0,0.0166669,42.1996731217951,-0.009156927,0.04705057,-0.008151743,0.01679545,0.0460608,0.00987819,0.9987486
0,0.0166665,42.2163396216929,-0.009156927,0.04705057,-0.008151743,0.01679545,0.0460608,0.00987819,0.9987486
0,0.0166672,42.2330068219453,-0.009156927,0.04705057,-0.008151743,0.01679545,0.0460608,0.00987819,0.9987486
0,0.0166671,42.2496739216149,-0.009156927,0.04705057,-0.008151743,0.01679545,0.0460608,0.00987819,0.9987486
0,0.0166669,42.2663408219814,-0.009156927,0.04705057,-0.008151743,0.01679545,0.0460608,0.00987819,0.9987486
0,0.0166666,42.2830074224621,-0.009156927,0.04705057,-0.008151743,0.01679545,0.0460608,0.00987819,0.9987486
0,0.0166669,42.2996743228287,-0.009156927,0.04705057,-0.008151743,0.01679545,0.0460608,0.00987819,0.9987486
0,0.0166668,42.3163411226124,-0.009156927,0.04705057,-0.008151743,0.01679545,0.0460608,0.00987819,0.9987486
0,0.0166669,42.3330080229789,-0.009156927,0.04705057,-0.008151743,0.01679545,0.0460608,0.00987819,0.9987486
0,0.0166674,42.3496754225343,-0.009156927,0.04705057,-0.008151743,0.01679545,0.0460608,0.00987819,0.9987486
0,0.016667,42.3663424216211,-0.009156927,0.04705057,-0.008151743,0.01679545,0.0460608,0.00987819,0.9987486
0,0.0166679,42.3830103222281,-0.009156927,0.04705057,-0.008151743,0.01679545,0.0460608,0.00987819,0.9987486
0,0.0166669,42.3996772225946,-0.009156927,0.04705057,-0.008151743,0.01679545,0.0460608,0.00987819,0.9987486
0,0.0166667,42.4163439217955,-0.009156927,0.04705057,-0.008151743,0.01679545,0.0460608,0.00987819,0.9987486
0,0.0166671,42.4330110214651,-0.009156927,0.04705057,-0.008151743,0.01679545,0.0460608,0.00987819,0.9987486
0,0.0166671,42.4496781211346,-0.009156927,0.04705057,-0.008151743,0.01679545,0.0460608,0.00987819,0.9987486
0,0.0166668,42.4663449209183,-0.009156927,0.04705057,-0.008151743,0.01679545,0.0460608,0.00987819,0.9987486
0,0.0166665,42.4830114208162,-0.009156927,0.04705057,-0.008151743,0.01679545,0.0460608,0.00987819,0.9987486
0,0.016667,42.4996784199029,-0.009156927,0.04705057,-0.008151743,0.01679545,0.0460608,0.00987819,0.9987486
0,0.0166667,42.5163451191038,-0.009156927,0.04705057,-0.008151743,0.01679545,0.0460608,0.00987819,0.9987486
0,0.0166669,42.5330120194703,-0.009156927,0.04705057,-0.008151743,0.01679545,0.0460608,0.00987819,0.9987486
0,0.0166673,42.5496793203056,-0.009156927,0.04705057,-0.008151743,0.01679545,0.0460608,0.00987819,0.9987486
0,0.016667,42.5663463193923,-0.009156927,0.04705057,-0.008151743,0.01679545,0.0460608,0.00987819,0.9987486
0,0.0166671,42.5830134190619,-0.009156927,0.04705057,-0.008151743,0.01679545,0.0460608,0.00987819,0.9987486
0,0.0166666,42.5996800195426,-0.009156927,0.04705057,-0.008151743,0.01679545,0.0460608,0.00987819,0.9987486
0,0.0166671,42.6163471192122,-0.009156927,0.04705057,-0.008151743,0.01679545,0.0460608,0.00987819,0.9987486
0,0.0166666,42.6330137196928,-0.009156927,0.04705057,-0.008151743,0.01679545,0.0460608,0.00987819,0.9987486
0,0.0167152,42.6497289203107,-0.009156927,0.04705057,-0.008151743,0.01679545,0.0460608,0.00987819,0.9987486
0,0.0166666,42.6663955207914,-0.009156927,0.04705057,-0.008151743,0.01679545,0.0460608,0.00987819,0.9987486
0,0.0166671,42.683062620461,-0.009156927,0.04705057,-0.008151743,0.01679545,0.0460608,0.00987819,0.9987486
0,0.0166665,42.6997291203588,-0.009156927,0.04705057,-0.008151743,0.01679545,0.0460608,0.00987819,0.9987486
0,0.016667,42.7163961194456,-0.009156927,0.04705057,-0.008151743,0.01679545,0.0460608,0.00987819,0.9987486
0,0.0166668,42.7330629192293,-0.009156927,0.04705057,-0.008151743,0.01679545,0.0460608,0.00987819,0.9987486
0,0.0166672,42.7497301194817,-0.009156927,0.04705057,-0.008151743,0.01679545,0.0460608,0.00987819,0.9987486
0,0.0166669,42.7663970198482,-0.009156927,0.04705057,-0.008151743,0.01679545,0.0460608,0.00987819,0.9987486
0,0.016667,42.783064018935,-0.009156927,0.04705057,-0.008151743,0.01679545,0.0460608,0.00987819,0.9987486
0,0.0166668,42.7997308187187,-0.009156927,0.04705057,-0.008151743,0.01679545,0.0460608,0.00987819,0.9987486
0,0.0166673,42.8163981195539,-0.009156927,0.04705057,-0.008151743,0.01679545,0.0460608,0.00987819,0.9987486
0,0.0166663,42.8330644201487,-0.009156927,0.04705057,-0.008151743,0.01679545,0.0460608,0.00987819,0.9987486
0,0.0166668,42.8497312199324,-0.009156927,0.04705057,-0.008151743,0.01679545,0.0460608,0.00987819,0.9987486
0,0.0166669,42.866398120299,-0.009156927,0.04705057,-0.008151743,0.01679545,0.0460608,0.00987819,0.9987486
0,0.016667,42.8830651193857,-0.009156927,0.04705057,-0.008151743,0.01679545,0.0460608,0.00987819,0.9987486
0,0.0166691,42.8997342195362,-0.009156927,0.04705057,-0.008151743,0.01679545,0.0460608,0.00987819,0.9987486
0,0.0166662,42.9164004195482,-0.009156927,0.04705057,-0.008151743,0.01679545,0.0460608,0.00987819,0.9987486
0,0.0166673,42.9330677203834,-0.009156927,0.04705057,-0.008151743,0.01679545,0.0460608,0.00987819,0.9987486
0,0.0166667,42.9497344195843,-0.009156927,0.04705057,-0.008151743,0.01679545,0.0460608,0.00987819,0.9987486
0,0.0166668,42.966401219368,-0.009156927,0.04705057,-0.008151743,0.01679545,0.0460608,0.00987819,0.9987486
0,0.0166668,42.9830680191517,-0.009156927,0.04705057,-0.008151743,0.01679545,0.0460608,0.00987819,0.9987486
0,0.0166674,42.9997354187071,-0.009156927,0.04705057,-0.008151743,0.01679545,0.0460608,0.00987819,0.9987486
0,0.0166669,43.0164023190737,-0.009156927,0.04705057,-0.008151743,0.01679545,0.0460608,0.00987819,0.9987486
0,0.0166665,43.0330688189715,-0.009156927,0.04705057,-0.008151743,0.01679545,0.0460608,0.00987819,0.9987486
0,0.0166668,43.0497356187552,-0.009156927,0.04705057,-0.008151743,0.01679545,0.0460608,0.00987819,0.9987486
0,0.0166669,43.0664025191218,-0.009156927,0.04705057,-0.008151743,0.01679545,0.0460608,0.00987819,0.9987486
0,0.0166672,43.0830697193742,-0.009156927,0.04705057,-0.008151743,0.01679545,0.0460608,0.00987819,0.9987486
0,0.0166669,43.0997366197407,-0.009156927,0.04705057,-0.008151743,0.01679545,0.0460608,0.00987819,0.9987486
0,0.0166676,43.1164042204618,-0.009156927,0.04705057,-0.008151743,0.01679545,0.0460608,0.00987819,0.9987486
0,0.0166669,43.1330711208284,-0.009156927,0.04705057,-0.008151743,0.01679545,0.0460608,0.00987819,0.9987486
0,0.0166671,43.149738220498,-0.009156927,0.04705057,-0.008151743,0.01679545,0.0460608,0.00987819,0.9987486
0,0.016667,43.1664052195847,-0.009156927,0.04705057,-0.008151743,0.01679545,0.0460608,0.00987819,0.9987486
0,0.0166666,43.1830718200654,-0.009156927,0.04705057,-0.008151743,0.01679545,0.0460608,0.00987819,0.9987486
0,0.0166671,43.199738919735,-0.009156927,0.04705057,-0.008151743,0.01679545,0.0460608,0.00987819,0.9987486
0,0.0166665,43.2164054196328,-0.009156927,0.04705057,-0.008151743,0.01679545,0.0460608,0.00987819,0.9987486
0,0.016667,43.2330724187195,-0.009156927,0.04705057,-0.008151743,0.01679545,0.0460608,0.00987819,0.9987486
0,0.0166667,43.2497391179204,-0.009156927,0.04705057,-0.008151743,0.01679545,0.0460608,0.00987819,0.9987486
0,0.0166669,43.2664060182869,-0.009156927,0.04705057,-0.008151743,0.01679545,0.0460608,0.00987819,0.9987486
0,0.016667,43.2830730173737,-0.009156927,0.04705057,-0.008151743,0.01679545,0.0460608,0.00987819,0.9987486
0,0.016667,43.2997400164604,-0.009156927,0.04705057,-0.008151743,0.01679545,0.0460608,0.00987819,0.9987486
0,0.016667,43.3164070155472,-0.009156927,0.04705057,-0.008151743,0.01679545,0.0460608,0.00987819,0.9987486
0,0.016667,43.3330740146339,-0.009156927,0.04705057,-0.008151743,0.01679545,0.0460608,0.00987819,0.9987486
0,0.016667,43.3497410137206,-0.009156927,0.04705057,-0.008151743,0.01679545,0.0460608,0.00987819,0.9987486
0,0.0166669,43.3664079140872,-0.009156927,0.04705057,-0.008151743,0.01679545,0.0460608,0.00987819,0.9987486
0,0.0166666,43.3830745145679,-0.009156927,0.04705057,-0.008151743,0.01679545,0.0460608,0.00987819,0.9987486
0,0.0166667,43.3997412137687,-0.009156927,0.04705057,-0.008151743,0.01679545,0.0460608,0.00987819,0.9987486
0,0.0166672,43.4164084140211,-0.009156927,0.04705057,-0.008151743,0.01679545,0.0460608,0.00987819,0.9987486
0,0.0166678,43.4330762140453,-0.009156927,0.04705057,-0.008151743,0.01679545,0.0460608,0.00987819,0.9987486
0,0.0166661,43.4497423134744,-0.009156927,0.04705057,-0.008151743,0.01679545,0.0460608,0.00987819,0.9987486
0,0.016667,43.4664093125612,-0.009156927,0.04705057,-0.008151743,0.01679545,0.0460608,0.00987819,0.9987486
0,0.0171659,43.4835752118379,-0.009156927,0.04705057,-0.008151743,0.01679545,0.0460608,0.00987819,0.9987486
0,0.016667,43.5002422109246,-0.009156927,0.04705057,-0.008151743,0.01679545,0.0460608,0.00987819,0.9987486
0,0.0166666,43.5169088114053,-0.009156927,0.04705057,-0.008151743,0.01679545,0.0460608,0.00987819,0.9987486
0,0.0166672,43.5335760116577,-0.009156927,0.04705057,-0.008151743,0.01679545,0.0460608,0.00987819,0.9987486
0,0.0166669,43.5502429120243,-0.009156927,0.04705057,-0.008151743,0.01679545,0.0460608,0.00987819,0.9987486
0,0.0166665,43.5669094119221,-0.009156927,0.04705057,-0.008151743,0.01679545,0.0460608,0.00987819,0.9987486
0,0.0166669,43.5835763122886,-0.009156927,0.04705057,-0.008151743,0.01679545,0.0460608,0.00987819,0.9987486
0,0.0166802,43.6002565119416,-0.009156927,0.04705057,-0.008151743,0.01679545,0.0460608,0.00987819,0.9987486
0,0.0166671,43.6169236116111,-0.009156927,0.04705057,-0.008151743,0.01679545,0.0460608,0.00987819,0.9987486
0,0.0166682,43.633591812104,-0.009156927,0.04705057,-0.008151743,0.01679545,0.0460608,0.00987819,0.9987486
0,0.0166654,43.6502572111785,-0.009156927,0.04705057,-0.008151743,0.01679545,0.0460608,0.00987819,0.9987486
0,0.0166666,43.6669238116592,-0.009156927,0.04705057,-0.008151743,0.01679545,0.0460608,0.00987819,0.9987486
0,0.016667,43.683590810746,-0.009156927,0.04705057,-0.008151743,0.01679545,0.0460608,0.00987819,0.9987486
0,0.0166667,43.7002575099468,-0.009156927,0.04705057,-0.008151743,0.01679545,0.0460608,0.00987819,0.9987486
0,0.0166671,43.7169246096164,-0.009156927,0.04705057,-0.008151743,0.01679545,0.0460608,0.00987819,0.9987486
0,0.0166669,43.7335915099829,-0.009156927,0.04705057,-0.008151743,0.01679545,0.0460608,0.00987819,0.9987486
0,0.0166672,43.7502587102354,-0.009156927,0.04705057,-0.008151743,0.01679545,0.0460608,0.00987819,0.9987486
0,0.0166668,43.7669255100191,-0.009156927,0.04705057,-0.008151743,0.01679545,0.0460608,0.00987819,0.9987486
0,0.0166672,43.7835927102715,-0.009156927,0.04705057,-0.008151743,0.01679545,0.0460608,0.00987819,0.9987486
0,0.0166669,43.800259610638,-0.009156927,0.04705057,-0.008151743,0.01679545,0.0460608,0.00987819,0.9987486
0,0.016667,43.8169266097248,-0.009156927,0.04705057,-0.008151743,0.01679545,0.0460608,0.00987819,0.9987486
0,0.0166662,43.8335928097367,-0.009156927,0.04705057,-0.008151743,0.01679545,0.0460608,0.00987819,0.9987486
0,0.016667,43.8502598088235,-0.009156927,0.04705057,-0.008151743,0.01679545,0.0460608,0.00987819,0.9987486
0,0.0166675,43.8669273089617,-0.009156927,0.04705057,-0.008151743,0.01679545,0.0460608,0.00987819,0.9987486
0,0.0166662,43.8835935089737,-0.009156927,0.04705057,-0.008151743,0.01679545,0.0460608,0.00987819,0.9987486
0,0.016667,43.9002605080605,-0.009156927,0.04705057,-0.008151743,0.01679545,0.0460608,0.00987819,0.9987486
0,0.0166669,43.916927408427,-0.009156927,0.04705057,-0.008151743,0.01679545,0.0460608,0.00987819,0.9987486
0,0.0166671,43.9335945080966,-0.009156927,0.04705057,-0.008151743,0.01679545,0.0460608,0.00987819,0.9987486
0,0.016667,43.9502615071833,-0.009156927,0.04705057,-0.008151743,0.01679545,0.0460608,0.00987819,0.9987486
0,0.0166669,43.9669284075499,-0.009156927,0.04705057,-0.008151743,0.01679545,0.0460608,0.00987819,0.9987486
0,0.016667,43.9835954066366,-0.009156927,0.04705057,-0.008151743,0.01679545,0.0460608,0.00987819,0.9987486
0,0.016667,44.0002624057233,-0.009156927,0.04705057,-0.008151743,0.01679545,0.0460608,0.00987819,0.9987486
0,0.0166666,44.016929006204,-0.009156927,0.04705057,-0.008151743,0.01679545,0.0460608,0.00987819,0.9987486
0,0.0166669,44.0335959065706,-0.009156927,0.04705057,-0.008151743,0.01679545,0.0460608,0.00987819,0.9987486
0,0.0166668,44.0502627063543,-0.009156927,0.04705057,-0.008151743,0.01679545,0.0460608,0.00987819,0.9987486
0,0.0166671,44.0669298060238,-0.009156927,0.04705057,-0.008151743,0.01679545,0.0460608,0.00987819,0.9987486
0,0.0166671,44.0835969056934,-0.009156927,0.04705057,-0.008151743,0.01679545,0.0460608,0.00987819,0.9987486
0,0.0166669,44.10026380606,-0.009156927,0.04705057,-0.008151743,0.01679545,0.0460608,0.00987819,0.9987486
0,0.0166672,44.1169310063124,-0.009156927,0.04705057,-0.008151743,0.01679545,0.0460608,0.00987819,0.9987486
0,0.0166669,44.1335979066789,-0.009156927,0.04705057,-0.008151743,0.01679545,0.0460608,0.00987819,0.9987486
0,0.0166666,44.1502645071596,-0.009156927,0.04705057,-0.008151743,0.01679545,0.0460608,0.00987819,0.9987486
0,0.0166672,44.166931707412,-0.009156927,0.04705057,-0.008151743,0.01679545,0.0460608,0.00987819,0.9987486
0,0.0166671,44.1835988070816,-0.009156927,0.04705057,-0.008151743,0.01679545,0.0460608,0.00987819,0.9987486
0,0.0166663,44.2002651076764,-0.009156927,0.04705057,-0.008151743,0.01679545,0.0460608,0.00987819,0.9987486
0,0.0166669,44.2169320080429,-0.009156927,0.04705057,-0.008151743,0.01679545,0.0460608,0.00987819,0.9987486
0,0.0166668,44.2335988078266,-0.009156927,0.04705057,-0.008151743,0.01679545,0.0460608,0.00987819,0.9987486
0,0.0166676,44.2502664085478,-0.009156927,0.04705057,-0.008151743,0.01679545,0.0460608,0.00987819,0.9987486
0,0.0166672,44.2669336088002,-0.009156927,0.04705057,-0.008151743,0.01679545,0.0460608,0.00987819,0.9987486
0,0.0166668,44.2836004085839,-0.009156927,0.04705057,-0.008151743,0.01679545,0.0460608,0.00987819,0.9987486
0,0.0166675,44.3002679087222,-0.009156927,0.04705057,-0.008151743,0.01679545,0.0460608,0.00987819,0.9987486
0,0.0166668,44.3169347085059,-0.009156927,0.04705057,-0.008151743,0.01679545,0.0460608,0.00987819,0.9987486
0,0.0166665,44.3336012084037,-0.009156927,0.04705057,-0.008151743,0.01679545,0.0460608,0.00987819,0.9987486
0,0.016667,44.3502682074904,-0.009156927,0.04705057,-0.008151743,0.01679545,0.0460608,0.00987819,0.9987486
0,0.016667,44.3669352065772,-0.009156927,0.04705057,-0.008151743,0.01679545,0.0460608,0.00987819,0.9987486
0,0.0166668,44.3836020063609,-0.009156927,0.04705057,-0.008151743,0.01679545,0.0460608,0.00987819,0.9987486
0,0.0166672,44.4002692066133,-0.009156927,0.04705057,-0.008151743,0.01679545,0.0460608,0.00987819,0.9987486
0,0.0166665,44.4169357065111,-0.009156927,0.04705057,-0.008151743,0.01679545,0.0460608,0.00987819,0.9987486
0,0.016667,44.4336027055979,-0.009156927,0.04705057,-0.008151743,0.01679545,0.0460608,0.00987819,0.9987486
0,0.0166667,44.4502694047987,-0.009156927,0.04705057,-0.008151743,0.01679545,0.0460608,0.00987819,0.9987486
0,0.0166675,44.466936904937,-0.009156927,0.04705057,-0.008151743,0.01679545,0.0460608,0.00987819,0.9987486
0,0.0166671,44.4836040046066,-0.009156927,0.04705057,-0.008151743,0.01679545,0.0460608,0.00987819,0.9987486
0,0.016667,44.5002710036933,-0.009156927,0.04705057,-0.008151743,0.01679545,0.0460608,0.00987819,0.9987486
0,0.0166665,44.5169375035912,-0.009156927,0.04705057,-0.008151743,0.01679545,0.0460608,0.00987819,0.9987486
0,0.0166671,44.5336046032608,-0.009156927,0.04705057,-0.008151743,0.01679545,0.0460608,0.00987819,0.9987486
0,0.0166666,44.5502712037414,-0.009156927,0.04705057,-0.008151743,0.01679545,0.0460608,0.00987819,0.9987486
0,0.016667,44.5669382028282,-0.009156927,0.04705057,-0.008151743,0.01679545,0.0460608,0.00987819,0.9987486
0,0.0166667,44.583604902029,-0.009156927,0.04705057,-0.008151743,0.01679545,0.0460608,0.00987819,0.9987486
0,0.0166669,44.6002718023956,-0.009156927,0.04705057,-0.008151743,0.01679545,0.0460608,0.00987819,0.9987486
0,0.0166676,44.6169394031167,-0.009156927,0.04705057,-0.008151743,0.01679545,0.0460608,0.00987819,0.9987486
0,0.0170628,44.6340022031218,-0.009156927,0.04705057,-0.008151743,0.01679545,0.0460608,0.00987819,0.9987486
0,0.0166667,44.6506689023227,-0.009156927,0.04705057,-0.008151743,0.01679545,0.0460608,0.00987819,0.9987486
0,0.0166671,44.6673360019922,-0.009156927,0.04705057,-0.008151743,0.01679545,0.0460608,0.00987819,0.9987486
0,0.0166665,44.6840025018901,-0.009156927,0.04705057,-0.008151743,0.01679545,0.0460608,0.00987819,0.9987486
0,0.0166669,44.7006694022566,-0.009156927,0.04705057,-0.008151743,0.01679545,0.0460608,0.00987819,0.9987486
0,0.0166672,44.717336602509,-0.009156927,0.04705057,-0.008151743,0.01679545,0.0460608,0.00987819,0.9987486
0,0.0166667,44.7340033017099,-0.009156927,0.04705057,-0.008151743,0.01679545,0.0460608,0.00987819,0.9987486
0,0.016667,44.7506703007966,-0.009156927,0.04705057,-0.008151743,0.01679545,0.0460608,0.00987819,0.9987486
0,0.0166668,44.7673371005803,-0.009156927,0.04705057,-0.008151743,0.01679545,0.0460608,0.00987819,0.9987486
0,0.0166671,44.7840042002499,-0.009156927,0.04705057,-0.008151743,0.01679545,0.0460608,0.00987819,0.9987486
0,0.0166671,44.8006712999195,-0.009156927,0.04705057,-0.008151743,0.01679545,0.0460608,0.00987819,0.9987486
0,0.0166667,44.8173379991204,-0.009156927,0.04705057,-0.008151743,0.01679545,0.0460608,0.00987819,0.9987486
0,0.0166674,44.8340053986758,-0.009156927,0.04705057,-0.008151743,0.01679545,0.0460608,0.00987819,0.9987486
0,0.0166665,44.8506718985736,-0.009156927,0.04705057,-0.008151743,0.01679545,0.0460608,0.00987819,0.9987486
0,0.0166664,44.8673382978886,-0.009156927,0.04705057,-0.008151743,0.01679545,0.0460608,0.00987819,0.9987486
0,0.0166672,44.8840054981411,-0.009156927,0.04705057,-0.008151743,0.01679545,0.0460608,0.00987819,0.9987486
0,0.0166667,44.9006721973419,-0.009156927,0.04705057,-0.008151743,0.01679545,0.0460608,0.00987819,0.9987486
0,0.0166668,44.9173389971256,-0.009156927,0.04705057,-0.008151743,0.01679545,0.0460608,0.00987819,0.9987486
0,0.0166682,44.9340071976185,-0.009156927,0.04705057,-0.008151743,0.01679545,0.0460608,0.00987819,0.9987486
0,0.016666,44.9506731983274,-0.009156927,0.04705057,-0.008151743,0.01679545,0.0460608,0.00987819,0.9987486
0,0.0166675,44.9673406984657,-0.009156927,0.04705057,-0.008151743,0.01679545,0.0460608,0.00987819,0.9987486
0,0.0166667,44.9840073976666,-0.009156927,0.04705057,-0.008151743,0.01679545,0.0460608,0.00987819,0.9987486
0,0.0166669,45.0006742980331,-0.009156927,0.04705057,-0.008151743,0.01679545,0.0460608,0.00987819,0.9987486
0,0.0166666,45.0173408985138,-0.009156927,0.04705057,-0.008151743,0.01679545,0.0460608,0.00987819,0.9987486
0,0.0166676,45.0340084992349,-0.009156927,0.04705057,-0.008151743,0.01679545,0.0460608,0.00987819,0.9987486
0,0.0166666,45.0506750997156,-0.009156927,0.04705057,-0.008151743,0.01679545,0.0460608,0.00987819,0.9987486
0,0.016667,45.0673420988023,-0.009156927,0.04705057,-0.008151743,0.01679545,0.0460608,0.00987819,0.9987486
0,0.0166663,45.0840083993971,-0.009156927,0.04705057,-0.008151743,0.01679545,0.0460608,0.00987819,0.9987486
0,0.0166669,45.1006752997637,-0.009156927,0.04705057,-0.008151743,0.01679545,0.0460608,0.00987819,0.9987486
0,0.0166674,45.1173426993191,-0.009156927,0.04705057,-0.008151743,0.01679545,0.0460608,0.00987819,0.9987486
0,0.0166669,45.1340095996857,-0.009156927,0.04705057,-0.008151743,0.01679545,0.0460608,0.00987819,0.9987486
0,0.0166671,45.1506766993552,-0.009156927,0.04705057,-0.008151743,0.01679545,0.0460608,0.00987819,0.9987486
0,0.0166665,45.1673431992531,-0.009156927,0.04705057,-0.008151743,0.01679545,0.0460608,0.00987819,0.9987486
0,0.0166674,45.1840105988085,-0.009156927,0.04705057,-0.008151743,0.01679545,0.0460608,0.00987819,0.9987486
0,0.0166672,45.2006777990609,-0.009156927,0.04705057,-0.008151743,0.01679545,0.0460608,0.00987819,0.9987486
0,0.0166661,45.2173438984901,-0.009156927,0.04705057,-0.008151743,0.01679545,0.0460608,0.00987819,0.9987486
0,0.0166672,45.2340110987425,-0.009156927,0.04705057,-0.008151743,0.01679545,0.0460608,0.00987819,0.9987486
0,0.0166676,45.2506786994636,-0.009156927,0.04705057,-0.008151743,0.01679545,0.0460608,0.00987819,0.9987486
0,0.0166662,45.2673448994756,-0.009156927,0.04705057,-0.008151743,0.01679545,0.0460608,0.00987819,0.9987486
0,0.0166669,45.2840117998421,-0.009156927,0.04705057,-0.008151743,0.01679545,0.0460608,0.00987819,0.9987486
0,0.0166672,45.3006790000945,-0.009156927,0.04705057,-0.008151743,0.01679545,0.0460608,0.00987819,0.9987486
0,0.016667,45.3173459991813,-0.009156927,0.04705057,-0.008151743,0.01679545,0.0460608,0.00987819,0.9987486
0,0.016667,45.334012998268,-0.009156927,0.04705057,-0.008151743,0.01679545,0.0460608,0.00987819,0.9987486
0,0.0166669,45.3506798986346,-0.009156927,0.04705057,-0.008151743,0.01679545,0.0460608,0.00987819,0.9987486
0,0.016668,45.3673478979617,-0.009156927,0.04705057,-0.008151743,0.01679545,0.0460608,0.00987819,0.9987486
0,0.0166661,45.3840139973909,-0.009156927,0.04705057,-0.008151743,0.01679545,0.0460608,0.00987819,0.9987486
0,0.0166665,45.4006804972887,-0.009156927,0.04705057,-0.008151743,0.01679545,0.0460608,0.00987819,0.9987486
0,0.0166671,45.4173475969583,-0.009156927,0.04705057,-0.008151743,0.01679545,0.0460608,0.00987819,0.9987486
0,0.0166675,45.4340150970966,-0.009156927,0.04705057,-0.008151743,0.01679545,0.0460608,0.00987819,0.9987486
0,0.0166665,45.4506815969944,-0.009156927,0.04705057,-0.008151743,0.01679545,0.0460608,0.00987819,0.9987486
0,0.0166685,45.4673500973731,-0.009156927,0.04705057,-0.008151743,0.01679545,0.0460608,0.00987819,0.9987486
0,0.0166653,45.4840153977275,-0.009156927,0.04705057,-0.008151743,0.01679545,0.0460608,0.00987819,0.9987486
0,0.0166674,45.5006827972829,-0.009156927,0.04705057,-0.008151743,0.01679545,0.0460608,0.00987819,0.9987486
0,0.0166668,45.5173495970666,-0.009156927,0.04705057,-0.008151743,0.01679545,0.0460608,0.00987819,0.9987486
0,0.0166683,45.5340178962797,-0.009156927,0.04705057,-0.008151743,0.01679545,0.0460608,0.00987819,0.9987486
0,0.016666,45.5506838969886,-0.009156927,0.04705057,-0.008151743,0.01679545,0.0460608,0.00987819,0.9987486
0,0.0166668,45.5673506967723,-0.009156927,0.04705057,-0.008151743,0.01679545,0.0460608,0.00987819,0.9987486
0,0.0166672,45.5840178970248,-0.009156927,0.04705057,-0.008151743,0.01679545,0.0460608,0.00987819,0.9987486
0,0.0166667,45.6006845962256,-0.009156927,0.04705057,-0.008151743,0.01679545,0.0460608,0.00987819,0.9987486
0,0.0166672,45.617351796478,-0.009156927,0.04705057,-0.008151743,0.01679545,0.0460608,0.00987819,0.9987486
0,0.0166662,45.63401799649,-0.009156927,0.04705057,-0.008151743,0.01679545,0.0460608,0.00987819,0.9987486
0,0.0166669,45.6506848968565,-0.009156927,0.04705057,-0.008151743,0.01679545,0.0460608,0.00987819,0.9987486
0,0.0166671,45.6673519965261,-0.009156927,0.04705057,-0.008151743,0.01679545,0.0460608,0.00987819,0.9987486
0,0.0171624,45.6845143958926,-0.009156927,0.04705057,-0.008151743,0.01679545,0.0460608,0.00987819,0.9987486
0,0.0166678,45.7011821959168,-0.009156927,0.04705057,-0.008151743,0.01679545,0.0460608,0.00987819,0.9987486
0,0.0166674,45.7178495954722,-0.009156927,0.04705057,-0.008151743,0.01679545,0.0460608,0.00987819,0.9987486
0,0.0166661,45.7345156949013,-0.009156927,0.04705057,-0.008151743,0.01679545,0.0460608,0.00987819,0.9987486
0,0.016667,45.7511826939881,-0.009156927,0.04705057,-0.008151743,0.01679545,0.0460608,0.00987819,0.9987486
0,0.0166671,45.7678497936577,-0.009156927,0.04705057,-0.008151743,0.01679545,0.0460608,0.00987819,0.9987486
0,0.0166673,45.7845170944929,-0.009156927,0.04705057,-0.008151743,0.01679545,0.0460608,0.00987819,0.9987486
0,0.0166676,45.801184695214,-0.009156927,0.04705057,-0.008151743,0.01679545,0.0460608,0.00987819,0.9987486
0,0.0166667,45.8178513944149,-0.009156927,0.04705057,-0.008151743,0.01679545,0.0460608,0.00987819,0.9987486
0,0.0166672,45.8345185946673,-0.009156927,0.04705057,-0.008151743,0.01679545,0.0460608,0.00987819,0.9987486
0,0.0166664,45.8511849939823,-0.009156927,0.04705057,-0.008151743,0.01679545,0.0460608,0.00987819,0.9987486
0,0.0166671,45.8678520936519,-0.009156927,0.04705057,-0.008151743,0.01679545,0.0460608,0.00987819,0.9987486
0,0.0166665,45.8845185935497,-0.009156927,0.04705057,-0.008151743,0.01679545,0.0460608,0.00987819,0.9987486
0,0.016668,45.9011865928769,-0.009156927,0.04705057,-0.008151743,0.01679545,0.0460608,0.00987819,0.9987486
0,0.016666,45.9178525935858,-0.009156927,0.04705057,-0.008151743,0.01679545,0.0460608,0.00987819,0.9987486
0,0.0166669,45.9345194939524,-0.009156927,0.04705057,-0.008151743,0.01679545,0.0460608,0.00987819,0.9987486
0,0.0166669,45.9511863943189,-0.009156927,0.04705057,-0.008151743,0.01679545,0.0460608,0.00987819,0.9987486
0,0.0166688,45.9678551945835,-0.009156927,0.04705057,-0.008151743,0.01679545,0.0460608,0.00987819,0.9987486
0,0.0166661,45.9845212940127,-0.009156927,0.04705057,-0.008151743,0.01679545,0.0460608,0.00987819,0.9987486
0,0.0166666,46.0011878944933,-0.009156927,0.04705057,-0.008151743,0.01679545,0.0460608,0.00987819,0.9987486
0,0.0166671,46.0178549941629,-0.009156927,0.04705057,-0.008151743,0.01679545,0.0460608,0.00987819,0.9987486
0,0.0166667,46.0345216933638,-0.009156927,0.04705057,-0.008151743,0.01679545,0.0460608,0.00987819,0.9987486
0,0.0166669,46.0511885937303,-0.009156927,0.04705057,-0.008151743,0.01679545,0.0460608,0.00987819,0.9987486
0,0.0166669,46.0678554940969,-0.009156927,0.04705057,-0.008151743,0.01679545,0.0460608,0.00987819,0.9987486
0,0.0166668,46.0845222938806,-0.009156927,0.04705057,-0.008151743,0.01679545,0.0460608,0.00987819,0.9987486
0,0.0166668,46.1011890936643,-0.009156927,0.04705057,-0.008151743,0.01679545,0.0460608,0.00987819,0.9987486
0,0.0166676,46.1178566943854,-0.009156927,0.04705057,-0.008151743,0.01679545,0.0460608,0.00987819,0.9987486
0,0.0166665,46.1345231942832,-0.009156927,0.04705057,-0.008151743,0.01679545,0.0460608,0.00987819,0.9987486
0,0.016667,46.15119019337,-0.009156927,0.04705057,-0.008151743,0.01679545,0.0460608,0.00987819,0.9987486
0,0.0166669,46.1678570937365,-0.009156927,0.04705057,-0.008151743,0.01679545,0.0460608,0.00987819,0.9987486
0,0.0166671,46.1845241934061,-0.009156927,0.04705057,-0.008151743,0.01679545,0.0460608,0.00987819,0.9987486
0,0.0166665,46.2011906933039,-0.009156927,0.04705057,-0.008151743,0.01679545,0.0460608,0.00987819,0.9987486
0,0.0166673,46.2178579941392,-0.009156927,0.04705057,-0.008151743,0.01679545,0.0460608,0.00987819,0.9987486
0,0.0166677,46.2345256935805,-0.009156927,0.04705057,-0.008151743,0.01679545,0.0460608,0.00987819,0.9987486
0,0.0166658,46.2511914931238,-0.009156927,0.04705057,-0.008151743,0.01679545,0.0460608,0.00987819,0.9987486
0,0.016667,46.2678584922105,-0.009156927,0.04705057,-0.008151743,0.01679545,0.0460608,0.00987819,0.9987486
0,0.0166668,46.2845252919942,-0.009156927,0.04705057,-0.008151743,0.01679545,0.0460608,0.00987819,0.9987486
0,0.016667,46.301192291081,-0.009156927,0.04705057,-0.008151743,0.01679545,0.0460608,0.00987819,0.9987486
0,0.0166667,46.3178589902818,-0.009156927,0.04705057,-0.008151743,0.01679545,0.0460608,0.00987819,0.9987486
0,0.0166678,46.334526790306,-0.009156927,0.04705057,-0.008151743,0.01679545,0.0460608,0.00987819,0.9987486
0,0.0166665,46.3511932902038,-0.009156927,0.04705057,-0.008151743,0.01679545,0.0460608,0.00987819,0.9987486
0,0.0166683,46.3678615894169,-0.009156927,0.04705057,-0.008151743,0.01679545,0.0460608,0.00987819,0.9987486
0,0.0166666,46.3845281898975,-0.009156927,0.04705057,-0.008151743,0.01679545,0.0460608,0.00987819,0.9987486
0,0.0166672,46.40119539015,-0.009156927,0.04705057,-0.008151743,0.01679545,0.0460608,0.00987819,0.9987486
0,0.0166663,46.4178616907448,-0.009156927,0.04705057,-0.008151743,0.01679545,0.0460608,0.00987819,0.9987486
0,0.0166707,46.4345323909074,-0.009156927,0.04705057,-0.008151743,0.01679545,0.0460608,0.00987819,0.9987486
0,0.0166633,46.4511956907809,-0.009156927,0.04705057,-0.008151743,0.01679545,0.0460608,0.00987819,0.9987486
0,0.0166683,46.4678639899939,-0.009156927,0.04705057,-0.008151743,0.01679545,0.0460608,0.00987819,0.9987486
0,0.0170389,46.4849028903991,-0.009156927,0.04705057,-0.008151743,0.01679545,0.0460608,0.00987819,0.9987486
0,0.0166676,46.5015704911202,-0.009156927,0.04705057,-0.008151743,0.01679545,0.0460608,0.00987819,0.9987486
0,0.0166664,46.5182368904352,-0.009156927,0.04705057,-0.008151743,0.01679545,0.0460608,0.00987819,0.9987486
0,0.0166671,46.5349039901048,-0.009156927,0.04705057,-0.008151743,0.01679545,0.0460608,0.00987819,0.9987486
0,0.0166667,46.5515706893057,-0.009156927,0.04705057,-0.008151743,0.01679545,0.0460608,0.00987819,0.9987486
0,0.0166666,46.5682372897863,-0.009156927,0.04705057,-0.008151743,0.01679545,0.0460608,0.00987819,0.9987486
0,0.0166669,46.5849041901529,-0.009156927,0.04705057,-0.008151743,0.01679545,0.0460608,0.00987819,0.9987486
0,0.0166669,46.6015710905194,-0.009156927,0.04705057,-0.008151743,0.01679545,0.0460608,0.00987819,0.9987486
0,0.0166669,46.618237990886,-0.009156927,0.04705057,-0.008151743,0.01679545,0.0460608,0.00987819,0.9987486
0,0.0166669,46.6349048912525,-0.009156927,0.04705057,-0.008151743,0.01679545,0.0460608,0.00987819,0.9987486
0,0.0166675,46.6515723913908,-0.009156927,0.04705057,-0.008151743,0.01679545,0.0460608,0.00987819,0.9987486
0,0.0166678,46.668240191415,-0.009156927,0.04705057,-0.008151743,0.01679545,0.0460608,0.00987819,0.9987486
0,0.0166662,46.6849063914269,-0.009156927,0.04705057,-0.008151743,0.01679545,0.0460608,0.00987819,0.9987486
0,0.0166674,46.7015737909824,-0.009156927,0.04705057,-0.008151743,0.01679545,0.0460608,0.00987819,0.9987486
0,0.0166661,46.7182398904115,-0.009156927,0.04705057,-0.008151743,0.01679545,0.0460608,0.00987819,0.9987486
0,0.0166671,46.7349069900811,-0.009156927,0.04705057,-0.008151743,0.01679545,0.0460608,0.00987819,0.9987486
0,0.0166671,46.7515740897506,-0.009156927,0.04705057,-0.008151743,0.01679545,0.0460608,0.00987819,0.9987486
0,0.0166673,46.7682413905859,-0.009156927,0.04705057,-0.008151743,0.01679545,0.0460608,0.00987819,0.9987486
0,0.0166663,46.7849076911807,-0.009156927,0.04705057,-0.008151743,0.01679545,0.0460608,0.00987819,0.9987486
0,0.0166669,46.8015745915473,-0.009156927,0.04705057,-0.008151743,0.01679545,0.0460608,0.00987819,0.9987486
0,0.0166674,46.8182419911027,-0.009156927,0.04705057,-0.008151743,0.01679545,0.0460608,0.00987819,0.9987486
0,0.0166663,46.8349082916975,-0.009156927,0.04705057,-0.008151743,0.01679545,0.0460608,0.00987819,0.9987486
0,0.0166668,46.8515750914812,-0.009156927,0.04705057,-0.008151743,0.01679545,0.0460608,0.00987819,0.9987486
0,0.0166673,46.8682423923165,-0.009156927,0.04705057,-0.008151743,0.01679545,0.0460608,0.00987819,0.9987486
0,0.0166669,46.884909292683,-0.009156927,0.04705057,-0.008151743,0.01679545,0.0460608,0.00987819,0.9987486
0,0.0166671,46.9015763923526,-0.009156927,0.04705057,-0.008151743,0.01679545,0.0460608,0.00987819,0.9987486
0,0.0166668,46.9182431921363,-0.009156927,0.04705057,-0.008151743,0.01679545,0.0460608,0.00987819,0.9987486
0,0.0166669,46.9349100925028,-0.009156927,0.04705057,-0.008151743,0.01679545,0.0460608,0.00987819,0.9987486
0,0.0166665,46.9515765924007,-0.009156927,0.04705057,-0.008151743,0.01679545,0.0460608,0.00987819,0.9987486
0,0.0166672,46.9682437926531,-0.009156927,0.04705057,-0.008151743,0.01679545,0.0460608,0.00987819,0.9987486
0,0.0166673,46.9849110934883,-0.009156927,0.04705057,-0.008151743,0.01679545,0.0460608,0.00987819,0.9987486
0,0.0166664,47.0015774928033,-0.009156927,0.04705057,-0.008151743,0.01679545,0.0460608,0.00987819,0.9987486
0,0.016667,47.0182444918901,-0.009156927,0.04705057,-0.008151743,0.01679545,0.0460608,0.00987819,0.9987486
0,0.0166671,47.0349115915596,-0.009156927,0.04705057,-0.008151743,0.01679545,0.0460608,0.00987819,0.9987486
0,0.0166673,47.0515788923949,-0.009156927,0.04705057,-0.008151743,0.01679545,0.0460608,0.00987819,0.9987486
0,0.0166669,47.0682457927614,-0.009156927,0.04705057,-0.008151743,0.01679545,0.0460608,0.00987819,0.9987486
0,0.0166676,47.0849133934826,-0.009156927,0.04705057,-0.008151743,0.01679545,0.0460608,0.00987819,0.9987486
0,0.0166663,47.1015796940774,-0.009156927,0.04705057,-0.008151743,0.01679545,0.0460608,0.00987819,0.9987486
0,0.0166669,47.1182465944439,-0.009156927,0.04705057,-0.008151743,0.01679545,0.0460608,0.00987819,0.9987486
0,0.0166666,47.1349131949246,-0.009156927,0.04705057,-0.008151743,0.01679545,0.0460608,0.00987819,0.9987486
0,0.016667,47.1515801940113,-0.009156927,0.04705057,-0.008151743,0.01679545,0.0460608,0.00987819,0.9987486
0,0.0166668,47.168246993795,-0.009156927,0.04705057,-0.008151743,0.01679545,0.0460608,0.00987819,0.9987486
0,0.0166672,47.1849141940475,-0.009156927,0.04705057,-0.008151743,0.01679545,0.0460608,0.00987819,0.9987486
0,0.0166685,47.2015826944262,-0.009156927,0.04705057,-0.008151743,0.01679545,0.0460608,0.00987819,0.9987486
0,0.0166654,47.2182480935007,-0.009156927,0.04705057,-0.008151743,0.01679545,0.0460608,0.00987819,0.9987486
0,0.0166673,47.234915394336,-0.009156927,0.04705057,-0.008151743,0.01679545,0.0460608,0.00987819,0.9987486
0,0.0166669,47.2515822947025,-0.009156927,0.04705057,-0.008151743,0.01679545,0.0460608,0.00987819,0.9987486
0,0.0166666,47.2682488951832,-0.009156927,0.04705057,-0.008151743,0.01679545,0.0460608,0.00987819,0.9987486
0,0.0166672,47.2849160954356,-0.009156927,0.04705057,-0.008151743,0.01679545,0.0460608,0.00987819,0.9987486
0,0.0166669,47.3015829958022,-0.009156927,0.04705057,-0.008151743,0.01679545,0.0460608,0.00987819,0.9987486
0,0.0166664,47.3182493951172,-0.009156927,0.04705057,-0.008151743,0.01679545,0.0460608,0.00987819,0.9987486
0,0.0166669,47.3349162954837,-0.009156927,0.04705057,-0.008151743,0.01679545,0.0460608,0.00987819,0.9987486
0,0.016667,47.3515832945704,-0.009156927,0.04705057,-0.008151743,0.01679545,0.0460608,0.00987819,0.9987486
0,0.0166669,47.368250194937,-0.009156927,0.04705057,-0.008151743,0.01679545,0.0460608,0.00987819,0.9987486
0,0.0166669,47.3849170953035,-0.009156927,0.04705057,-0.008151743,0.01679545,0.0460608,0.00987819,0.9987486
0,0.0166672,47.4015842955559,-0.009156927,0.04705057,-0.008151743,0.01679545,0.0460608,0.00987819,0.9987486
0,0.016666,47.4182502962649,-0.009156927,0.04705057,-0.008151743,0.01679545,0.0460608,0.00987819,0.9987486
0,0.016668,47.4349182955921,-0.009156927,0.04705057,-0.008151743,0.01679545,0.0460608,0.00987819,0.9987486
0,0.0166666,47.4515848960727,-0.009156927,0.04705057,-0.008151743,0.01679545,0.0460608,0.00987819,0.9987486
0,0.0166665,47.4682513959706,-0.009156927,0.04705057,-0.008151743,0.01679545,0.0460608,0.00987819,0.9987486
0,0.0166671,47.4849184956402,-0.009156927,0.04705057,-0.008151743,0.01679545,0.0460608,0.00987819,0.9987486
0,0.0166669,47.5015853960067,-0.009156927,0.04705057,-0.008151743,0.01679545,0.0460608,0.00987819,0.9987486
0,0.016667,47.5182523950934,-0.009156927,0.04705057,-0.008151743,0.01679545,0.0460608,0.00987819,0.9987486
0,0.0166666,47.5349189955741,-0.009156927,0.04705057,-0.008151743,0.01679545,0.0460608,0.00987819,0.9987486
0,0.0166671,47.5515860952437,-0.009156927,0.04705057,-0.008151743,0.01679545,0.0460608,0.00987819,0.9987486
0,0.0166671,47.5682531949133,-0.009156927,0.04705057,-0.008151743,0.01679545,0.0460608,0.00987819,0.9987486
0,0.0166669,47.5849200952798,-0.009156927,0.04705057,-0.008151743,0.01679545,0.0460608,0.00987819,0.9987486
0,0.0166667,47.6015867944807,-0.009156927,0.04705057,-0.008151743,0.01679545,0.0460608,0.00987819,0.9987486
0,0.0166673,47.6182540953159,-0.009156927,0.04705057,-0.008151743,0.01679545,0.0460608,0.00987819,0.9987486
0,0.0166668,47.6349208950996,-0.009156927,0.04705057,-0.008151743,0.01679545,0.0460608,0.00987819,0.9987486
0,0.016668,47.6515888944268,-0.009156927,0.04705057,-0.008151743,0.01679545,0.0460608,0.00987819,0.9987486
0,0.0166652,47.6682540941983,-0.009156927,0.04705057,-0.008151743,0.01679545,0.0460608,0.00987819,0.9987486
0,0.016667,47.6849210932851,-0.009156927,0.04705057,-0.008151743,0.01679545,0.0460608,0.00987819,0.9987486
0,0.0166668,47.7015878930688,-0.009156927,0.04705057,-0.008151743,0.01679545,0.0460608,0.00987819,0.9987486
0,0.0166671,47.7182549927384,-0.009156927,0.04705057,-0.008151743,0.01679545,0.0460608,0.00987819,0.9987486
0,0.0166672,47.7349221929908,-0.009156927,0.04705057,-0.008151743,0.01679545,0.0460608,0.00987819,0.9987486
0,0.0166668,47.7515889927745,-0.009156927,0.04705057,-0.008151743,0.01679545,0.0460608,0.00987819,0.9987486
0,0.0166667,47.7682556919754,-0.009156927,0.04705057,-0.008151743,0.01679545,0.0460608,0.00987819,0.9987486
0,0.0166672,47.7849228922278,-0.009156927,0.04705057,-0.008151743,0.01679545,0.0460608,0.00987819,0.9987486
0,0.016667,47.8015898913145,-0.009156927,0.04705057,-0.008151743,0.01679545,0.0460608,0.00987819,0.9987486
0,0.0166665,47.8182563912123,-0.009156927,0.04705057,-0.008151743,0.01679545,0.0460608,0.00987819,0.9987486
0,0.0166674,47.8349237907678,-0.009156927,0.04705057,-0.008151743,0.01679545,0.0460608,0.00987819,0.9987486
0,0.0166665,47.8515902906656,-0.009156927,0.04705057,-0.008151743,0.01679545,0.0460608,0.00987819,0.9987486
0,0.0166668,47.8682570904493,-0.009156927,0.04705057,-0.008151743,0.01679545,0.0460608,0.00987819,0.9987486
0,0.016667,47.8849240895361,-0.009156927,0.04705057,-0.008151743,0.01679545,0.0460608,0.00987819,0.9987486
0,0.0166672,47.9015912897885,-0.009156927,0.04705057,-0.008151743,0.01679545,0.0460608,0.00987819,0.9987486
0,0.0166665,47.9182577896863,-0.009156927,0.04705057,-0.008151743,0.01679545,0.0460608,0.00987819,0.9987486
0,0.0166682,47.9349259901792,-0.009156927,0.04705057,-0.008151743,0.01679545,0.0460608,0.00987819,0.9987486
0,0.0166663,47.951592290774,-0.009156927,0.04705057,-0.008151743,0.01679545,0.0460608,0.00987819,0.9987486
0,0.0166671,47.9682593904436,-0.009156927,0.04705057,-0.008151743,0.01679545,0.0460608,0.00987819,0.9987486
0,0.0166663,47.9849256910384,-0.009156927,0.04705057,-0.008151743,0.01679545,0.0460608,0.00987819,0.9987486
0,0.0166669,48.0015925914049,-0.009156927,0.04705057,-0.008151743,0.01679545,0.0460608,0.00987819,0.9987486
0,0.016667,48.0182595904917,-0.009156927,0.04705057,-0.008151743,0.01679545,0.0460608,0.00987819,0.9987486
0,0.0166669,48.0349264908582,-0.009156927,0.04705057,-0.008151743,0.01679545,0.0460608,0.00987819,0.9987486
0,0.0166674,48.0515938904136,-0.009156927,0.04705057,-0.008151743,0.01679545,0.0460608,0.00987819,0.9987486
0,0.0166663,48.0682601910084,-0.009156927,0.04705057,-0.008151743,0.01679545,0.0460608,0.00987819,0.9987486
0,0.0166672,48.0849273912609,-0.009156927,0.04705057,-0.008151743,0.01679545,0.0460608,0.00987819,0.9987486
0,0.0166674,48.1015947908163,-0.009156927,0.04705057,-0.008151743,0.01679545,0.0460608,0.00987819,0.9987486
0,0.0166941,48.11828889139,-0.009156927,0.04705057,-0.008151743,0.01679545,0.0460608,0.00987819,0.9987486
0,0.0166669,48.1349557917565,-0.009156927,0.04705057,-0.008151743,0.01679545,0.0460608,0.00987819,0.9987486
0,0.0166672,48.1516229920089,-0.009156927,0.04705057,-0.008151743,0.01679545,0.0460608,0.00987819,0.9987486
0,0.0166667,48.1682896912098,-0.009156927,0.04705057,-0.008151743,0.01679545,0.0460608,0.00987819,0.9987486
0,0.0166671,48.1849567908794,-0.009156927,0.04705057,-0.008151743,0.01679545,0.0460608,0.00987819,0.9987486
0,0.0166669,48.2016236912459,-0.009156927,0.04705057,-0.008151743,0.01679545,0.0460608,0.00987819,0.9987486
0,0.0166671,48.2182907909155,-0.009156927,0.04705057,-0.008151743,0.01679545,0.0460608,0.00987819,0.9987486
0,0.0166669,48.234957691282,-0.009156927,0.04705057,-0.008151743,0.01679545,0.0460608,0.00987819,0.9987486
0,0.0166661,48.2516237907112,-0.009156927,0.04705057,-0.008151743,0.01679545,0.0460608,0.00987819,0.9987486
0,0.0166676,48.2682913914323,-0.009156927,0.04705057,-0.008151743,0.01679545,0.0460608,0.00987819,0.9987486
0,0.0166666,48.284957991913,-0.009156927,0.04705057,-0.008151743,0.01679545,0.0460608,0.00987819,0.9987486
0,0.0166669,48.3016248922795,-0.009156927,0.04705057,-0.008151743,0.01679545,0.0460608,0.00987819,0.9987486
0,0.0166669,48.3182917926461,-0.009156927,0.04705057,-0.008151743,0.01679545,0.0460608,0.00987819,0.9987486
0,0.0166668,48.3349585924298,-0.009156927,0.04705057,-0.008151743,0.01679545,0.0460608,0.00987819,0.9987486
0,0.0166673,48.351625893265,-0.009156927,0.04705057,-0.008151743,0.01679545,0.0460608,0.00987819,0.9987486
0,0.016667,48.3682928923517,-0.009156927,0.04705057,-0.008151743,0.01679545,0.0460608,0.00987819,0.9987486
0,0.0166666,48.3849594928324,-0.009156927,0.04705057,-0.008151743,0.01679545,0.0460608,0.00987819,0.9987486
0,0.0166669,48.401626393199,-0.009156927,0.04705057,-0.008151743,0.01679545,0.0460608,0.00987819,0.9987486
0,0.0166671,48.4182934928685,-0.009156927,0.04705057,-0.008151743,0.01679545,0.0460608,0.00987819,0.9987486
0,0.0166666,48.4349600933492,-0.009156927,0.04705057,-0.008151743,0.01679545,0.0460608,0.00987819,0.9987486
0,0.0166669,48.4516269937158,-0.009156927,0.04705057,-0.008151743,0.01679545,0.0460608,0.00987819,0.9987486
0,0.0166673,48.468294294551,-0.009156927,0.04705057,-0.008151743,0.01679545,0.0460608,0.00987819,0.9987486
0,0.0166666,48.4849608950317,-0.009156927,0.04705057,-0.008151743,0.01679545,0.0460608,0.00987819,0.9987486
0,0.0166672,48.5016280952841,-0.009156927,0.04705057,-0.008151743,0.01679545,0.0460608,0.00987819,0.9987486
0,0.0166669,48.5182949956506,-0.009156927,0.04705057,-0.008151743,0.01679545,0.0460608,0.00987819,0.9987486
0,0.0166671,48.5349620953202,-0.009156927,0.04705057,-0.008151743,0.01679545,0.0460608,0.00987819,0.9987486
0,0.0166678,48.5516298953444,-0.009156927,0.04705057,-0.008151743,0.01679545,0.0460608,0.00987819,0.9987486
0,0.016667,48.5682968944311,-0.009156927,0.04705057,-0.008151743,0.01679545,0.0460608,0.00987819,0.9987486
0,0.0166672,48.5849640946835,-0.009156927,0.04705057,-0.008151743,0.01679545,0.0460608,0.00987819,0.9987486
0,0.0166666,48.6016306951642,-0.009156927,0.04705057,-0.008151743,0.01679545,0.0460608,0.00987819,0.9987486
0,0.0166671,48.6182977948338,-0.009156927,0.04705057,-0.008151743,0.01679545,0.0460608,0.00987819,0.9987486
0,0.0166667,48.6349644940346,-0.009156927,0.04705057,-0.008151743,0.01679545,0.0460608,0.00987819,0.9987486
0,0.0166667,48.6516311932355,-0.009156927,0.04705057,-0.008151743,0.01679545,0.0460608,0.00987819,0.9987486
0,0.0166673,48.6682984940708,-0.009156927,0.04705057,-0.008151743,0.01679545,0.0460608,0.00987819,0.9987486
0,0.0166673,48.684965794906,-0.009156927,0.04705057,-0.008151743,0.01679545,0.0460608,0.00987819,0.9987486
0,0.0166664,48.701632194221,-0.009156927,0.04705057,-0.008151743,0.01679545,0.0460608,0.00987819,0.9987486
0,0.0166676,48.7182997949421,-0.009156927,0.04705057,-0.008151743,0.01679545,0.0460608,0.00987819,0.9987486
0,0.0166668,48.7349665947258,-0.009156927,0.04705057,-0.008151743,0.01679545,0.0460608,0.00987819,0.9987486
0,0.0166672,48.7516337949783,-0.009156927,0.04705057,-0.008151743,0.01679545,0.0460608,0.00987819,0.9987486
0,0.0166662,48.7682999949902,-0.009156927,0.04705057,-0.008151743,0.01679545,0.0460608,0.00987819,0.9987486
0,0.0166673,48.7849672958255,-0.009156927,0.04705057,-0.008151743,0.01679545,0.0460608,0.00987819,0.9987486
0,0.0166672,48.8016344960779,-0.009156927,0.04705057,-0.008151743,0.01679545,0.0460608,0.00987819,0.9987486
0,0.0166662,48.8183006960899,-0.009156927,0.04705057,-0.008151743,0.01679545,0.0460608,0.00987819,0.9987486
0,0.016667,48.8349676951766,-0.009156927,0.04705057,-0.008151743,0.01679545,0.0460608,0.00987819,0.9987486
0,0.0166669,48.8516345955431,-0.009156927,0.04705057,-0.008151743,0.01679545,0.0460608,0.00987819,0.9987486
0,0.016667,48.8683015946299,-0.009156927,0.04705057,-0.008151743,0.01679545,0.0460608,0.00987819,0.9987486
0,0.0166667,48.8849682938308,-0.009156927,0.04705057,-0.008151743,0.01679545,0.0460608,0.00987819,0.9987486
0,0.0166673,48.901635594666,-0.009156927,0.04705057,-0.008151743,0.01679545,0.0460608,0.00987819,0.9987486
0,0.0166672,48.9183027949184,-0.009156927,0.04705057,-0.008151743,0.01679545,0.0460608,0.00987819,0.9987486
0,0.0166669,48.934969695285,-0.009156927,0.04705057,-0.008151743,0.01679545,0.0460608,0.00987819,0.9987486
0,0.016667,48.9516366943717,-0.009156927,0.04705057,-0.008151743,0.01679545,0.0460608,0.00987819,0.9987486
0,0.0166671,48.9683037940413,-0.009156927,0.04705057,-0.008151743,0.01679545,0.0460608,0.00987819,0.9987486
0,0.0166668,48.984970593825,-0.009156927,0.04705057,-0.008151743,0.01679545,0.0460608,0.00987819,0.9987486
0,0.0166667,49.0016372930259,-0.009156927,0.04705057,-0.008151743,0.01679545,0.0460608,0.00987819,0.9987486
0,0.0166672,49.0183044932783,-0.009156927,0.04705057,-0.008151743,0.01679545,0.0460608,0.00987819,0.9987486
0,0.0166665,49.0349709931761,-0.009156927,0.04705057,-0.008151743,0.01679545,0.0460608,0.00987819,0.9987486
0,0.0166669,49.0516378935426,-0.009156927,0.04705057,-0.008151743,0.01679545,0.0460608,0.00987819,0.9987486
0,0.0166669,49.0683047939092,-0.009156927,0.04705057,-0.008151743,0.01679545,0.0460608,0.00987819,0.9987486
0,0.0166671,49.0849718935788,-0.009156927,0.04705057,-0.008151743,0.01679545,0.0460608,0.00987819,0.9987486
0,0.0166671,49.1016389932483,-0.009156927,0.04705057,-0.008151743,0.01679545,0.0460608,0.00987819,0.9987486
0,0.0166668,49.1183057930321,-0.009156927,0.04705057,-0.008151743,0.01679545,0.0460608,0.00987819,0.9987486
0,0.0166668,49.1349725928158,-0.009156927,0.04705057,-0.008151743,0.01679545,0.0460608,0.00987819,0.9987486
0,0.0166673,49.151639893651,-0.009156927,0.04705057,-0.008151743,0.01679545,0.0460608,0.00987819,0.9987486
0,0.0166666,49.1683064941317,-0.009156927,0.04705057,-0.008151743,0.01679545,0.0460608,0.00987819,0.9987486
0,0.0166673,49.1849737949669,-0.009156927,0.04705057,-0.008151743,0.01679545,0.0460608,0.00987819,0.9987486
0,0.0166664,49.2016401942819,-0.009156927,0.04705057,-0.008151743,0.01679545,0.0460608,0.00987819,0.9987486
0,0.0166672,49.2183073945343,-0.009156927,0.04705057,-0.008151743,0.01679545,0.0460608,0.00987819,0.9987486
0,0.0166666,49.234973995015,-0.009156927,0.04705057,-0.008151743,0.01679545,0.0460608,0.00987819,0.9987486
0,0.0166677,49.2516416944563,-0.009156927,0.04705057,-0.008151743,0.01679545,0.0460608,0.00987819,0.9987486
0,0.0166664,49.2683080937713,-0.009156927,0.04705057,-0.008151743,0.01679545,0.0460608,0.00987819,0.9987486
0,0.0166665,49.2849745936692,-0.009156927,0.04705057,-0.008151743,0.01679545,0.0460608,0.00987819,0.9987486
0,0.0166671,49.3016416933388,-0.009156927,0.04705057,-0.008151743,0.01679545,0.0460608,0.00987819,0.9987486
0,0.0166671,49.3183087930083,-0.009156927,0.04705057,-0.008151743,0.01679545,0.0460608,0.00987819,0.9987486
0,0.0166671,49.3349758926779,-0.009156927,0.04705057,-0.008151743,0.01679545,0.0460608,0.00987819,0.9987486
0,0.0166665,49.3516423925757,-0.009156927,0.04705057,-0.008151743,0.01679545,0.0460608,0.00987819,0.9987486
0,0.016667,49.3683093916625,-0.009156927,0.04705057,-0.008151743,0.01679545,0.0460608,0.00987819,0.9987486
0,0.0166668,49.3849761914462,-0.009156927,0.04705057,-0.008151743,0.01679545,0.0460608,0.00987819,0.9987486
0,0.0166668,49.4016429912299,-0.009156927,0.04705057,-0.008151743,0.01679545,0.0460608,0.00987819,0.9987486
0,0.016667,49.4183099903166,-0.009156927,0.04705057,-0.008151743,0.01679545,0.0460608,0.00987819,0.9987486
0,0.0166672,49.434977190569,-0.009156927,0.04705057,-0.008151743,0.01679545,0.0460608,0.00987819,0.9987486
0,0.016667,49.4516441896558,-0.009156927,0.04705057,-0.008151743,0.01679545,0.0460608,0.00987819,0.9987486
0,0.0166665,49.4683106895536,-0.009156927,0.04705057,-0.008151743,0.01679545,0.0460608,0.00987819,0.9987486
0,0.0166673,49.4849779903889,-0.009156927,0.04705057,-0.008151743,0.01679545,0.0460608,0.00987819,0.9987486
0,0.0166668,49.5016447901726,-0.009156927,0.04705057,-0.008151743,0.01679545,0.0460608,0.00987819,0.9987486
0,0.0166667,49.5183114893734,-0.009156927,0.04705057,-0.008151743,0.01679545,0.0460608,0.00987819,0.9987486
0,0.016667,49.5349784884602,-0.009156927,0.04705057,-0.008151743,0.01679545,0.0460608,0.00987819,0.9987486
0,0.0166674,49.5516458880156,-0.009156927,0.04705057,-0.008151743,0.01679545,0.0460608,0.00987819,0.9987486
0,0.0166664,49.5683122873306,-0.009156927,0.04705057,-0.008151743,0.01679545,0.0460608,0.00987819,0.9987486
0,0.0166668,49.5849790871143,-0.009156927,0.04705057,-0.008151743,0.01679545,0.0460608,0.00987819,0.9987486
0,0.0166672,49.6016462873667,-0.009156927,0.04705057,-0.008151743,0.01679545,0.0460608,0.00987819,0.9987486
0,0.0166669,49.6183131877333,-0.009156927,0.04705057,-0.008151743,0.01679545,0.0460608,0.00987819,0.9987486
0,0.0166666,49.634979788214,-0.009156927,0.04705057,-0.008151743,0.01679545,0.0460608,0.00987819,0.9987486
0,0.0166679,49.651647688821,-0.009156927,0.04705057,-0.008151743,0.01679545,0.0460608,0.00987819,0.9987486
0,0.0166663,49.6683139894158,-0.009156927,0.04705057,-0.008151743,0.01679545,0.0460608,0.00987819,0.9987486
0,0.0166669,49.6849808897823,-0.009156927,0.04705057,-0.008151743,0.01679545,0.0460608,0.00987819,0.9987486
0,0.0166667,49.7016475889832,-0.009156927,0.04705057,-0.008151743,0.01679545,0.0460608,0.00987819,0.9987486
0,0.0166669,49.7183144893497,-0.009156927,0.04705057,-0.008151743,0.01679545,0.0460608,0.00987819,0.9987486
0,0.0166669,49.7349813897163,-0.009156927,0.04705057,-0.008151743,0.01679545,0.0460608,0.00987819,0.9987486
0,0.0166676,49.7516489904374,-0.009156927,0.04705057,-0.008151743,0.01679545,0.0460608,0.00987819,0.9987486
0,0.0166663,49.7683152910322,-0.009156927,0.04705057,-0.008151743,0.01679545,0.0460608,0.00987819,0.9987486
0,0.0166674,49.7849826905876,-0.009156927,0.04705057,-0.008151743,0.01679545,0.0460608,0.00987819,0.9987486
0,0.0166666,49.8016492910683,-0.009156927,0.04705057,-0.008151743,0.01679545,0.0460608,0.00987819,0.9987486
0,0.0166667,49.8183159902692,-0.009156927,0.04705057,-0.008151743,0.01679545,0.0460608,0.00987819,0.9987486
0,0.0166671,49.8349830899388,-0.009156927,0.04705057,-0.008151743,0.01679545,0.0460608,0.00987819,0.9987486
0,0.0166666,49.8516496904194,-0.009156927,0.04705057,-0.008151743,0.01679545,0.0460608,0.00987819,0.9987486
0,0.0166674,49.8683170899749,-0.009156927,0.04705057,-0.008151743,0.01679545,0.0460608,0.00987819,0.9987486
0,0.0166665,49.8849835898727,-0.009156927,0.04705057,-0.008151743,0.01679545,0.0460608,0.00987819,0.9987486
0,0.0166669,49.9016504902393,-0.009156927,0.04705057,-0.008151743,0.01679545,0.0460608,0.00987819,0.9987486
0,0.0166668,49.918317290023,-0.009156927,0.04705057,-0.008151743,0.01679545,0.0460608,0.00987819,0.9987486
0,0.0166668,49.9349840898067,-0.009156927,0.04705057,-0.008151743,0.01679545,0.0460608,0.00987819,0.9987486
0,0.0166674,49.9516514893621,-0.009156927,0.04705057,-0.008151743,0.01679545,0.0460608,0.00987819,0.9987486
0,0.0166666,49.9683180898428,-0.009156927,0.04705057,-0.008151743,0.01679545,0.0460608,0.00987819,0.9987486
0,0.0166669,49.9849849902093,-0.009156927,0.04705057,-0.008151743,0.01679545,0.0460608,0.00987819,0.9987486
0,0.0166671,50.0016520898789,-0.009156927,0.04705057,-0.008151743,0.01679545,0.0460608,0.00987819,0.9987486
0,0.0166679,50.0183199904859,-0.009156927,0.04705057,-0.008151743,0.01679545,0.0460608,0.00987819,0.9987486
0,0.0166656,50.0349855907261,-0.009156927,0.04705057,-0.008151743,0.01679545,0.0460608,0.00987819,0.9987486
0,0.0166667,50.051652289927,-0.009156927,0.04705057,-0.008151743,0.01679545,0.0460608,0.00987819,0.9987486
0,0.0166671,50.0683193895966,-0.009156927,0.04705057,-0.008151743,0.01679545,0.0460608,0.00987819,0.9987486
0,0.0166675,50.0849868897349,-0.009156927,0.04705057,-0.008151743,0.01679545,0.0460608,0.00987819,0.9987486
0,0.0166662,50.1016530897468,-0.009156927,0.04705057,-0.008151743,0.01679545,0.0460608,0.00987819,0.9987486
0,0.0166673,50.1183203905821,-0.009156927,0.04705057,-0.008151743,0.01679545,0.0460608,0.00987819,0.9987486
0,0.0166669,50.1349872909486,-0.009156927,0.04705057,-0.008151743,0.01679545,0.0460608,0.00987819,0.9987486
0,0.0166669,50.1516541913152,-0.009156927,0.04705057,-0.008151743,0.01679545,0.0460608,0.00987819,0.9987486
0,0.0166671,50.1683212909848,-0.009156927,0.04705057,-0.008151743,0.01679545,0.0460608,0.00987819,0.9987486
0,0.0166666,50.1849878914654,-0.009156927,0.04705057,-0.008151743,0.01679545,0.0460608,0.00987819,0.9987486
0,0.0166689,50.2016567923129,-0.009156927,0.04705057,-0.008151743,0.01679545,0.0460608,0.00987819,0.9987486
0,0.0166671,50.2183238919824,-0.009156927,0.04705057,-0.008151743,0.01679545,0.0460608,0.00987819,0.9987486
0,0.0166664,50.2349902912974,-0.009156927,0.04705057,-0.008151743,0.01679545,0.0460608,0.00987819,0.9987486
0,0.0166669,50.251657191664,-0.009156927,0.04705057,-0.008151743,0.01679545,0.0460608,0.00987819,0.9987486
0,0.0166669,50.2683240920305,-0.009156927,0.04705057,-0.008151743,0.01679545,0.0460608,0.00987819,0.9987486
0,0.0166682,50.2849922925234,-0.009156927,0.04705057,-0.008151743,0.01679545,0.0460608,0.00987819,0.9987486
0,0.0166661,50.3016583919525,-0.009156927,0.04705057,-0.008151743,0.01679545,0.0460608,0.00987819,0.9987486
0,0.0166667,50.3183250911534,-0.009156927,0.04705057,-0.008151743,0.01679545,0.0460608,0.00987819,0.9987486
0,0.0166671,50.334992190823,-0.009156927,0.04705057,-0.008151743,0.01679545,0.0460608,0.00987819,0.9987486
0,0.016667,50.3516591899097,-0.009156927,0.04705057,-0.008151743,0.01679545,0.0460608,0.00987819,0.9987486
0,0.0166668,50.3683259896934,-0.009156927,0.04705057,-0.008151743,0.01679545,0.0460608,0.00987819,0.9987486
0,0.0166678,50.3849937897176,-0.009156927,0.04705057,-0.008151743,0.01679545,0.0460608,0.00987819,0.9987486
0,0.0166664,50.4016601890326,-0.009156927,0.04705057,-0.008151743,0.01679545,0.0460608,0.00987819,0.9987486
0,0.0166665,50.4183266889304,-0.009156927,0.04705057,-0.008151743,0.01679545,0.0460608,0.00987819,0.9987486
0,0.0166668,50.4349934887141,-0.009156927,0.04705057,-0.008151743,0.01679545,0.0460608,0.00987819,0.9987486
0,0.0166669,50.4516603890806,-0.009156927,0.04705057,-0.008151743,0.01679545,0.0460608,0.00987819,0.9987486
0,0.016667,50.4683273881674,-0.009156927,0.04705057,-0.008151743,0.01679545,0.0460608,0.00987819,0.9987486
0,0.0166669,50.4849942885339,-0.009156927,0.04705057,-0.008151743,0.01679545,0.0460608,0.00987819,0.9987486
0,0.0166671,50.5016613882035,-0.009156927,0.04705057,-0.008151743,0.01679545,0.0460608,0.00987819,0.9987486
0,0.016667,50.5183283872902,-0.009156927,0.04705057,-0.008151743,0.01679545,0.0460608,0.00987819,0.9987486
0,0.0166665,50.5349948871881,-0.009156927,0.04705057,-0.008151743,0.01679545,0.0460608,0.00987819,0.9987486
0,0.0166673,50.5516621880233,-0.009156927,0.04705057,-0.008151743,0.01679545,0.0460608,0.00987819,0.9987486
0,0.0166667,50.5683288872242,-0.009156927,0.04705057,-0.008151743,0.01679545,0.0460608,0.00987819,0.9987486
0,0.0166667,50.5849955864251,-0.009156927,0.04705057,-0.008151743,0.01679545,0.0460608,0.00987819,0.9987486
0,0.0166667,50.6016622856259,-0.009156927,0.04705057,-0.008151743,0.01679545,0.0460608,0.00987819,0.9987486
0,0.0166682,50.6183304861188,-0.009156927,0.04705057,-0.008151743,0.01679545,0.0460608,0.00987819,0.9987486
0,0.0166659,50.6349963862449,-0.009156927,0.04705057,-0.008151743,0.01679545,0.0460608,0.00987819,0.9987486
0,0.0166669,50.6516632866114,-0.009156927,0.04705057,-0.008151743,0.01679545,0.0460608,0.00987819,0.9987486
0,0.0166669,50.668330186978,-0.009156927,0.04705057,-0.008151743,0.01679545,0.0460608,0.00987819,0.9987486
0,0.0166672,50.6849973872304,-0.009156927,0.04705057,-0.008151743,0.01679545,0.0460608,0.00987819,0.9987486
0,0.0166665,50.7016638871282,-0.009156927,0.04705057,-0.008151743,0.01679545,0.0460608,0.00987819,0.9987486
0,0.016668,50.7183318864554,-0.009156927,0.04705057,-0.008151743,0.01679545,0.0460608,0.00987819,0.9987486
0,0.0166666,50.7349984869361,-0.009156927,0.04705057,-0.008151743,0.01679545,0.0460608,0.00987819,0.9987486
0,0.0166666,50.7516650874168,-0.009156927,0.04705057,-0.008151743,0.01679545,0.0460608,0.00987819,0.9987486
0,0.0166686,50.7683336865157,-0.009156927,0.04705057,-0.008151743,0.01679545,0.0460608,0.00987819,0.9987486
0,0.0166648,50.7849984858185,-0.009156927,0.04705057,-0.008151743,0.01679545,0.0460608,0.00987819,0.9987486
0,0.0166685,50.8016669861972,-0.009156927,0.04705057,-0.008151743,0.01679545,0.0460608,0.00987819,0.9987486
0,0.0166674,50.8183343857527,-0.009156927,0.04705057,-0.008151743,0.01679545,0.0460608,0.00987819,0.9987486
0,0.016665,50.8349993862212,-0.009156927,0.04705057,-0.008151743,0.01679545,0.0460608,0.00987819,0.9987486
0,0.0166681,50.8516674861312,-0.009156927,0.04705057,-0.008151743,0.01679545,0.0460608,0.00987819,0.9987486
0,0.0166661,50.8683335855603,-0.009156927,0.04705057,-0.008151743,0.01679545,0.0460608,0.00987819,0.9987486
0,0.0166668,50.885000385344,-0.009156927,0.04705057,-0.008151743,0.01679545,0.0460608,0.00987819,0.9987486
0,0.0166668,50.9016671851277,-0.009156927,0.04705057,-0.008151743,0.01679545,0.0460608,0.00987819,0.9987486
0,0.016667,50.9183341842145,-0.009156927,0.04705057,-0.008151743,0.01679545,0.0460608,0.00987819,0.9987486
0,0.0166678,50.9350019842386,-0.009156927,0.04705057,-0.008151743,0.01679545,0.0460608,0.00987819,0.9987486
0,0.0166661,50.9516680836678,-0.009156927,0.04705057,-0.008151743,0.01679545,0.0460608,0.00987819,0.9987486
0,0.0166668,50.9683348834515,-0.009156927,0.04705057,-0.008151743,0.01679545,0.0460608,0.00987819,0.9987486
0,0.0166686,50.9850034825504,-0.009156927,0.04705057,-0.008151743,0.01679545,0.0460608,0.00987819,0.9987486
0,0.0166654,51.0016688816249,-0.009156927,0.04705057,-0.008151743,0.01679545,0.0460608,0.00987819,0.9987486
0,0.0166669,51.0183357819915,-0.009156927,0.04705057,-0.008151743,0.01679545,0.0460608,0.00987819,0.9987486
0,0.0166673,51.0350030828267,-0.009156927,0.04705057,-0.008151743,0.01679545,0.0460608,0.00987819,0.9987486
0,0.0166669,51.0516699831933,-0.009156927,0.04705057,-0.008151743,0.01679545,0.0460608,0.00987819,0.9987486
0,0.0166677,51.0683376826346,-0.009156927,0.04705057,-0.008151743,0.01679545,0.0460608,0.00987819,0.9987486
0,0.016666,51.0850036833435,-0.009156927,0.04705057,-0.008151743,0.01679545,0.0460608,0.00987819,0.9987486
0,0.0166669,51.1016705837101,-0.009156927,0.04705057,-0.008151743,0.01679545,0.0460608,0.00987819,0.9987486
0,0.0166665,51.1183370836079,-0.009156927,0.04705057,-0.008151743,0.01679545,0.0460608,0.00987819,0.9987486
0,0.016667,51.1350040826947,-0.009156927,0.04705057,-0.008151743,0.01679545,0.0460608,0.00987819,0.9987486
0,0.0166672,51.1516712829471,-0.009156927,0.04705057,-0.008151743,0.01679545,0.0460608,0.00987819,0.9987486
0,0.0166666,51.1683378834277,-0.009156927,0.04705057,-0.008151743,0.01679545,0.0460608,0.00987819,0.9987486
0,0.0166677,51.1850055828691,-0.009156927,0.04705057,-0.008151743,0.01679545,0.0460608,0.00987819,0.9987486
0,0.0166665,51.2016720827669,-0.009156927,0.04705057,-0.008151743,0.01679545,0.0460608,0.00987819,0.9987486
0,0.0166668,51.2183388825506,-0.009156927,0.04705057,-0.008151743,0.01679545,0.0460608,0.00987819,0.9987486
0,0.0166666,51.2350054830313,-0.009156927,0.04705057,-0.008151743,0.01679545,0.0460608,0.00987819,0.9987486
0,0.0166675,51.2516729831696,-0.009156927,0.04705057,-0.008151743,0.01679545,0.0460608,0.00987819,0.9987486
0,0.0166672,51.268340183422,-0.009156927,0.04705057,-0.008151743,0.01679545,0.0460608,0.00987819,0.9987486
0,0.0166663,51.2850064840168,-0.009156927,0.04705057,-0.008151743,0.01679545,0.0460608,0.00987819,0.9987486
0,0.0166668,51.3016732838005,-0.009156927,0.04705057,-0.008151743,0.01679545,0.0460608,0.00987819,0.9987486
0,0.0166669,51.318340184167,-0.009156927,0.04705057,-0.008151743,0.01679545,0.0460608,0.00987819,0.9987486
0,0.0166673,51.3350074850023,-0.009156927,0.04705057,-0.008151743,0.01679545,0.0460608,0.00987819,0.9987486
0,0.0166666,51.351674085483,-0.009156927,0.04705057,-0.008151743,0.01679545,0.0460608,0.00987819,0.9987486
0,0.016667,51.3683410845697,-0.009156927,0.04705057,-0.008151743,0.01679545,0.0460608,0.00987819,0.9987486
0,0.0166671,51.3850081842393,-0.009156927,0.04705057,-0.008151743,0.01679545,0.0460608,0.00987819,0.9987486
0,0.0166665,51.4016746841371,-0.009156927,0.04705057,-0.008151743,0.01679545,0.0460608,0.00987819,0.9987486
0,0.0166669,51.4183415845037,-0.009156927,0.04705057,-0.008151743,0.01679545,0.0460608,0.00987819,0.9987486
0,0.0166672,51.4350087847561,-0.009156927,0.04705057,-0.008151743,0.01679545,0.0460608,0.00987819,0.9987486
0,0.0166667,51.4516754839569,-0.009156927,0.04705057,-0.008151743,0.01679545,0.0460608,0.00987819,0.9987486
0,0.0166678,51.4683432839811,-0.009156927,0.04705057,-0.008151743,0.01679545,0.0460608,0.00987819,0.9987486
0,0.0166666,51.4850098844618,-0.009156927,0.04705057,-0.008151743,0.01679545,0.0460608,0.00987819,0.9987486
0,0.0166662,51.5016760844737,-0.009156927,0.04705057,-0.008151743,0.01679545,0.0460608,0.00987819,0.9987486
0,0.0166671,51.5183431841433,-0.009156927,0.04705057,-0.008151743,0.01679545,0.0460608,0.00987819,0.9987486
0,0.0166688,51.5350119844079,-0.009156927,0.04705057,-0.008151743,0.01679545,0.0460608,0.00987819,0.9987486
0,0.0166657,51.551677685231,-0.009156927,0.04705057,-0.008151743,0.01679545,0.0460608,0.00987819,0.9987486
0,0.0166674,51.5683450847864,-0.009156927,0.04705057,-0.008151743,0.01679545,0.0460608,0.00987819,0.9987486
0,0.0166667,51.5850117839873,-0.009156927,0.04705057,-0.008151743,0.01679545,0.0460608,0.00987819,0.9987486
0,0.0166665,51.6016782838851,-0.009156927,0.04705057,-0.008151743,0.01679545,0.0460608,0.00987819,0.9987486
0,0.0166673,51.6183455847204,-0.009156927,0.04705057,-0.008151743,0.01679545,0.0460608,0.00987819,0.9987486
0,0.0166669,51.6350124850869,-0.009156927,0.04705057,-0.008151743,0.01679545,0.0460608,0.00987819,0.9987486
0,0.0166666,51.6516790855676,-0.009156927,0.04705057,-0.008151743,0.01679545,0.0460608,0.00987819,0.9987486
0,0.016667,51.6683460846543,-0.009156927,0.04705057,-0.008151743,0.01679545,0.0460608,0.00987819,0.9987486
0,0.0166674,51.6850134842098,-0.009156927,0.04705057,-0.008151743,0.01679545,0.0460608,0.00987819,0.9987486
0,0.0166663,51.7016797848046,-0.009156927,0.04705057,-0.008151743,0.01679545,0.0460608,0.00987819,0.9987486
0,0.0166675,51.7183472849429,-0.009156927,0.04705057,-0.008151743,0.01679545,0.0460608,0.00987819,0.9987486
0,0.0166669,51.7350141853094,-0.009156927,0.04705057,-0.008151743,0.01679545,0.0460608,0.00987819,0.9987486
0,0.016667,51.7516811843961,-0.009156927,0.04705057,-0.008151743,0.01679545,0.0460608,0.00987819,0.9987486
0,0.0166665,51.768347684294,-0.009156927,0.04705057,-0.008151743,0.01679545,0.0460608,0.00987819,0.9987486
0,0.0166676,51.7850152850151,-0.009156927,0.04705057,-0.008151743,0.01679545,0.0460608,0.00987819,0.9987486
0,0.0166665,51.8016817849129,-0.009156927,0.04705057,-0.008151743,0.01679545,0.0460608,0.00987819,0.9987486
0,0.0166666,51.8183483853936,-0.009156927,0.04705057,-0.008151743,0.01679545,0.0460608,0.00987819,0.9987486
0,0.0166667,51.8350150845945,-0.009156927,0.04705057,-0.008151743,0.01679545,0.0460608,0.00987819,0.9987486
0,0.016667,51.8516820836812,-0.009156927,0.04705057,-0.008151743,0.01679545,0.0460608,0.00987819,0.9987486
0,0.0166669,51.8683489840478,-0.009156927,0.04705057,-0.008151743,0.01679545,0.0460608,0.00987819,0.9987486
0,0.0166669,51.8850158844143,-0.009156927,0.04705057,-0.008151743,0.01679545,0.0460608,0.00987819,0.9987486
0,0.0166671,51.9016829840839,-0.009156927,0.04705057,-0.008151743,0.01679545,0.0460608,0.00987819,0.9987486
0,0.016667,51.9183499831706,-0.009156927,0.04705057,-0.008151743,0.01679545,0.0460608,0.00987819,0.9987486
0,0.016667,51.9350169822574,-0.009156927,0.04705057,-0.008151743,0.01679545,0.0460608,0.00987819,0.9987486
0,0.0166667,51.9516836814582,-0.009156927,0.04705057,-0.008151743,0.01679545,0.0460608,0.00987819,0.9987486
0,0.0166671,51.9683507811278,-0.009156927,0.04705057,-0.008151743,0.01679545,0.0460608,0.00987819,0.9987486
0,0.0166665,51.9850172810256,-0.009156927,0.04705057,-0.008151743,0.01679545,0.0460608,0.00987819,0.9987486
0,0.0166671,52.0016843806952,-0.009156927,0.04705057,-0.008151743,0.01679545,0.0460608,0.00987819,0.9987486
0,0.0166666,52.0183509811759,-0.009156927,0.04705057,-0.008151743,0.01679545,0.0460608,0.00987819,0.9987486
0,0.0166684,52.0350193809718,-0.009156927,0.04705057,-0.008151743,0.01679545,0.0460608,0.00987819,0.9987486
0,0.0166655,52.0516848806292,-0.009156927,0.04705057,-0.008151743,0.01679545,0.0460608,0.00987819,0.9987486
0,0.0167603,52.0684451814741,-0.009156927,0.04705057,-0.008151743,0.01679545,0.0460608,0.00987819,0.9987486
0,0.0166669,52.0851120818406,-0.009156927,0.04705057,-0.008151743,0.01679545,0.0460608,0.00987819,0.9987486
0,0.0166667,52.1017787810415,-0.009156927,0.04705057,-0.008151743,0.01679545,0.0460608,0.00987819,0.9987486
0,0.0166671,52.1184458807111,-0.009156927,0.04705057,-0.008151743,0.01679545,0.0460608,0.00987819,0.9987486
0,0.0166672,52.1351130809635,-0.009156927,0.04705057,-0.008151743,0.01679545,0.0460608,0.00987819,0.9987486
0,0.0166665,52.1517795808613,-0.009156927,0.04705057,-0.008151743,0.01679545,0.0460608,0.00987819,0.9987486
0,0.0166669,52.1684464812279,-0.009156927,0.04705057,-0.008151743,0.01679545,0.0460608,0.00987819,0.9987486
0,0.0166669,52.1851133815944,-0.009156927,0.04705057,-0.008151743,0.01679545,0.0460608,0.00987819,0.9987486
0,0.0166669,52.201780281961,-0.009156927,0.04705057,-0.008151743,0.01679545,0.0460608,0.00987819,0.9987486
0,0.0166672,52.2184474822134,-0.009156927,0.04705057,-0.008151743,0.01679545,0.0460608,0.00987819,0.9987486
0,0.0166667,52.2351141814142,-0.009156927,0.04705057,-0.008151743,0.01679545,0.0460608,0.00987819,0.9987486
0,0.0166674,52.2517815809697,-0.009156927,0.04705057,-0.008151743,0.01679545,0.0460608,0.00987819,0.9987486
0,0.0166669,52.2684484813362,-0.009156927,0.04705057,-0.008151743,0.01679545,0.0460608,0.00987819,0.9987486
0,0.0166665,52.2851149812341,-0.009156927,0.04705057,-0.008151743,0.01679545,0.0460608,0.00987819,0.9987486
0,0.0166672,52.3017821814865,-0.009156927,0.04705057,-0.008151743,0.01679545,0.0460608,0.00987819,0.9987486
0,0.0166669,52.318449081853,-0.009156927,0.04705057,-0.008151743,0.01679545,0.0460608,0.00987819,0.9987486
0,0.0166666,52.3351156823337,-0.009156927,0.04705057,-0.008151743,0.01679545,0.0460608,0.00987819,0.9987486
0,0.0166669,52.3517825827003,-0.009156927,0.04705057,-0.008151743,0.01679545,0.0460608,0.00987819,0.9987486
0,0.0166669,52.3684494830668,-0.009156927,0.04705057,-0.008151743,0.01679545,0.0460608,0.00987819,0.9987486
0,0.0166669,52.3851163834333,-0.009156927,0.04705057,-0.008151743,0.01679545,0.0460608,0.00987819,0.9987486
0,0.0166669,52.4017832837999,-0.009156927,0.04705057,-0.008151743,0.01679545,0.0460608,0.00987819,0.9987486
0,0.0166673,52.4184505846351,-0.009156927,0.04705057,-0.008151743,0.01679545,0.0460608,0.00987819,0.9987486
0,0.0166671,52.4351176843047,-0.009156927,0.04705057,-0.008151743,0.01679545,0.0460608,0.00987819,0.9987486
0,0.0166664,52.4517840836197,-0.009156927,0.04705057,-0.008151743,0.01679545,0.0460608,0.00987819,0.9987486
0,0.0166671,52.4684511832893,-0.009156927,0.04705057,-0.008151743,0.01679545,0.0460608,0.00987819,0.9987486
0,0.0166668,52.485117983073,-0.009156927,0.04705057,-0.008151743,0.01679545,0.0460608,0.00987819,0.9987486
0,0.0166667,52.5017846822739,-0.009156927,0.04705057,-0.008151743,0.01679545,0.0460608,0.00987819,0.9987486
0,0.016667,52.5184516813606,-0.009156927,0.04705057,-0.008151743,0.01679545,0.0460608,0.00987819,0.9987486
0,0.0166674,52.535119080916,-0.009156927,0.04705057,-0.008151743,0.01679545,0.0460608,0.00987819,0.9987486
0,0.0166665,52.5517855808139,-0.009156927,0.04705057,-0.008151743,0.01679545,0.0460608,0.00987819,0.9987486
0,0.0166669,52.5684524811804,-0.009156927,0.04705057,-0.008151743,0.01679545,0.0460608,0.00987819,0.9987486
0,0.0166671,52.58511958085,-0.009156927,0.04705057,-0.008151743,0.01679545,0.0460608,0.00987819,0.9987486
0,0.0166672,52.6017867811024,-0.009156927,0.04705057,-0.008151743,0.01679545,0.0460608,0.00987819,0.9987486
0,0.0166693,52.6184560805559,-0.009156927,0.04705057,-0.008151743,0.01679545,0.0460608,0.00987819,0.9987486
0,0.0166644,52.6351204812527,-0.009156927,0.04705057,-0.008151743,0.01679545,0.0460608,0.00987819,0.9987486
0,0.016667,52.6517874803394,-0.009156927,0.04705057,-0.008151743,0.01679545,0.0460608,0.00987819,0.9987486
0,0.016667,52.6684544794261,-0.009156927,0.04705057,-0.008151743,0.01679545,0.0460608,0.00987819,0.9987486
0,0.0166666,52.6851210799068,-0.009156927,0.04705057,-0.008151743,0.01679545,0.0460608,0.00987819,0.9987486
0,0.0166669,52.7017879802734,-0.009156927,0.04705057,-0.008151743,0.01679545,0.0460608,0.00987819,0.9987486
0,0.016667,52.7184549793601,-0.009156927,0.04705057,-0.008151743,0.01679545,0.0460608,0.00987819,0.9987486
0,0.016667,52.7351219784468,-0.009156927,0.04705057,-0.008151743,0.01679545,0.0460608,0.00987819,0.9987486
0,0.0166669,52.7517888788134,-0.009156927,0.04705057,-0.008151743,0.01679545,0.0460608,0.00987819,0.9987486
0,0.0166671,52.768455978483,-0.009156927,0.04705057,-0.008151743,0.01679545,0.0460608,0.00987819,0.9987486
0,0.016667,52.7851229775697,-0.009156927,0.04705057,-0.008151743,0.01679545,0.0460608,0.00987819,0.9987486
0,0.0166666,52.8017895780504,-0.009156927,0.04705057,-0.008151743,0.01679545,0.0460608,0.00987819,0.9987486
0,0.0166672,52.8184567783028,-0.009156927,0.04705057,-0.008151743,0.01679545,0.0460608,0.00987819,0.9987486
0,0.0166668,52.8351235780865,-0.009156927,0.04705057,-0.008151743,0.01679545,0.0460608,0.00987819,0.9987486
0,0.0166668,52.8517903778702,-0.009156927,0.04705057,-0.008151743,0.01679545,0.0460608,0.00987819,0.9987486
0,0.0166669,52.8684572782367,-0.009156927,0.04705057,-0.008151743,0.01679545,0.0460608,0.00987819,0.9987486
0,0.0166672,52.8851244784892,-0.009156927,0.04705057,-0.008151743,0.01679545,0.0460608,0.00987819,0.9987486
0,0.0166665,52.901790978387,-0.009156927,0.04705057,-0.008151743,0.01679545,0.0460608,0.00987819,0.9987486
0,0.0166669,52.9184578787535,-0.009156927,0.04705057,-0.008151743,0.01679545,0.0460608,0.00987819,0.9987486
0,0.0166672,52.935125079006,-0.009156927,0.04705057,-0.008151743,0.01679545,0.0460608,0.00987819,0.9987486
0,0.0166673,52.9517923798412,-0.009156927,0.04705057,-0.008151743,0.01679545,0.0460608,0.00987819,0.9987486
0,0.0166671,52.9684594795108,-0.009156927,0.04705057,-0.008151743,0.01679545,0.0460608,0.00987819,0.9987486
0,0.0166661,52.9851255789399,-0.009156927,0.04705057,-0.008151743,0.01679545,0.0460608,0.00987819,0.9987486
0,0.0166673,53.0017928797752,-0.009156927,0.04705057,-0.008151743,0.01679545,0.0460608,0.00987819,0.9987486
0,0.016667,53.0184598788619,-0.009156927,0.04705057,-0.008151743,0.01679545,0.0460608,0.00987819,0.9987486
0,0.0166666,53.0351264793426,-0.009156927,0.04705057,-0.008151743,0.01679545,0.0460608,0.00987819,0.9987486
0,0.0166668,53.0517932791263,-0.009156927,0.04705057,-0.008151743,0.01679545,0.0460608,0.00987819,0.9987486
0,0.0166669,53.0684601794928,-0.009156927,0.04705057,-0.008151743,0.01679545,0.0460608,0.00987819,0.9987486
0,0.016667,53.0851271785796,-0.009156927,0.04705057,-0.008151743,0.01679545,0.0460608,0.00987819,0.9987486
0,0.0166671,53.1017942782491,-0.009156927,0.04705057,-0.008151743,0.01679545,0.0460608,0.00987819,0.9987486
0,0.016667,53.1184612773359,-0.009156927,0.04705057,-0.008151743,0.01679545,0.0460608,0.00987819,0.9987486
0,0.0166671,53.1351283770055,-0.009156927,0.04705057,-0.008151743,0.01679545,0.0460608,0.00987819,0.9987486
0,0.0166665,53.1517948769033,-0.009156927,0.04705057,-0.008151743,0.01679545,0.0460608,0.00987819,0.9987486
0,0.0166671,53.1684619765729,-0.009156927,0.04705057,-0.008151743,0.01679545,0.0460608,0.00987819,0.9987486
0,0.0166669,53.1851288769394,-0.009156927,0.04705057,-0.008151743,0.01679545,0.0460608,0.00987819,0.9987486
0,0.0166666,53.2017954774201,-0.009156927,0.04705057,-0.008151743,0.01679545,0.0460608,0.00987819,0.9987486
0,0.0166669,53.2184623777866,-0.009156927,0.04705057,-0.008151743,0.01679545,0.0460608,0.00987819,0.9987486
0,0.0166669,53.2351292781532,-0.009156927,0.04705057,-0.008151743,0.01679545,0.0460608,0.00987819,0.9987486
0,0.0166667,53.2517959773541,-0.009156927,0.04705057,-0.008151743,0.01679545,0.0460608,0.00987819,0.9987486
0,0.0166671,53.2684630770236,-0.009156927,0.04705057,-0.008151743,0.01679545,0.0460608,0.00987819,0.9987486
0,0.0166672,53.285130277276,-0.009156927,0.04705057,-0.008151743,0.01679545,0.0460608,0.00987819,0.9987486
0,0.0166669,53.3017971776426,-0.009156927,0.04705057,-0.008151743,0.01679545,0.0460608,0.00987819,0.9987486
0,0.0166665,53.3184636775404,-0.009156927,0.04705057,-0.008151743,0.01679545,0.0460608,0.00987819,0.9987486
0,0.0166674,53.3351310770959,-0.009156927,0.04705057,-0.008151743,0.01679545,0.0460608,0.00987819,0.9987486
0,0.0166665,53.3517975769937,-0.009156927,0.04705057,-0.008151743,0.01679545,0.0460608,0.00987819,0.9987486
0,0.0166669,53.3684644773602,-0.009156927,0.04705057,-0.008151743,0.01679545,0.0460608,0.00987819,0.9987486
0,0.0175626,53.3860270772129,-0.009156927,0.04705057,-0.008151743,0.01679545,0.0460608,0.00987819,0.9987486
0,0.0166667,53.4026937764138,-0.009156927,0.04705057,-0.008151743,0.01679545,0.0460608,0.00987819,0.9987486
0,0.0166671,53.4193608760834,-0.009156927,0.04705057,-0.008151743,0.01679545,0.0460608,0.00987819,0.9987486
0,0.0166672,53.4360280763358,-0.009156927,0.04705057,-0.008151743,0.01679545,0.0460608,0.00987819,0.9987486
0,0.0166669,53.4526949767023,-0.009156927,0.04705057,-0.008151743,0.01679545,0.0460608,0.00987819,0.9987486
0,0.0166666,53.469361577183,-0.009156927,0.04705057,-0.008151743,0.01679545,0.0460608,0.00987819,0.9987486
0,0.0166672,53.4860287774354,-0.009156927,0.04705057,-0.008151743,0.01679545,0.0460608,0.00987819,0.9987486
0,0.0166673,53.5026960782707,-0.009156927,0.04705057,-0.008151743,0.01679545,0.0460608,0.00987819,0.9987486
0,0.0166671,53.5193631779402,-0.009156927,0.04705057,-0.008151743,0.01679545,0.0460608,0.00987819,0.9987486
0,0.0166662,53.5360293779522,-0.009156927,0.04705057,-0.008151743,0.01679545,0.0460608,0.00987819,0.9987486
0,0.016667,53.552696377039,-0.009156927,0.04705057,-0.008151743,0.01679545,0.0460608,0.00987819,0.9987486
0,0.0166668,53.5693631768227,-0.009156927,0.04705057,-0.008151743,0.01679545,0.0460608,0.00987819,0.9987486
0,0.016667,53.5860301759094,-0.009156927,0.04705057,-0.008151743,0.01679545,0.0460608,0.00987819,0.9987486
0,0.0166672,53.6026973761618,-0.009156927,0.04705057,-0.008151743,0.01679545,0.0460608,0.00987819,0.9987486
0,0.0166666,53.6193639766425,-0.009156927,0.04705057,-0.008151743,0.01679545,0.0460608,0.00987819,0.9987486
0,0.0166668,53.6360307764262,-0.009156927,0.04705057,-0.008151743,0.01679545,0.0460608,0.00987819,0.9987486
0,0.0166671,53.6526978760958,-0.009156927,0.04705057,-0.008151743,0.01679545,0.0460608,0.00987819,0.9987486
0,0.0167722,53.6694700755179,-0.009156927,0.04705057,-0.008151743,0.01679545,0.0460608,0.00987819,0.9987486
0,0.0166671,53.6861371751875,-0.009156927,0.04705057,-0.008151743,0.01679545,0.0460608,0.00987819,0.9987486
0,0.0166671,53.702804274857,-0.009156927,0.04705057,-0.008151743,0.01679545,0.0460608,0.00987819,0.9987486
0,0.0166669,53.7194711752236,-0.009156927,0.04705057,-0.008151743,0.01679545,0.0460608,0.00987819,0.9987486
0,0.0166669,53.7361380755901,-0.009156927,0.04705057,-0.008151743,0.01679545,0.0460608,0.00987819,0.9987486
0,0.0166669,53.7528049759567,-0.009156927,0.04705057,-0.008151743,0.01679545,0.0460608,0.00987819,0.9987486
0,0.0166665,53.7694714758545,-0.009156927,0.04705057,-0.008151743,0.01679545,0.0460608,0.00987819,0.9987486
0,0.016667,53.7861384749413,-0.009156927,0.04705057,-0.008151743,0.01679545,0.0460608,0.00987819,0.9987486
0,0.0166669,53.8028053753078,-0.009156927,0.04705057,-0.008151743,0.01679545,0.0460608,0.00987819,0.9987486
0,0.0166668,53.8194721750915,-0.009156927,0.04705057,-0.008151743,0.01679545,0.0460608,0.00987819,0.9987486
0,0.0166678,53.8361399751157,-0.009156927,0.04705057,-0.008151743,0.01679545,0.0460608,0.00987819,0.9987486
0,0.016666,53.8528059758246,-0.009156927,0.04705057,-0.008151743,0.01679545,0.0460608,0.00987819,0.9987486
0,0.0166676,53.8694735765457,-0.009156927,0.04705057,-0.008151743,0.01679545,0.0460608,0.00987819,0.9987486
0,0.0166665,53.8861400764436,-0.009156927,0.04705057,-0.008151743,0.01679545,0.0460608,0.00987819,0.9987486
0,0.0167275,53.9028675761074,-0.009156927,0.04705057,-0.008151743,0.01679545,0.0460608,0.00987819,0.9987486
0,0.0166671,53.919534675777,-0.009156927,0.04705057,-0.008151743,0.01679545,0.0460608,0.00987819,0.9987486
0,0.0166672,53.9362018760294,-0.009156927,0.04705057,-0.008151743,0.01679545,0.0460608,0.00987819,0.9987486
0,0.0166666,53.95286847651,-0.009156927,0.04705057,-0.008151743,0.01679545,0.0460608,0.00987819,0.9987486
0,0.0166668,53.9695352762938,-0.009156927,0.04705057,-0.008151743,0.01679545,0.0460608,0.00987819,0.9987486
0,0.0166668,53.9862020760775,-0.009156927,0.04705057,-0.008151743,0.01679545,0.0460608,0.00987819,0.9987486
0,0.0166672,54.0028692763299,-0.009156927,0.04705057,-0.008151743,0.01679545,0.0460608,0.00987819,0.9987486
0,0.016667,54.0195362754166,-0.009156927,0.04705057,-0.008151743,0.01679545,0.0460608,0.00987819,0.9987486
0,0.0166666,54.0362028758973,-0.009156927,0.04705057,-0.008151743,0.01679545,0.0460608,0.00987819,0.9987486
0,0.016667,54.052869874984,-0.009156927,0.04705057,-0.008151743,0.01679545,0.0460608,0.00987819,0.9987486
0,0.0166669,54.0695367753506,-0.009156927,0.04705057,-0.008151743,0.01679545,0.0460608,0.00987819,0.9987486
0,0.0166667,54.0862034745514,-0.009156927,0.04705057,-0.008151743,0.01679545,0.0460608,0.00987819,0.9987486
0,0.0166668,54.1028702743351,-0.009156927,0.04705057,-0.008151743,0.01679545,0.0460608,0.00987819,0.9987486
0,0.0166668,54.1195370741189,-0.009156927,0.04705057,-0.008151743,0.01679545,0.0460608,0.00987819,0.9987486
0,0.0166671,54.1362041737884,-0.009156927,0.04705057,-0.008151743,0.01679545,0.0460608,0.00987819,0.9987486
0,0.0166668,54.1528709735721,-0.009156927,0.04705057,-0.008151743,0.01679545,0.0460608,0.00987819,0.9987486
0,0.0166673,54.1695382744074,-0.009156927,0.04705057,-0.008151743,0.01679545,0.0460608,0.00987819,0.9987486
0,0.0166669,54.1862051747739,-0.009156927,0.04705057,-0.008151743,0.01679545,0.0460608,0.00987819,0.9987486
0,0.0166664,54.2028715740889,-0.009156927,0.04705057,-0.008151743,0.01679545,0.0460608,0.00987819,0.9987486
0,0.0166674,54.2195389736444,-0.009156927,0.04705057,-0.008151743,0.01679545,0.0460608,0.00987819,0.9987486
0,0.0166669,54.2362058740109,-0.009156927,0.04705057,-0.008151743,0.01679545,0.0460608,0.00987819,0.9987486
0,0.0166665,54.2528723739088,-0.009156927,0.04705057,-0.008151743,0.01679545,0.0460608,0.00987819,0.9987486
0,0.0166668,54.2695391736925,-0.009156927,0.04705057,-0.008151743,0.01679545,0.0460608,0.00987819,0.9987486
0,0.0166677,54.2862068731338,-0.009156927,0.04705057,-0.008151743,0.01679545,0.0460608,0.00987819,0.9987486
0,0.0166663,54.3028731737286,-0.009156927,0.04705057,-0.008151743,0.01679545,0.0460608,0.00987819,0.9987486
0,0.0166669,54.3195400740951,-0.009156927,0.04705057,-0.008151743,0.01679545,0.0460608,0.00987819,0.9987486
0,0.0166672,54.3362072743475,-0.009156927,0.04705057,-0.008151743,0.01679545,0.0460608,0.00987819,0.9987486
0,0.0166669,54.3528741747141,-0.009156927,0.04705057,-0.008151743,0.01679545,0.0460608,0.00987819,0.9987486
0,0.0166672,54.3695413749665,-0.009156927,0.04705057,-0.008151743,0.01679545,0.0460608,0.00987819,0.9987486
0,0.0166666,54.3862079754472,-0.009156927,0.04705057,-0.008151743,0.01679545,0.0460608,0.00987819,0.9987486
0,0.0166671,54.4028750751168,-0.009156927,0.04705057,-0.008151743,0.01679545,0.0460608,0.00987819,0.9987486
0,0.0166664,54.4195414744318,-0.009156927,0.04705057,-0.008151743,0.01679545,0.0460608,0.00987819,0.9987486
0,0.016667,54.4362084735185,-0.009156927,0.04705057,-0.008151743,0.01679545,0.0460608,0.00987819,0.9987486
0,0.0166668,54.4528752733022,-0.009156927,0.04705057,-0.008151743,0.01679545,0.0460608,0.00987819,0.9987486
0,0.0166669,54.4695421736687,-0.009156927,0.04705057,-0.008151743,0.01679545,0.0460608,0.00987819,0.9987486
0,0.0166669,54.4862090740353,-0.009156927,0.04705057,-0.008151743,0.01679545,0.0460608,0.00987819,0.9987486
0,0.0166672,54.5028762742877,-0.009156927,0.04705057,-0.008151743,0.01679545,0.0460608,0.00987819,0.9987486
0,0.0166671,54.5195433739573,-0.009156927,0.04705057,-0.008151743,0.01679545,0.0460608,0.00987819,0.9987486
0,0.0166671,54.5362104736269,-0.009156927,0.04705057,-0.008151743,0.01679545,0.0460608,0.00987819,0.9987486
0,0.0166665,54.5528769735247,-0.009156927,0.04705057,-0.008151743,0.01679545,0.0460608,0.00987819,0.9987486
0,0.0166676,54.5695445742458,-0.009156927,0.04705057,-0.008151743,0.01679545,0.0460608,0.00987819,0.9987486
0,0.0166673,54.5862118750811,-0.009156927,0.04705057,-0.008151743,0.01679545,0.0460608,0.00987819,0.9987486
0,0.0166662,54.602878075093,-0.009156927,0.04705057,-0.008151743,0.01679545,0.0460608,0.00987819,0.9987486
0,0.0166669,54.6195449754596,-0.009156927,0.04705057,-0.008151743,0.01679545,0.0460608,0.00987819,0.9987486
0,0.0166668,54.6362117752433,-0.009156927,0.04705057,-0.008151743,0.01679545,0.0460608,0.00987819,0.9987486
0,0.0166669,54.6528786756098,-0.009156927,0.04705057,-0.008151743,0.01679545,0.0460608,0.00987819,0.9987486
0,0.0166868,54.6695654764771,-0.009156927,0.04705057,-0.008151743,0.01679545,0.0460608,0.00987819,0.9987486
0,0.0166671,54.6862325761467,-0.009156927,0.04705057,-0.008151743,0.01679545,0.0460608,0.00987819,0.9987486
0,0.0166667,54.7028992753476,-0.009156927,0.04705057,-0.008151743,0.01679545,0.0460608,0.00987819,0.9987486
0,0.0166667,54.7195659745485,-0.009156927,0.04705057,-0.008151743,0.01679545,0.0460608,0.00987819,0.9987486
0,0.016667,54.7362329736352,-0.009156927,0.04705057,-0.008151743,0.01679545,0.0460608,0.00987819,0.9987486
0,0.0166668,54.7528997734189,-0.009156927,0.04705057,-0.008151743,0.01679545,0.0460608,0.00987819,0.9987486
0,0.0166668,54.7695665732026,-0.009156927,0.04705057,-0.008151743,0.01679545,0.0460608,0.00987819,0.9987486
0,0.0166674,54.7862339727581,-0.009156927,0.04705057,-0.008151743,0.01679545,0.0460608,0.00987819,0.9987486
0,0.0166668,54.8029007725418,-0.009156927,0.04705057,-0.008151743,0.01679545,0.0460608,0.00987819,0.9987486
0,0.0166665,54.8195672724396,-0.009156927,0.04705057,-0.008151743,0.01679545,0.0460608,0.00987819,0.9987486
0,0.0166672,54.836234472692,-0.009156927,0.04705057,-0.008151743,0.01679545,0.0460608,0.00987819,0.9987486
0,0.016667,54.8529014717788,-0.009156927,0.04705057,-0.008151743,0.01679545,0.0460608,0.00987819,0.9987486
0,0.016669,54.8695704713464,-0.009156927,0.04705057,-0.008151743,0.01679545,0.0460608,0.00987819,0.9987486
0,0.0166673,54.8862377721816,-0.009156927,0.04705057,-0.008151743,0.01679545,0.0460608,0.00987819,0.9987486
0,0.0166666,54.9029043726623,-0.009156927,0.04705057,-0.008151743,0.01679545,0.0460608,0.00987819,0.9987486
0,0.0166668,54.919571172446,-0.009156927,0.04705057,-0.008151743,0.01679545,0.0460608,0.00987819,0.9987486
0,0.0166667,54.9362378716469,-0.009156927,0.04705057,-0.008151743,0.01679545,0.0460608,0.00987819,0.9987486
0,0.016667,54.9529048707336,-0.009156927,0.04705057,-0.008151743,0.01679545,0.0460608,0.00987819,0.9987486
0,0.016667,54.9695718698204,-0.009156927,0.04705057,-0.008151743,0.01679545,0.0460608,0.00987819,0.9987486
0,0.0166668,54.9862386696041,-0.009156927,0.04705057,-0.008151743,0.01679545,0.0460608,0.00987819,0.9987486
0,0.0166673,55.0029059704393,-0.009156927,0.04705057,-0.008151743,0.01679545,0.0460608,0.00987819,0.9987486
0,0.0166668,55.019572770223,-0.009156927,0.04705057,-0.008151743,0.01679545,0.0460608,0.00987819,0.9987486
0,0.016668,55.0362407695502,-0.009156927,0.04705057,-0.008151743,0.01679545,0.0460608,0.00987819,0.9987486
0,0.0166659,55.0529066696763,-0.009156927,0.04705057,-0.008151743,0.01679545,0.0460608,0.00987819,0.9987486
0,0.016667,55.069573668763,-0.009156927,0.04705057,-0.008151743,0.01679545,0.0460608,0.00987819,0.9987486
0,0.0166665,55.0862401686609,-0.009156927,0.04705057,-0.008151743,0.01679545,0.0460608,0.00987819,0.9987486
0,0.016667,55.1029071677476,-0.009156927,0.04705057,-0.008151743,0.01679545,0.0460608,0.00987819,0.9987486
0,0.0166673,55.1195744685829,-0.009156927,0.04705057,-0.008151743,0.01679545,0.0460608,0.00987819,0.9987486
0,0.0166667,55.1362411677837,-0.009156927,0.04705057,-0.008151743,0.01679545,0.0460608,0.00987819,0.9987486
0,0.0166669,55.1529080681503,-0.009156927,0.04705057,-0.008151743,0.01679545,0.0460608,0.00987819,0.9987486
0,0.0166668,55.169574867934,-0.009156927,0.04705057,-0.008151743,0.01679545,0.0460608,0.00987819,0.9987486
0,0.0166672,55.1862420681864,-0.009156927,0.04705057,-0.008151743,0.01679545,0.0460608,0.00987819,0.9987486
0,0.0166667,55.2029087673873,-0.009156927,0.04705057,-0.008151743,0.01679545,0.0460608,0.00987819,0.9987486
0,0.0166672,55.2195759676397,-0.009156927,0.04705057,-0.008151743,0.01679545,0.0460608,0.00987819,0.9987486
0,0.016667,55.2362429667264,-0.009156927,0.04705057,-0.008151743,0.01679545,0.0460608,0.00987819,0.9987486
0,0.0166664,55.2529093660414,-0.009156927,0.04705057,-0.008151743,0.01679545,0.0460608,0.00987819,0.9987486
0,0.0166669,55.269576266408,-0.009156927,0.04705057,-0.008151743,0.01679545,0.0460608,0.00987819,0.9987486
0,0.0166669,55.2862431667745,-0.009156927,0.04705057,-0.008151743,0.01679545,0.0460608,0.00987819,0.9987486
0,0.016667,55.3029101658612,-0.009156927,0.04705057,-0.008151743,0.01679545,0.0460608,0.00987819,0.9987486
0,0.0166673,55.3195774666965,-0.009156927,0.04705057,-0.008151743,0.01679545,0.0460608,0.00987819,0.9987486
0,0.0166672,55.3362446669489,-0.009156927,0.04705057,-0.008151743,0.01679545,0.0460608,0.00987819,0.9987486
0,0.0166668,55.3529114667326,-0.009156927,0.04705057,-0.008151743,0.01679545,0.0460608,0.00987819,0.9987486
0,0.0166673,55.3695787675679,-0.009156927,0.04705057,-0.008151743,0.01679545,0.0460608,0.00987819,0.9987486
0,0.0166669,55.3862456679344,-0.009156927,0.04705057,-0.008151743,0.01679545,0.0460608,0.00987819,0.9987486
0,0.0166669,55.402912568301,-0.009156927,0.04705057,-0.008151743,0.01679545,0.0460608,0.00987819,0.9987486
0,0.0166667,55.4195792675018,-0.009156927,0.04705057,-0.008151743,0.01679545,0.0460608,0.00987819,0.9987486
0,0.016668,55.436247266829,-0.009156927,0.04705057,-0.008151743,0.01679545,0.0460608,0.00987819,0.9987486
0,0.0166655,55.4529127664864,-0.009156927,0.04705057,-0.008151743,0.01679545,0.0460608,0.00987819,0.9987486
0,0.0166671,55.469579866156,-0.009156927,0.04705057,-0.008151743,0.01679545,0.0460608,0.00987819,0.9987486
0,0.0166669,55.4862467665225,-0.009156927,0.04705057,-0.008151743,0.01679545,0.0460608,0.00987819,0.9987486
0,0.0166673,55.5029140673578,-0.009156927,0.04705057,-0.008151743,0.01679545,0.0460608,0.00987819,0.9987486
0,0.0166666,55.5195806678385,-0.009156927,0.04705057,-0.008151743,0.01679545,0.0460608,0.00987819,0.9987486
0,0.016668,55.5362486671656,-0.009156927,0.04705057,-0.008151743,0.01679545,0.0460608,0.00987819,0.9987486
0,0.0166662,55.5529148671776,-0.009156927,0.04705057,-0.008151743,0.01679545,0.0460608,0.00987819,0.9987486
0,0.0166672,55.56958206743,-0.009156927,0.04705057,-0.008151743,0.01679545,0.0460608,0.00987819,0.9987486
0,0.0166665,55.5862485673279,-0.009156927,0.04705057,-0.008151743,0.01679545,0.0460608,0.00987819,0.9987486
0,0.0166669,55.6029154676944,-0.009156927,0.04705057,-0.008151743,0.01679545,0.0460608,0.00987819,0.9987486
0,0.0166667,55.6195821668953,-0.009156927,0.04705057,-0.008151743,0.01679545,0.0460608,0.00987819,0.9987486
0,0.0166686,55.6362507659942,-0.009156927,0.04705057,-0.008151743,0.01679545,0.0460608,0.00987819,0.9987486
0,0.0166665,55.652917265892,-0.009156927,0.04705057,-0.008151743,0.01679545,0.0460608,0.00987819,0.9987486
0,0.0166671,55.6695843655616,-0.009156927,0.04705057,-0.008151743,0.01679545,0.0460608,0.00987819,0.9987486
0,0.0166664,55.6862507648766,-0.009156927,0.04705057,-0.008151743,0.01679545,0.0460608,0.00987819,0.9987486
0,0.0166694,55.7029201649129,-0.009156927,0.04705057,-0.008151743,0.01679545,0.0460608,0.00987819,0.9987486
0,0.0166648,55.7195849642158,-0.009156927,0.04705057,-0.008151743,0.01679545,0.0460608,0.00987819,0.9987486
0,0.0166682,55.7362531647086,-0.009156927,0.04705057,-0.008151743,0.01679545,0.0460608,0.00987819,0.9987486
0,0.0166658,55.7529189642519,-0.009156927,0.04705057,-0.008151743,0.01679545,0.0460608,0.00987819,0.9987486
0,0.0166668,55.7695857640356,-0.009156927,0.04705057,-0.008151743,0.01679545,0.0460608,0.00987819,0.9987486
0,0.0166674,55.786253163591,-0.009156927,0.04705057,-0.008151743,0.01679545,0.0460608,0.00987819,0.9987486
0,0.0166668,55.8029199633747,-0.009156927,0.04705057,-0.008151743,0.01679545,0.0460608,0.00987819,0.9987486
0,0.0166666,55.8195865638554,-0.009156927,0.04705057,-0.008151743,0.01679545,0.0460608,0.00987819,0.9987486
0,0.0166668,55.8362533636391,-0.009156927,0.04705057,-0.008151743,0.01679545,0.0460608,0.00987819,0.9987486
0,0.0166672,55.8529205638915,-0.009156927,0.04705057,-0.008151743,0.01679545,0.0460608,0.00987819,0.9987486
0,0.0166681,55.8695886638016,-0.009156927,0.04705057,-0.008151743,0.01679545,0.0460608,0.00987819,0.9987486
0,0.0166659,55.8862545639277,-0.009156927,0.04705057,-0.008151743,0.01679545,0.0460608,0.00987819,0.9987486
0,0.0166671,55.9029216635972,-0.009156927,0.04705057,-0.008151743,0.01679545,0.0460608,0.00987819,0.9987486
0,0.0166671,55.9195887632668,-0.009156927,0.04705057,-0.008151743,0.01679545,0.0460608,0.00987819,0.9987486
0,0.0166672,55.9362559635192,-0.009156927,0.04705057,-0.008151743,0.01679545,0.0460608,0.00987819,0.9987486
0,0.0166668,55.9529227633029,-0.009156927,0.04705057,-0.008151743,0.01679545,0.0460608,0.00987819,0.9987486
0,0.016671,55.9695937633514,-0.009156927,0.04705057,-0.008151743,0.01679545,0.0460608,0.00987819,0.9987486
0,0.0166631,55.9862568639219,-0.009156927,0.04705057,-0.008151743,0.01679545,0.0460608,0.00987819,0.9987486
0,0.016667,56.0029238630086,-0.009156927,0.04705057,-0.008151743,0.01679545,0.0460608,0.00987819,0.9987486
0,0.0166666,56.0195904634893,-0.009156927,0.04705057,-0.008151743,0.01679545,0.0460608,0.00987819,0.9987486
0,0.0166685,56.036258963868,-0.009156927,0.04705057,-0.008151743,0.01679545,0.0460608,0.00987819,0.9987486
0,0.0166653,56.0529242642224,-0.009156927,0.04705057,-0.008151743,0.01679545,0.0460608,0.00987819,0.9987486
0,0.0166688,56.069593064487,-0.009156927,0.04705057,-0.008151743,0.01679545,0.0460608,0.00987819,0.9987486
0,0.0166656,56.0862586647272,-0.009156927,0.04705057,-0.008151743,0.01679545,0.0460608,0.00987819,0.9987486
0,0.0166667,56.1029253639281,-0.009156927,0.04705057,-0.008151743,0.01679545,0.0460608,0.00987819,0.9987486
0,0.016667,56.1195923630148,-0.009156927,0.04705057,-0.008151743,0.01679545,0.0460608,0.00987819,0.9987486
0,0.0166688,56.1362611632794,-0.009156927,0.04705057,-0.008151743,0.01679545,0.0460608,0.00987819,0.9987486
0,0.0166649,56.1529260631651,-0.009156927,0.04705057,-0.008151743,0.01679545,0.0460608,0.00987819,0.9987486
0,0.0166672,56.1695932634175,-0.009156927,0.04705057,-0.008151743,0.01679545,0.0460608,0.00987819,0.9987486
0,0.0166669,56.186260163784,-0.009156927,0.04705057,-0.008151743,0.01679545,0.0460608,0.00987819,0.9987486
0,0.0166667,56.2029268629849,-0.009156927,0.04705057,-0.008151743,0.01679545,0.0460608,0.00987819,0.9987486
0,0.016667,56.2195938620716,-0.009156927,0.04705057,-0.008151743,0.01679545,0.0460608,0.00987819,0.9987486
0,0.016667,56.2362608611584,-0.009156927,0.04705057,-0.008151743,0.01679545,0.0460608,0.00987819,0.9987486
0,0.0166668,56.2529276609421,-0.009156927,0.04705057,-0.008151743,0.01679545,0.0460608,0.00987819,0.9987486
0,0.0166669,56.2695945613086,-0.009156927,0.04705057,-0.008151743,0.01679545,0.0460608,0.00987819,0.9987486
0,0.0166672,56.286261761561,-0.009156927,0.04705057,-0.008151743,0.01679545,0.0460608,0.00987819,0.9987486
0,0.0166671,56.3029288612306,-0.009156927,0.04705057,-0.008151743,0.01679545,0.0460608,0.00987819,0.9987486
0,0.016667,56.3195958603173,-0.009156927,0.04705057,-0.008151743,0.01679545,0.0460608,0.00987819,0.9987486
0,0.0166666,56.336262460798,-0.009156927,0.04705057,-0.008151743,0.01679545,0.0460608,0.00987819,0.9987486
0,0.016667,56.3529294598848,-0.009156927,0.04705057,-0.008151743,0.01679545,0.0460608,0.00987819,0.9987486
0,0.0166667,56.3695961590856,-0.009156927,0.04705057,-0.008151743,0.01679545,0.0460608,0.00987819,0.9987486
0,0.0166671,56.3862632587552,-0.009156927,0.04705057,-0.008151743,0.01679545,0.0460608,0.00987819,0.9987486
0,0.0166671,56.4029303584248,-0.009156927,0.04705057,-0.008151743,0.01679545,0.0460608,0.00987819,0.9987486
0,0.0166664,56.4195967577398,-0.009156927,0.04705057,-0.008151743,0.01679545,0.0460608,0.00987819,0.9987486
0,0.016667,56.4362637568265,-0.009156927,0.04705057,-0.008151743,0.01679545,0.0460608,0.00987819,0.9987486
0,0.0166671,56.4529308564961,-0.009156927,0.04705057,-0.008151743,0.01679545,0.0460608,0.00987819,0.9987486
0,0.0166671,56.4695979561657,-0.009156927,0.04705057,-0.008151743,0.01679545,0.0460608,0.00987819,0.9987486
0,0.016667,56.4862649552524,-0.009156927,0.04705057,-0.008151743,0.01679545,0.0460608,0.00987819,0.9987486
0,0.0166674,56.5029323548079,-0.009156927,0.04705057,-0.008151743,0.01679545,0.0460608,0.00987819,0.9987486
0,0.0166665,56.5195988547057,-0.009156927,0.04705057,-0.008151743,0.01679545,0.0460608,0.00987819,0.9987486
0,0.0166668,56.5362656544894,-0.009156927,0.04705057,-0.008151743,0.01679545,0.0460608,0.00987819,0.9987486
0,0.0166665,56.5529321543872,-0.009156927,0.04705057,-0.008151743,0.01679545,0.0460608,0.00987819,0.9987486
0,0.0166669,56.5695990547538,-0.009156927,0.04705057,-0.008151743,0.01679545,0.0460608,0.00987819,0.9987486
0,0.0166671,56.5862661544234,-0.009156927,0.04705057,-0.008151743,0.01679545,0.0460608,0.00987819,0.9987486
0,0.0166675,56.6029336545616,-0.009156927,0.04705057,-0.008151743,0.01679545,0.0460608,0.00987819,0.9987486
0,0.016667,56.6196006536484,-0.009156927,0.04705057,-0.008151743,0.01679545,0.0460608,0.00987819,0.9987486
0,0.0166666,56.6362672541291,-0.009156927,0.04705057,-0.008151743,0.01679545,0.0460608,0.00987819,0.9987486
0,0.0166672,56.6529344543815,-0.009156927,0.04705057,-0.008151743,0.01679545,0.0460608,0.00987819,0.9987486
0,0.0166687,56.6696031540632,-0.009156927,0.04705057,-0.008151743,0.01679545,0.0460608,0.00987819,0.9987486
0,0.0166671,56.6862702537328,-0.009156927,0.04705057,-0.008151743,0.01679545,0.0460608,0.00987819,0.9987486
0,0.0166675,56.7029377538711,-0.009156927,0.04705057,-0.008151743,0.01679545,0.0460608,0.00987819,0.9987486
0,0.0166675,56.7196052540094,-0.009156927,0.04705057,-0.008151743,0.01679545,0.0460608,0.00987819,0.9987486
0,0.0166657,56.7362709548324,-0.009156927,0.04705057,-0.008151743,0.01679545,0.0460608,0.00987819,0.9987486
0,0.0166674,56.7529383543879,-0.009156927,0.04705057,-0.008151743,0.01679545,0.0460608,0.00987819,0.9987486
0,0.0166667,56.7696050535887,-0.009156927,0.04705057,-0.008151743,0.01679545,0.0460608,0.00987819,0.9987486
0,0.0166666,56.7862716540694,-0.009156927,0.04705057,-0.008151743,0.01679545,0.0460608,0.00987819,0.9987486
0,0.016667,56.8029386531562,-0.009156927,0.04705057,-0.008151743,0.01679545,0.0460608,0.00987819,0.9987486
0,0.0166671,56.8196057528257,-0.009156927,0.04705057,-0.008151743,0.01679545,0.0460608,0.00987819,0.9987486
0,0.0166666,56.8362723533064,-0.009156927,0.04705057,-0.008151743,0.01679545,0.0460608,0.00987819,0.9987486
0,0.0166674,56.8529397528619,-0.009156927,0.04705057,-0.008151743,0.01679545,0.0460608,0.00987819,0.9987486
0,0.016667,56.8696067519486,-0.009156927,0.04705057,-0.008151743,0.01679545,0.0460608,0.00987819,0.9987486
0,0.0166671,56.8862738516182,-0.009156927,0.04705057,-0.008151743,0.01679545,0.0460608,0.00987819,0.9987486
0,0.0166669,56.9029407519847,-0.009156927,0.04705057,-0.008151743,0.01679545,0.0460608,0.00987819,0.9987486
0,0.016667,56.9196077510715,-0.009156927,0.04705057,-0.008151743,0.01679545,0.0460608,0.00987819,0.9987486
0,0.0166689,56.9362766519189,-0.009156927,0.04705057,-0.008151743,0.01679545,0.0460608,0.00987819,0.9987486
0,0.0166652,56.9529418516904,-0.009156927,0.04705057,-0.008151743,0.01679545,0.0460608,0.00987819,0.9987486
0,0.0166668,56.9696086514741,-0.009156927,0.04705057,-0.008151743,0.01679545,0.0460608,0.00987819,0.9987486
0,0.0166666,56.9862752519548,-0.009156927,0.04705057,-0.008151743,0.01679545,0.0460608,0.00987819,0.9987486
0,0.0166669,57.0029421523213,-0.009156927,0.04705057,-0.008151743,0.01679545,0.0460608,0.00987819,0.9987486
0,0.0168832,57.0198253523558,-0.009156927,0.04705057,-0.008151743,0.01679545,0.0460608,0.00987819,0.9987486
0,0.0166665,57.0364918522537,-0.009156927,0.04705057,-0.008151743,0.01679545,0.0460608,0.00987819,0.9987486
0,0.016667,57.0531588513404,-0.009156927,0.04705057,-0.008151743,0.01679545,0.0460608,0.00987819,0.9987486
0,0.0166674,57.0698262508959,-0.009156927,0.04705057,-0.008151743,0.01679545,0.0460608,0.00987819,0.9987486
0,0.0166666,57.0864928513765,-0.009156927,0.04705057,-0.008151743,0.01679545,0.0460608,0.00987819,0.9987486
0,0.0166667,57.1031595505774,-0.009156927,0.04705057,-0.008151743,0.01679545,0.0460608,0.00987819,0.9987486
0,0.016667,57.1198265496641,-0.009156927,0.04705057,-0.008151743,0.01679545,0.0460608,0.00987819,0.9987486
0,0.0166668,57.1364933494478,-0.009156927,0.04705057,-0.008151743,0.01679545,0.0460608,0.00987819,0.9987486
0,0.0166695,57.153162850067,-0.009156927,0.04705057,-0.008151743,0.01679545,0.0460608,0.00987819,0.9987486
0,0.016666,57.169828850776,-0.009156927,0.04705057,-0.008151743,0.01679545,0.0460608,0.00987819,0.9987486
0,0.0166665,57.1864953506738,-0.009156927,0.04705057,-0.008151743,0.01679545,0.0460608,0.00987819,0.9987486
0,0.0166673,57.203162651509,-0.009156927,0.04705057,-0.008151743,0.01679545,0.0460608,0.00987819,0.9987486
0,0.0166667,57.2198293507099,-0.009156927,0.04705057,-0.008151743,0.01679545,0.0460608,0.00987819,0.9987486
0,0.0166667,57.2364960499108,-0.009156927,0.04705057,-0.008151743,0.01679545,0.0460608,0.00987819,0.9987486
0,0.0166674,57.2531634494662,-0.009156927,0.04705057,-0.008151743,0.01679545,0.0460608,0.00987819,0.9987486
0,0.0166665,57.2698299493641,-0.009156927,0.04705057,-0.008151743,0.01679545,0.0460608,0.00987819,0.9987486
0,0.016667,57.2864969484508,-0.009156927,0.04705057,-0.008151743,0.01679545,0.0460608,0.00987819,0.9987486
0,0.0166667,57.3031636476517,-0.009156927,0.04705057,-0.008151743,0.01679545,0.0460608,0.00987819,0.9987486
0,0.0166669,57.3198305480182,-0.009156927,0.04705057,-0.008151743,0.01679545,0.0460608,0.00987819,0.9987486
0,0.0166668,57.3364973478019,-0.009156927,0.04705057,-0.008151743,0.01679545,0.0460608,0.00987819,0.9987486
0,0.0166671,57.3531644474715,-0.009156927,0.04705057,-0.008151743,0.01679545,0.0460608,0.00987819,0.9987486
0,0.0166673,57.3698317483068,-0.009156927,0.04705057,-0.008151743,0.01679545,0.0460608,0.00987819,0.9987486
0,0.0166668,57.3864985480905,-0.009156927,0.04705057,-0.008151743,0.01679545,0.0460608,0.00987819,0.9987486
0,0.0166665,57.4031650479883,-0.009156927,0.04705057,-0.008151743,0.01679545,0.0460608,0.00987819,0.9987486
0,0.0166673,57.4198323488235,-0.009156927,0.04705057,-0.008151743,0.01679545,0.0460608,0.00987819,0.9987486
0,0.0166668,57.4364991486073,-0.009156927,0.04705057,-0.008151743,0.01679545,0.0460608,0.00987819,0.9987486
0,0.0166669,57.4531660489738,-0.009156927,0.04705057,-0.008151743,0.01679545,0.0460608,0.00987819,0.9987486
0,0.0166675,57.4698335491121,-0.009156927,0.04705057,-0.008151743,0.01679545,0.0460608,0.00987819,0.9987486
0,0.0166664,57.4864999484271,-0.009156927,0.04705057,-0.008151743,0.01679545,0.0460608,0.00987819,0.9987486
0,0.0166666,57.5031665489078,-0.009156927,0.04705057,-0.008151743,0.01679545,0.0460608,0.00987819,0.9987486
0,0.016667,57.5198335479945,-0.009156927,0.04705057,-0.008151743,0.01679545,0.0460608,0.00987819,0.9987486
0,0.0166669,57.536500448361,-0.009156927,0.04705057,-0.008151743,0.01679545,0.0460608,0.00987819,0.9987486
0,0.0166673,57.5531677491963,-0.009156927,0.04705057,-0.008151743,0.01679545,0.0460608,0.00987819,0.9987486
0,0.0166668,57.56983454898,-0.009156927,0.04705057,-0.008151743,0.01679545,0.0460608,0.00987819,0.9987486
0,0.0166667,57.5865012481809,-0.009156927,0.04705057,-0.008151743,0.01679545,0.0460608,0.00987819,0.9987486
0,0.0166673,57.6031685490161,-0.009156927,0.04705057,-0.008151743,0.01679545,0.0460608,0.00987819,0.9987486
0,0.0166662,57.6198347490281,-0.009156927,0.04705057,-0.008151743,0.01679545,0.0460608,0.00987819,0.9987486
0,0.016667,57.6365017481148,-0.009156927,0.04705057,-0.008151743,0.01679545,0.0460608,0.00987819,0.9987486
0,0.0166669,57.6531686484814,-0.009156927,0.04705057,-0.008151743,0.01679545,0.0460608,0.00987819,0.9987486
0,0.0166669,57.6698355488479,-0.009156927,0.04705057,-0.008151743,0.01679545,0.0460608,0.00987819,0.9987486
0,0.0166677,57.6865032482892,-0.009156927,0.04705057,-0.008151743,0.01679545,0.0460608,0.00987819,0.9987486
0,0.0166665,57.7031697481871,-0.009156927,0.04705057,-0.008151743,0.01679545,0.0460608,0.00987819,0.9987486
0,0.0166669,57.7198366485536,-0.009156927,0.04705057,-0.008151743,0.01679545,0.0460608,0.00987819,0.9987486
0,0.016667,57.7365036476403,-0.009156927,0.04705057,-0.008151743,0.01679545,0.0460608,0.00987819,0.9987486
0,0.0166668,57.7531704474241,-0.009156927,0.04705057,-0.008151743,0.01679545,0.0460608,0.00987819,0.9987486
0,0.016667,57.7698374465108,-0.009156927,0.04705057,-0.008151743,0.01679545,0.0460608,0.00987819,0.9987486
0,0.016667,57.7865044455975,-0.009156927,0.04705057,-0.008151743,0.01679545,0.0460608,0.00987819,0.9987486
0,0.0166667,57.8031711447984,-0.009156927,0.04705057,-0.008151743,0.01679545,0.0460608,0.00987819,0.9987486
0,0.0166668,57.8198379445821,-0.009156927,0.04705057,-0.008151743,0.01679545,0.0460608,0.00987819,0.9987486
0,0.0166669,57.8365048449486,-0.009156927,0.04705057,-0.008151743,0.01679545,0.0460608,0.00987819,0.9987486
0,0.0166675,57.8531723450869,-0.009156927,0.04705057,-0.008151743,0.01679545,0.0460608,0.00987819,0.9987486
0,0.0166668,57.8698391448706,-0.009156927,0.04705057,-0.008151743,0.01679545,0.0460608,0.00987819,0.9987486
0,0.016667,57.8865061439574,-0.009156927,0.04705057,-0.008151743,0.01679545,0.0460608,0.00987819,0.9987486
0,0.0166675,57.9031736440957,-0.009156927,0.04705057,-0.008151743,0.01679545,0.0460608,0.00987819,0.9987486
0,0.0166667,57.9198403432965,-0.009156927,0.04705057,-0.008151743,0.01679545,0.0460608,0.00987819,0.9987486
0,0.0166667,57.9365070424974,-0.009156927,0.04705057,-0.008151743,0.01679545,0.0460608,0.00987819,0.9987486
0,0.0166672,57.9531742427498,-0.009156927,0.04705057,-0.008151743,0.01679545,0.0460608,0.00987819,0.9987486
0,0.0166668,57.9698410425335,-0.009156927,0.04705057,-0.008151743,0.01679545,0.0460608,0.00987819,0.9987486
0,0.0166665,57.9865075424314,-0.009156927,0.04705057,-0.008151743,0.01679545,0.0460608,0.00987819,0.9987486
0,0.0166674,58.0031749419868,-0.009156927,0.04705057,-0.008151743,0.01679545,0.0460608,0.00987819,0.9987486
0,0.0166666,58.0198415424675,-0.009156927,0.04705057,-0.008151743,0.01679545,0.0460608,0.00987819,0.9987486
0,0.0166669,58.036508442834,-0.009156927,0.04705057,-0.008151743,0.01679545,0.0460608,0.00987819,0.9987486
0,0.0166668,58.0531752426177,-0.009156927,0.04705057,-0.008151743,0.01679545,0.0460608,0.00987819,0.9987486
0,0.0166672,58.0698424428701,-0.009156927,0.04705057,-0.008151743,0.01679545,0.0460608,0.00987819,0.9987486
0,0.0166672,58.0865096431226,-0.009156927,0.04705057,-0.008151743,0.01679545,0.0460608,0.00987819,0.9987486
0,0.0166666,58.1031762436032,-0.009156927,0.04705057,-0.008151743,0.01679545,0.0460608,0.00987819,0.9987486
0,0.0166669,58.1198431439698,-0.009156927,0.04705057,-0.008151743,0.01679545,0.0460608,0.00987819,0.9987486
0,0.016667,58.1365101430565,-0.009156927,0.04705057,-0.008151743,0.01679545,0.0460608,0.00987819,0.9987486
0,0.0166666,58.1531767435372,-0.009156927,0.04705057,-0.008151743,0.01679545,0.0460608,0.00987819,0.9987486
0,0.0166667,58.1698434427381,-0.009156927,0.04705057,-0.008151743,0.01679545,0.0460608,0.00987819,0.9987486
0,0.0172789,58.1871223431081,-0.009156927,0.04705057,-0.008151743,0.01679545,0.0460608,0.00987819,0.9987486
0,0.0166672,58.2037895433605,-0.009156927,0.04705057,-0.008151743,0.01679545,0.0460608,0.00987819,0.9987486
0,0.016667,58.2204565424472,-0.009156927,0.04705057,-0.008151743,0.01679545,0.0460608,0.00987819,0.9987486
0,0.0166667,58.2371232416481,-0.009156927,0.04705057,-0.008151743,0.01679545,0.0460608,0.00987819,0.9987486
0,0.0166673,58.2537905424833,-0.009156927,0.04705057,-0.008151743,0.01679545,0.0460608,0.00987819,0.9987486
0,0.0166665,58.2704570423812,-0.009156927,0.04705057,-0.008151743,0.01679545,0.0460608,0.00987819,0.9987486
0,0.0166666,58.2871236428618,-0.009156927,0.04705057,-0.008151743,0.01679545,0.0460608,0.00987819,0.9987486
0,0.0166672,58.3037908431143,-0.009156927,0.04705057,-0.008151743,0.01679545,0.0460608,0.00987819,0.9987486
0,0.0166672,58.3204580433667,-0.009156927,0.04705057,-0.008151743,0.01679545,0.0460608,0.00987819,0.9987486
0,0.0166677,58.337125742808,-0.009156927,0.04705057,-0.008151743,0.01679545,0.0460608,0.00987819,0.9987486
0,0.0166665,58.3537922427058,-0.009156927,0.04705057,-0.008151743,0.01679545,0.0460608,0.00987819,0.9987486
0,0.0166666,58.3704588431865,-0.009156927,0.04705057,-0.008151743,0.01679545,0.0460608,0.00987819,0.9987486
0,0.0166672,58.3871260434389,-0.009156927,0.04705057,-0.008151743,0.01679545,0.0460608,0.00987819,0.9987486
0,0.0166669,58.4037929438055,-0.009156927,0.04705057,-0.008151743,0.01679545,0.0460608,0.00987819,0.9987486
0,0.0166678,58.4204607438296,-0.009156927,0.04705057,-0.008151743,0.01679545,0.0460608,0.00987819,0.9987486
0,0.0166659,58.4371266439557,-0.009156927,0.04705057,-0.008151743,0.01679545,0.0460608,0.00987819,0.9987486
0,0.0166666,58.4537932444364,-0.009156927,0.04705057,-0.008151743,0.01679545,0.0460608,0.00987819,0.9987486
0,0.0166672,58.4704604446888,-0.009156927,0.04705057,-0.008151743,0.01679545,0.0460608,0.00987819,0.9987486
0,0.0166669,58.4871273450553,-0.009156927,0.04705057,-0.008151743,0.01679545,0.0460608,0.00987819,0.9987486
0,0.0166672,58.5037945453078,-0.009156927,0.04705057,-0.008151743,0.01679545,0.0460608,0.00987819,0.9987486
0,0.0166667,58.5204612445086,-0.009156927,0.04705057,-0.008151743,0.01679545,0.0460608,0.00987819,0.9987486
0,0.0166667,58.5371279437095,-0.009156927,0.04705057,-0.008151743,0.01679545,0.0460608,0.00987819,0.9987486
0,0.0166675,58.5537954438478,-0.009156927,0.04705057,-0.008151743,0.01679545,0.0460608,0.00987819,0.9987486
0,0.0166665,58.5704619437456,-0.009156927,0.04705057,-0.008151743,0.01679545,0.0460608,0.00987819,0.9987486
0,0.0166667,58.5871286429465,-0.009156927,0.04705057,-0.008151743,0.01679545,0.0460608,0.00987819,0.9987486
0,0.0166667,58.6037953421474,-0.009156927,0.04705057,-0.008151743,0.01679545,0.0460608,0.00987819,0.9987486
0,0.0166671,58.6204624418169,-0.009156927,0.04705057,-0.008151743,0.01679545,0.0460608,0.00987819,0.9987486
0,0.0166674,58.6371298413724,-0.009156927,0.04705057,-0.008151743,0.01679545,0.0460608,0.00987819,0.9987486
0,0.0166666,58.653796441853,-0.009156927,0.04705057,-0.008151743,0.01679545,0.0460608,0.00987819,0.9987486
0,0.016667,58.6704634409398,-0.009156927,0.04705057,-0.008151743,0.01679545,0.0460608,0.00987819,0.9987486
0,0.0166672,58.6871306411922,-0.009156927,0.04705057,-0.008151743,0.01679545,0.0460608,0.00987819,0.9987486
0,0.0166669,58.7037975415587,-0.009156927,0.04705057,-0.008151743,0.01679545,0.0460608,0.00987819,0.9987486
0,0.0166669,58.7204644419253,-0.009156927,0.04705057,-0.008151743,0.01679545,0.0460608,0.00987819,0.9987486
0,0.016667,58.737131441012,-0.009156927,0.04705057,-0.008151743,0.01679545,0.0460608,0.00987819,0.9987486
0,0.0166671,58.7537985406816,-0.009156927,0.04705057,-0.008151743,0.01679545,0.0460608,0.00987819,0.9987486
0,0.0166666,58.7704651411623,-0.009156927,0.04705057,-0.008151743,0.01679545,0.0460608,0.00987819,0.9987486
0,0.0166668,58.787131940946,-0.009156927,0.04705057,-0.008151743,0.01679545,0.0460608,0.00987819,0.9987486
0,0.0166669,58.8037988413125,-0.009156927,0.04705057,-0.008151743,0.01679545,0.0460608,0.00987819,0.9987486
0,0.0166669,58.8204657416791,-0.009156927,0.04705057,-0.008151743,0.01679545,0.0460608,0.00987819,0.9987486
0,0.0166669,58.8371326420456,-0.009156927,0.04705057,-0.008151743,0.01679545,0.0460608,0.00987819,0.9987486
0,0.0166674,58.8538000416011,-0.009156927,0.04705057,-0.008151743,0.01679545,0.0460608,0.00987819,0.9987486
0,0.0166672,58.8704672418535,-0.009156927,0.04705057,-0.008151743,0.01679545,0.0460608,0.00987819,0.9987486
0,0.0166667,58.8871339410543,-0.009156927,0.04705057,-0.008151743,0.01679545,0.0460608,0.00987819,0.9987486
0,0.0166667,58.9038006402552,-0.009156927,0.04705057,-0.008151743,0.01679545,0.0460608,0.00987819,0.9987486
0,0.016667,58.920467639342,-0.009156927,0.04705057,-0.008151743,0.01679545,0.0460608,0.00987819,0.9987486
0,0.0166666,58.9371342398226,-0.009156927,0.04705057,-0.008151743,0.01679545,0.0460608,0.00987819,0.9987486
0,0.0166668,58.9538010396063,-0.009156927,0.04705057,-0.008151743,0.01679545,0.0460608,0.00987819,0.9987486
0,0.0166672,58.9704682398587,-0.009156927,0.04705057,-0.008151743,0.01679545,0.0460608,0.00987819,0.9987486
0,0.0166666,58.9871348403394,-0.009156927,0.04705057,-0.008151743,0.01679545,0.0460608,0.00987819,0.9987486
0,0.0166668,59.0038016401231,-0.009156927,0.04705057,-0.008151743,0.01679545,0.0460608,0.00987819,0.9987486
0,0.016667,59.0204686392099,-0.009156927,0.04705057,-0.008151743,0.01679545,0.0460608,0.00987819,0.9987486
0,0.0166673,59.0371359400451,-0.009156927,0.04705057,-0.008151743,0.01679545,0.0460608,0.00987819,0.9987486
0,0.016686,59.053821939975,-0.009156927,0.04705057,-0.008151743,0.01679545,0.0460608,0.00987819,0.9987486
0,0.0166671,59.0704890396446,-0.009156927,0.04705057,-0.008151743,0.01679545,0.0460608,0.00987819,0.9987486
0,0.016667,59.0871560387313,-0.009156927,0.04705057,-0.008151743,0.01679545,0.0460608,0.00987819,0.9987486
0,0.0166665,59.1038225386292,-0.009156927,0.04705057,-0.008151743,0.01679545,0.0460608,0.00987819,0.9987486
0,0.0166674,59.1204899381846,-0.009156927,0.04705057,-0.008151743,0.01679545,0.0460608,0.00987819,0.9987486
0,0.0166668,59.1371567379683,-0.009156927,0.04705057,-0.008151743,0.01679545,0.0460608,0.00987819,0.9987486
0,0.0166667,59.1538234371692,-0.009156927,0.04705057,-0.008151743,0.01679545,0.0460608,0.00987819,0.9987486
0,0.016667,59.1704904362559,-0.009156927,0.04705057,-0.008151743,0.01679545,0.0460608,0.00987819,0.9987486
0,0.0166673,59.1871577370912,-0.009156927,0.04705057,-0.008151743,0.01679545,0.0460608,0.00987819,0.9987486
0,0.0166666,59.2038243375719,-0.009156927,0.04705057,-0.008151743,0.01679545,0.0460608,0.00987819,0.9987486
0,0.0166668,59.2204911373556,-0.009156927,0.04705057,-0.008151743,0.01679545,0.0460608,0.00987819,0.9987486
0,0.0166666,59.2371577378362,-0.009156927,0.04705057,-0.008151743,0.01679545,0.0460608,0.00987819,0.9987486
0,0.0166673,59.2538250386715,-0.009156927,0.04705057,-0.008151743,0.01679545,0.0460608,0.00987819,0.9987486
0,0.0166668,59.2704918384552,-0.009156927,0.04705057,-0.008151743,0.01679545,0.0460608,0.00987819,0.9987486
0,0.0166673,59.2871591392905,-0.009156927,0.04705057,-0.008151743,0.01679545,0.0460608,0.00987819,0.9987486
0,0.0166668,59.3038259390742,-0.009156927,0.04705057,-0.008151743,0.01679545,0.0460608,0.00987819,0.9987486
0,0.0166673,59.3204932399094,-0.009156927,0.04705057,-0.008151743,0.01679545,0.0460608,0.00987819,0.9987486
0,0.0166664,59.3371596392244,-0.009156927,0.04705057,-0.008151743,0.01679545,0.0460608,0.00987819,0.9987486
0,0.0166668,59.3538264390081,-0.009156927,0.04705057,-0.008151743,0.01679545,0.0460608,0.00987819,0.9987486
0,0.0166667,59.370493138209,-0.009156927,0.04705057,-0.008151743,0.01679545,0.0460608,0.00987819,0.9987486
0,0.0166672,59.3871603384614,-0.009156927,0.04705057,-0.008151743,0.01679545,0.0460608,0.00987819,0.9987486
0,0.0166669,59.4038272388279,-0.009156927,0.04705057,-0.008151743,0.01679545,0.0460608,0.00987819,0.9987486
0,0.0166668,59.4204940386117,-0.009156927,0.04705057,-0.008151743,0.01679545,0.0460608,0.00987819,0.9987486
0,0.0166668,59.4371608383954,-0.009156927,0.04705057,-0.008151743,0.01679545,0.0460608,0.00987819,0.9987486
0,0.0166674,59.4538282379508,-0.009156927,0.04705057,-0.008151743,0.01679545,0.0460608,0.00987819,0.9987486
0,0.016667,59.4704952370375,-0.009156927,0.04705057,-0.008151743,0.01679545,0.0460608,0.00987819,0.9987486
0,0.016668,59.4871632363647,-0.009156927,0.04705057,-0.008151743,0.01679545,0.0460608,0.00987819,0.9987486
0,0.0166661,59.5038293357939,-0.009156927,0.04705057,-0.008151743,0.01679545,0.0460608,0.00987819,0.9987486
0,0.0166668,59.5204961355776,-0.009156927,0.04705057,-0.008151743,0.01679545,0.0460608,0.00987819,0.9987486
0,0.016667,59.5371631346643,-0.009156927,0.04705057,-0.008151743,0.01679545,0.0460608,0.00987819,0.9987486
0,0.0166667,59.5538298338652,-0.009156927,0.04705057,-0.008151743,0.01679545,0.0460608,0.00987819,0.9987486
0,0.0166666,59.5704964343458,-0.009156927,0.04705057,-0.008151743,0.01679545,0.0460608,0.00987819,0.9987486
0,0.0166673,59.5871637351811,-0.009156927,0.04705057,-0.008151743,0.01679545,0.0460608,0.00987819,0.9987486
0,0.016667,59.6038307342678,-0.009156927,0.04705057,-0.008151743,0.01679545,0.0460608,0.00987819,0.9987486
0,0.0166672,59.6204979345202,-0.009156927,0.04705057,-0.008151743,0.01679545,0.0460608,0.00987819,0.9987486
0,0.0166668,59.637164734304,-0.009156927,0.04705057,-0.008151743,0.01679545,0.0460608,0.00987819,0.9987486
0,0.0166669,59.6538316346705,-0.009156927,0.04705057,-0.008151743,0.01679545,0.0460608,0.00987819,0.9987486
0,0.0166665,59.6704981345683,-0.009156927,0.04705057,-0.008151743,0.01679545,0.0460608,0.00987819,0.9987486
0,0.0166671,59.6871652342379,-0.009156927,0.04705057,-0.008151743,0.01679545,0.0460608,0.00987819,0.9987486
0,0.0166668,59.7038320340216,-0.009156927,0.04705057,-0.008151743,0.01679545,0.0460608,0.00987819,0.9987486
0,0.0166673,59.7204993348569,-0.009156927,0.04705057,-0.008151743,0.01679545,0.0460608,0.00987819,0.9987486
0,0.0166664,59.7371657341719,-0.009156927,0.04705057,-0.008151743,0.01679545,0.0460608,0.00987819,0.9987486
0,0.0166669,59.7538326345384,-0.009156927,0.04705057,-0.008151743,0.01679545,0.0460608,0.00987819,0.9987486
0,0.0166667,59.7704993337393,-0.009156927,0.04705057,-0.008151743,0.01679545,0.0460608,0.00987819,0.9987486
0,0.0166671,59.7871664334089,-0.009156927,0.04705057,-0.008151743,0.01679545,0.0460608,0.00987819,0.9987486
0,0.0166668,59.8038332331926,-0.009156927,0.04705057,-0.008151743,0.01679545,0.0460608,0.00987819,0.9987486
0,0.0166677,59.8205009326339,-0.009156927,0.04705057,-0.008151743,0.01679545,0.0460608,0.00987819,0.9987486
0,0.0166667,59.8371676318347,-0.009156927,0.04705057,-0.008151743,0.01679545,0.0460608,0.00987819,0.9987486
0,0.0166684,59.8538360316306,-0.009156927,0.04705057,-0.008151743,0.01679545,0.0460608,0.00987819,0.9987486
0,0.0166668,59.8705028314143,-0.009156927,0.04705057,-0.008151743,0.01679545,0.0460608,0.00987819,0.9987486
0,0.0166655,59.8871683310717,-0.009156927,0.04705057,-0.008151743,0.01679545,0.0460608,0.00987819,0.9987486
0,0.0166667,59.9038350302726,-0.009156927,0.04705057,-0.008151743,0.01679545,0.0460608,0.00987819,0.9987486
0,0.0166668,59.9205018300563,-0.009156927,0.04705057,-0.008151743,0.01679545,0.0460608,0.00987819,0.9987486
0,0.0166675,59.9371693301946,-0.009156927,0.04705057,-0.008151743,0.01679545,0.0460608,0.00987819,0.9987486
0,0.0166665,59.9538358300924,-0.009156927,0.04705057,-0.008151743,0.01679545,0.0460608,0.00987819,0.9987486
0,0.0166669,59.970502730459,-0.009156927,0.04705057,-0.008151743,0.01679545,0.0460608,0.00987819,0.9987486
0,0.0166676,59.9871703311801,-0.009156927,0.04705057,-0.008151743,0.01679545,0.0460608,0.00987819,0.9987486
0,0.0166668,60.0038371309638,-0.009156927,0.04705057,-0.008151743,0.01679545,0.0460608,0.00987819,0.9987486
0,0.0166669,60.0205040313303,-0.009156927,0.04705057,-0.008151743,0.01679545,0.0460608,0.00987819,0.9987486
0,0.0166675,60.0371715314686,-0.009156927,0.04705057,-0.008151743,0.01679545,0.0460608,0.00987819,0.9987486
0,0.0166666,60.0538381319493,-0.009156927,0.04705057,-0.008151743,0.01679545,0.0460608,0.00987819,0.9987486
0,0.0166668,60.070504931733,-0.009156927,0.04705057,-0.008151743,0.01679545,0.0460608,0.00987819,0.9987486
0,0.0166665,60.0871714316309,-0.009156927,0.04705057,-0.008151743,0.01679545,0.0460608,0.00987819,0.9987486
0,0.0166668,60.1038382314146,-0.009156927,0.04705057,-0.008151743,0.01679545,0.0460608,0.00987819,0.9987486
0,0.016667,60.1205052305013,-0.009156927,0.04705057,-0.008151743,0.01679545,0.0460608,0.00987819,0.9987486
0,0.0166668,60.137172030285,-0.009156927,0.04705057,-0.008151743,0.01679545,0.0460608,0.00987819,0.9987486
0,0.0166674,60.1538394298404,-0.009156927,0.04705057,-0.008151743,0.01679545,0.0460608,0.00987819,0.9987486
0,0.0166667,60.1705061290413,-0.009156927,0.04705057,-0.008151743,0.01679545,0.0460608,0.00987819,0.9987486
0,0.0173567,60.1878628283739,-0.009156927,0.04705057,-0.008151743,0.01679545,0.0460608,0.00987819,0.9987486
0,0.0166668,60.2045296281576,-0.009156927,0.04705057,-0.008151743,0.01679545,0.0460608,0.00987819,0.9987486
0,0.016667,60.2211966272444,-0.009156927,0.04705057,-0.008151743,0.01679545,0.0460608,0.00987819,0.9987486
0,0.0166668,60.2378634270281,-0.009156927,0.04705057,-0.008151743,0.01679545,0.0460608,0.00987819,0.9987486
0,0.0166678,60.2545312270522,-0.009156927,0.04705057,-0.008151743,0.01679545,0.0460608,0.00987819,0.9987486
0,0.0166669,60.2711981274188,-0.009156927,0.04705057,-0.008151743,0.01679545,0.0460608,0.00987819,0.9987486
0,0.0166665,60.2878646273166,-0.009156927,0.04705057,-0.008151743,0.01679545,0.0460608,0.00987819,0.9987486
0,0.0166672,60.304531827569,-0.009156927,0.04705057,-0.008151743,0.01679545,0.0460608,0.00987819,0.9987486
0,0.0166668,60.3211986273527,-0.009156927,0.04705057,-0.008151743,0.01679545,0.0460608,0.00987819,0.9987486
0,0.0166666,60.3378652278334,-0.009156927,0.04705057,-0.008151743,0.01679545,0.0460608,0.00987819,0.9987486
0,0.0166672,60.3545324280858,-0.009156927,0.04705057,-0.008151743,0.01679545,0.0460608,0.00987819,0.9987486
0,0.0166666,60.3711990285665,-0.009156927,0.04705057,-0.008151743,0.01679545,0.0460608,0.00987819,0.9987486
0,0.0166673,60.3878663294017,-0.009156927,0.04705057,-0.008151743,0.01679545,0.0460608,0.00987819,0.9987486
0,0.0166667,60.4045330286026,-0.009156927,0.04705057,-0.008151743,0.01679545,0.0460608,0.00987819,0.9987486
0,0.0166668,60.4211998283863,-0.009156927,0.04705057,-0.008151743,0.01679545,0.0460608,0.00987819,0.9987486
0,0.0166673,60.4378671292216,-0.009156927,0.04705057,-0.008151743,0.01679545,0.0460608,0.00987819,0.9987486
0,0.0166669,60.4545340295881,-0.009156927,0.04705057,-0.008151743,0.01679545,0.0460608,0.00987819,0.9987486
0,0.0166676,60.4712016303092,-0.009156927,0.04705057,-0.008151743,0.01679545,0.0460608,0.00987819,0.9987486
0,0.0166664,60.4878680296242,-0.009156927,0.04705057,-0.008151743,0.01679545,0.0460608,0.00987819,0.9987486
0,0.0166669,60.5045349299908,-0.009156927,0.04705057,-0.008151743,0.01679545,0.0460608,0.00987819,0.9987486
0,0.0166666,60.5212015304714,-0.009156927,0.04705057,-0.008151743,0.01679545,0.0460608,0.00987819,0.9987486
0,0.0166669,60.537868430838,-0.009156927,0.04705057,-0.008151743,0.01679545,0.0460608,0.00987819,0.9987486
0,0.0166669,60.5545353312045,-0.009156927,0.04705057,-0.008151743,0.01679545,0.0460608,0.00987819,0.9987486
0,0.016667,60.5712023302913,-0.009156927,0.04705057,-0.008151743,0.01679545,0.0460608,0.00987819,0.9987486
0,0.016668,60.5878703296185,-0.009156927,0.04705057,-0.008151743,0.01679545,0.0460608,0.00987819,0.9987486
0,0.0166664,60.6045367289335,-0.009156927,0.04705057,-0.008151743,0.01679545,0.0460608,0.00987819,0.9987486
0,0.0166676,60.6212043296546,-0.009156927,0.04705057,-0.008151743,0.01679545,0.0460608,0.00987819,0.9987486
0,0.0166668,60.6378711294383,-0.009156927,0.04705057,-0.008151743,0.01679545,0.0460608,0.00987819,0.9987486
0,0.0166665,60.6545376293361,-0.009156927,0.04705057,-0.008151743,0.01679545,0.0460608,0.00987819,0.9987486
0,0.016667,60.6712046284229,-0.009156927,0.04705057,-0.008151743,0.01679545,0.0460608,0.00987819,0.9987486
0,0.0166674,60.6878720279783,-0.009156927,0.04705057,-0.008151743,0.01679545,0.0460608,0.00987819,0.9987486
0,0.0166665,60.7045385278761,-0.009156927,0.04705057,-0.008151743,0.01679545,0.0460608,0.00987819,0.9987486
0,0.016667,60.7212055269629,-0.009156927,0.04705057,-0.008151743,0.01679545,0.0460608,0.00987819,0.9987486
0,0.0166666,60.7378721274436,-0.009156927,0.04705057,-0.008151743,0.01679545,0.0460608,0.00987819,0.9987486
0,0.0166671,60.7545392271131,-0.009156927,0.04705057,-0.008151743,0.01679545,0.0460608,0.00987819,0.9987486
0,0.0166668,60.7712060268968,-0.009156927,0.04705057,-0.008151743,0.01679545,0.0460608,0.00987819,0.9987486
0,0.0166678,60.787873826921,-0.009156927,0.04705057,-0.008151743,0.01679545,0.0460608,0.00987819,0.9987486
0,0.0166667,60.8045405261219,-0.009156927,0.04705057,-0.008151743,0.01679545,0.0460608,0.00987819,0.9987486
0,0.0166666,60.8212071266025,-0.009156927,0.04705057,-0.008151743,0.01679545,0.0460608,0.00987819,0.9987486
0,0.0166665,60.8378736265004,-0.009156927,0.04705057,-0.008151743,0.01679545,0.0460608,0.00987819,0.9987486
0,0.0166673,60.8545409273356,-0.009156927,0.04705057,-0.008151743,0.01679545,0.0460608,0.00987819,0.9987486
0,0.0166666,60.8712075278163,-0.009156927,0.04705057,-0.008151743,0.01679545,0.0460608,0.00987819,0.9987486
0,0.0166675,60.8878750279546,-0.009156927,0.04705057,-0.008151743,0.01679545,0.0460608,0.00987819,0.9987486
0,0.0166665,60.9045415278524,-0.009156927,0.04705057,-0.008151743,0.01679545,0.0460608,0.00987819,0.9987486
0,0.0166668,60.9212083276361,-0.009156927,0.04705057,-0.008151743,0.01679545,0.0460608,0.00987819,0.9987486
0,0.0166668,60.9378751274198,-0.009156927,0.04705057,-0.008151743,0.01679545,0.0460608,0.00987819,0.9987486
0,0.0166675,60.9545426275581,-0.009156927,0.04705057,-0.008151743,0.01679545,0.0460608,0.00987819,0.9987486
0,0.0166668,60.9712094273418,-0.009156927,0.04705057,-0.008151743,0.01679545,0.0460608,0.00987819,0.9987486
0,0.0166668,60.9878762271255,-0.009156927,0.04705057,-0.008151743,0.01679545,0.0460608,0.00987819,0.9987486
0,0.0166676,61.0045438278466,-0.009156927,0.04705057,-0.008151743,0.01679545,0.0460608,0.00987819,0.9987486
0,0.0166667,61.0212105270475,-0.009156927,0.04705057,-0.008151743,0.01679545,0.0460608,0.00987819,0.9987486
0,0.0166663,61.0378768276423,-0.009156927,0.04705057,-0.008151743,0.01679545,0.0460608,0.00987819,0.9987486
0,0.0166671,61.0545439273119,-0.009156927,0.04705057,-0.008151743,0.01679545,0.0460608,0.00987819,0.9987486
0,0.0166669,61.0712108276784,-0.009156927,0.04705057,-0.008151743,0.01679545,0.0460608,0.00987819,0.9987486
0,0.0166669,61.087877728045,-0.009156927,0.04705057,-0.008151743,0.01679545,0.0460608,0.00987819,0.9987486
0,0.0166669,61.1045446284115,-0.009156927,0.04705057,-0.008151743,0.01679545,0.0460608,0.00987819,0.9987486
0,0.0166674,61.121212027967,-0.009156927,0.04705057,-0.008151743,0.01679545,0.0460608,0.00987819,0.9987486
0,0.0166664,61.137878427282,-0.009156927,0.04705057,-0.008151743,0.01679545,0.0460608,0.00987819,0.9987486
0,0.0166674,61.1545458268374,-0.009156927,0.04705057,-0.008151743,0.01679545,0.0460608,0.00987819,0.9987486
0,0.0166673,61.1712131276727,-0.009156927,0.04705057,-0.008151743,0.01679545,0.0460608,0.00987819,0.9987486
0,0.0166661,61.1878792271018,-0.009156927,0.04705057,-0.008151743,0.01679545,0.0460608,0.00987819,0.9987486
0,0.0166672,61.2045464273542,-0.009156927,0.04705057,-0.008151743,0.01679545,0.0460608,0.00987819,0.9987486
0,0.016667,61.221213426441,-0.009156927,0.04705057,-0.008151743,0.01679545,0.0460608,0.00987819,0.9987486
0,0.0166669,61.2378803268075,-0.009156927,0.04705057,-0.008151743,0.01679545,0.0460608,0.00987819,0.9987486
0,0.0166665,61.2545468267053,-0.009156927,0.04705057,-0.008151743,0.01679545,0.0460608,0.00987819,0.9987486
0,0.0166669,61.2712137270719,-0.009156927,0.04705057,-0.008151743,0.01679545,0.0460608,0.00987819,0.9987486
0,0.0166668,61.2878805268556,-0.009156927,0.04705057,-0.008151743,0.01679545,0.0460608,0.00987819,0.9987486
0,0.016667,61.3045475259423,-0.009156927,0.04705057,-0.008151743,0.01679545,0.0460608,0.00987819,0.9987486
0,0.0166673,61.3212148267776,-0.009156927,0.04705057,-0.008151743,0.01679545,0.0460608,0.00987819,0.9987486
0,0.016667,61.3378818258643,-0.009156927,0.04705057,-0.008151743,0.01679545,0.0460608,0.00987819,0.9987486
0,0.0166665,61.3545483257622,-0.009156927,0.04705057,-0.008151743,0.01679545,0.0460608,0.00987819,0.9987486
0,0.0166674,61.3712157253176,-0.009156927,0.04705057,-0.008151743,0.01679545,0.0460608,0.00987819,0.9987486
0,0.0166667,61.3878824245185,-0.009156927,0.04705057,-0.008151743,0.01679545,0.0460608,0.00987819,0.9987486
0,0.0166667,61.4045491237193,-0.009156927,0.04705057,-0.008151743,0.01679545,0.0460608,0.00987819,0.9987486
0,0.0166669,61.4212160240859,-0.009156927,0.04705057,-0.008151743,0.01679545,0.0460608,0.00987819,0.9987486
0,0.0166672,61.4378832243383,-0.009156927,0.04705057,-0.008151743,0.01679545,0.0460608,0.00987819,0.9987486
0,0.0166666,61.454549824819,-0.009156927,0.04705057,-0.008151743,0.01679545,0.0460608,0.00987819,0.9987486
0,0.0166668,61.4712166246027,-0.009156927,0.04705057,-0.008151743,0.01679545,0.0460608,0.00987819,0.9987486
0,0.0166672,61.4878838248551,-0.009156927,0.04705057,-0.008151743,0.01679545,0.0460608,0.00987819,0.9987486
0,0.0166672,61.5045510251075,-0.009156927,0.04705057,-0.008151743,0.01679545,0.0460608,0.00987819,0.9987486
0,0.0166671,61.5212181247771,-0.009156927,0.04705057,-0.008151743,0.01679545,0.0460608,0.00987819,0.9987486
0,0.016667,61.5378851238638,-0.009156927,0.04705057,-0.008151743,0.01679545,0.0460608,0.00987819,0.9987486
0,0.0166671,61.5545522235334,-0.009156927,0.04705057,-0.008151743,0.01679545,0.0460608,0.00987819,0.9987486
0,0.0166668,61.5712190233171,-0.009156927,0.04705057,-0.008151743,0.01679545,0.0460608,0.00987819,0.9987486
0,0.0166667,61.587885722518,-0.009156927,0.04705057,-0.008151743,0.01679545,0.0460608,0.00987819,0.9987486
0,0.0166669,61.6045526228845,-0.009156927,0.04705057,-0.008151743,0.01679545,0.0460608,0.00987819,0.9987486
0,0.016667,61.6212196219713,-0.009156927,0.04705057,-0.008151743,0.01679545,0.0460608,0.00987819,0.9987486
0,0.016667,61.637886621058,-0.009156927,0.04705057,-0.008151743,0.01679545,0.0460608,0.00987819,0.9987486
0,0.0166675,61.6545541211963,-0.009156927,0.04705057,-0.008151743,0.01679545,0.0460608,0.00987819,0.9987486
0,0.0166663,61.6712204217911,-0.009156927,0.04705057,-0.008151743,0.01679545,0.0460608,0.00987819,0.9987486
0,0.0166671,61.6878875214607,-0.009156927,0.04705057,-0.008151743,0.01679545,0.0460608,0.00987819,0.9987486
0,0.0166666,61.7045541219413,-0.009156927,0.04705057,-0.008151743,0.01679545,0.0460608,0.00987819,0.9987486
0,0.016667,61.7212211210281,-0.009156927,0.04705057,-0.008151743,0.01679545,0.0460608,0.00987819,0.9987486
0,0.0166673,61.7378884218633,-0.009156927,0.04705057,-0.008151743,0.01679545,0.0460608,0.00987819,0.9987486
0,0.0166673,61.7545557226986,-0.009156927,0.04705057,-0.008151743,0.01679545,0.0460608,0.00987819,0.9987486
0,0.0166662,61.7712219227105,-0.009156927,0.04705057,-0.008151743,0.01679545,0.0460608,0.00987819,0.9987486
0,0.0166679,61.7878898233175,-0.009156927,0.04705057,-0.008151743,0.01679545,0.0460608,0.00987819,0.9987486
0,0.016666,61.8045558240265,-0.009156927,0.04705057,-0.008151743,0.01679545,0.0460608,0.00987819,0.9987486
0,0.016667,61.8212228231132,-0.009156927,0.04705057,-0.008151743,0.01679545,0.0460608,0.00987819,0.9987486
0,0.0166671,61.8378899227828,-0.009156927,0.04705057,-0.008151743,0.01679545,0.0460608,0.00987819,0.9987486
0,0.0166679,61.8545578233898,-0.009156927,0.04705057,-0.008151743,0.01679545,0.0460608,0.00987819,0.9987486
0,0.0166663,61.8712241239846,-0.009156927,0.04705057,-0.008151743,0.01679545,0.0460608,0.00987819,0.9987486
0,0.0166671,61.8878912236542,-0.009156927,0.04705057,-0.008151743,0.01679545,0.0460608,0.00987819,0.9987486
0,0.0166667,61.904557922855,-0.009156927,0.04705057,-0.008151743,0.01679545,0.0460608,0.00987819,0.9987486
0,0.0166671,61.9212250225246,-0.009156927,0.04705057,-0.008151743,0.01679545,0.0460608,0.00987819,0.9987486
0,0.016667,61.9378920216113,-0.009156927,0.04705057,-0.008151743,0.01679545,0.0460608,0.00987819,0.9987486
0,0.0166667,61.9545587208122,-0.009156927,0.04705057,-0.008151743,0.01679545,0.0460608,0.00987819,0.9987486
0,0.016667,61.9712257198989,-0.009156927,0.04705057,-0.008151743,0.01679545,0.0460608,0.00987819,0.9987486
0,0.016667,61.9878927189857,-0.009156927,0.04705057,-0.008151743,0.01679545,0.0460608,0.00987819,0.9987486
0,0.0166668,62.0045595187694,-0.009156927,0.04705057,-0.008151743,0.01679545,0.0460608,0.00987819,0.9987486
0,0.0166668,62.0212263185531,-0.009156927,0.04705057,-0.008151743,0.01679545,0.0460608,0.00987819,0.9987486
0,0.0166673,62.0378936193883,-0.009156927,0.04705057,-0.008151743,0.01679545,0.0460608,0.00987819,0.9987486
0,0.0166672,62.0545608196408,-0.009156927,0.04705057,-0.008151743,0.01679545,0.0460608,0.00987819,0.9987486
0,0.0166668,62.0712276194245,-0.009156927,0.04705057,-0.008151743,0.01679545,0.0460608,0.00987819,0.9987486
0,0.0166677,62.0878953188658,-0.009156927,0.04705057,-0.008151743,0.01679545,0.0460608,0.00987819,0.9987486
0,0.016666,62.1045613195747,-0.009156927,0.04705057,-0.008151743,0.01679545,0.0460608,0.00987819,0.9987486
0,0.016667,62.1212283186615,-0.009156927,0.04705057,-0.008151743,0.01679545,0.0460608,0.00987819,0.9987486
0,0.0166666,62.1378949191421,-0.009156927,0.04705057,-0.008151743,0.01679545,0.0460608,0.00987819,0.9987486
0,0.0166669,62.1545618195087,-0.009156927,0.04705057,-0.008151743,0.01679545,0.0460608,0.00987819,0.9987486
0,0.016667,62.1712288185954,-0.009156927,0.04705057,-0.008151743,0.01679545,0.0460608,0.00987819,0.9987486
0,0.0166669,62.187895718962,-0.009156927,0.04705057,-0.008151743,0.01679545,0.0460608,0.00987819,0.9987486
0,0.0166669,62.2045626193285,-0.009156927,0.04705057,-0.008151743,0.01679545,0.0460608,0.00987819,0.9987486
0,0.0166674,62.2212300188839,-0.009156927,0.04705057,-0.008151743,0.01679545,0.0460608,0.00987819,0.9987486
0,0.0166674,62.2378974184394,-0.009156927,0.04705057,-0.008151743,0.01679545,0.0460608,0.00987819,0.9987486
0,0.0166668,62.2545642182231,-0.009156927,0.04705057,-0.008151743,0.01679545,0.0460608,0.00987819,0.9987486
0,0.0166664,62.2712306175381,-0.009156927,0.04705057,-0.008151743,0.01679545,0.0460608,0.00987819,0.9987486
0,0.0166674,62.2878980170935,-0.009156927,0.04705057,-0.008151743,0.01679545,0.0460608,0.00987819,0.9987486
0,0.0166668,62.3045648168772,-0.009156927,0.04705057,-0.008151743,0.01679545,0.0460608,0.00987819,0.9987486
0,0.0166672,62.3212320171297,-0.009156927,0.04705057,-0.008151743,0.01679545,0.0460608,0.00987819,0.9987486
0,0.0166664,62.3378984164447,-0.009156927,0.04705057,-0.008151743,0.01679545,0.0460608,0.00987819,0.9987486
0,0.0166668,62.3545652162284,-0.009156927,0.04705057,-0.008151743,0.01679545,0.0460608,0.00987819,0.9987486
0,0.0166704,62.3712356165051,-0.009156927,0.04705057,-0.008151743,0.01679545,0.0460608,0.00987819,0.9987486
0,0.0166642,62.3878998160362,-0.009156927,0.04705057,-0.008151743,0.01679545,0.0460608,0.00987819,0.9987486
0,0.0166677,62.4045675154775,-0.009156927,0.04705057,-0.008151743,0.01679545,0.0460608,0.00987819,0.9987486
0,0.0166665,62.4212340153754,-0.009156927,0.04705057,-0.008151743,0.01679545,0.0460608,0.00987819,0.9987486
0,0.0166677,62.4379017148167,-0.009156927,0.04705057,-0.008151743,0.01679545,0.0460608,0.00987819,0.9987486
0,0.0166667,62.4545684140176,-0.009156927,0.04705057,-0.008151743,0.01679545,0.0460608,0.00987819,0.9987486
0,0.0166667,62.4712351132184,-0.009156927,0.04705057,-0.008151743,0.01679545,0.0460608,0.00987819,0.9987486
0,0.0166673,62.4879024140537,-0.009156927,0.04705057,-0.008151743,0.01679545,0.0460608,0.00987819,0.9987486
0,0.0166671,62.5045695137233,-0.009156927,0.04705057,-0.008151743,0.01679545,0.0460608,0.00987819,0.9987486
0,0.0166663,62.5212358143181,-0.009156927,0.04705057,-0.008151743,0.01679545,0.0460608,0.00987819,0.9987486
0,0.016667,62.5379028134048,-0.009156927,0.04705057,-0.008151743,0.01679545,0.0460608,0.00987819,0.9987486
0,0.0166669,62.5545697137713,-0.009156927,0.04705057,-0.008151743,0.01679545,0.0460608,0.00987819,0.9987486
0,0.0166669,62.5712366141379,-0.009156927,0.04705057,-0.008151743,0.01679545,0.0460608,0.00987819,0.9987486
0,0.0166668,62.5879034139216,-0.009156927,0.04705057,-0.008151743,0.01679545,0.0460608,0.00987819,0.9987486
0,0.0166674,62.604570813477,-0.009156927,0.04705057,-0.008151743,0.01679545,0.0460608,0.00987819,0.9987486
0,0.0166677,62.6212385129184,-0.009156927,0.04705057,-0.008151743,0.01679545,0.0460608,0.00987819,0.9987486
0,0.0166673,62.6379058137536,-0.009156927,0.04705057,-0.008151743,0.01679545,0.0460608,0.00987819,0.9987486
0,0.0166662,62.6545720137656,-0.009156927,0.04705057,-0.008151743,0.01679545,0.0460608,0.00987819,0.9987486
0,0.016667,62.6712390128523,-0.009156927,0.04705057,-0.008151743,0.01679545,0.0460608,0.00987819,0.9987486
0,0.0166668,62.687905812636,-0.009156927,0.04705057,-0.008151743,0.01679545,0.0460608,0.00987819,0.9987486
0,0.0166667,62.7045725118369,-0.009156927,0.04705057,-0.008151743,0.01679545,0.0460608,0.00987819,0.9987486
0,0.0166674,62.7212399113923,-0.009156927,0.04705057,-0.008151743,0.01679545,0.0460608,0.00987819,0.9987486
0,0.0166667,62.7379066105932,-0.009156927,0.04705057,-0.008151743,0.01679545,0.0460608,0.00987819,0.9987486
0,0.0166667,62.7545733097941,-0.009156927,0.04705057,-0.008151743,0.01679545,0.0460608,0.00987819,0.9987486
0,0.016667,62.7712403088808,-0.009156927,0.04705057,-0.008151743,0.01679545,0.0460608,0.00987819,0.9987486
0,0.0166668,62.7879071086645,-0.009156927,0.04705057,-0.008151743,0.01679545,0.0460608,0.00987819,0.9987486
0,0.0166672,62.8045743089169,-0.009156927,0.04705057,-0.008151743,0.01679545,0.0460608,0.00987819,0.9987486
0,0.016667,62.8212413080037,-0.009156927,0.04705057,-0.008151743,0.01679545,0.0460608,0.00987819,0.9987486
0,0.0166675,62.8379088081419,-0.009156927,0.04705057,-0.008151743,0.01679545,0.0460608,0.00987819,0.9987486
0,0.0166666,62.8545754086226,-0.009156927,0.04705057,-0.008151743,0.01679545,0.0460608,0.00987819,0.9987486
0,0.0166662,62.8712416086346,-0.009156927,0.04705057,-0.008151743,0.01679545,0.0460608,0.00987819,0.9987486
0,0.016667,62.8879086077213,-0.009156927,0.04705057,-0.008151743,0.01679545,0.0460608,0.00987819,0.9987486
0,0.0166669,62.9045755080879,-0.009156927,0.04705057,-0.008151743,0.01679545,0.0460608,0.00987819,0.9987486
0,0.0166667,62.9212422072887,-0.009156927,0.04705057,-0.008151743,0.01679545,0.0460608,0.00987819,0.9987486
0,0.0166675,62.937909707427,-0.009156927,0.04705057,-0.008151743,0.01679545,0.0460608,0.00987819,0.9987486
0,0.0166665,62.9545762073249,-0.009156927,0.04705057,-0.008151743,0.01679545,0.0460608,0.00987819,0.9987486
0,0.016667,62.9712432064116,-0.009156927,0.04705057,-0.008151743,0.01679545,0.0460608,0.00987819,0.9987486
0,0.0166666,62.9879098068923,-0.009156927,0.04705057,-0.008151743,0.01679545,0.0460608,0.00987819,0.9987486
0,0.0166672,63.0045770071447,-0.009156927,0.04705057,-0.008151743,0.01679545,0.0460608,0.00987819,0.9987486
0,0.016667,63.0212440062314,-0.009156927,0.04705057,-0.008151743,0.01679545,0.0460608,0.00987819,0.9987486
0,0.0166692,63.0379132069647,-0.009156927,0.04705057,-0.008151743,0.01679545,0.0460608,0.00987819,0.9987486
0,0.0166649,63.0545781068504,-0.009156927,0.04705057,-0.008151743,0.01679545,0.0460608,0.00987819,0.9987486
0,0.0166669,63.0712450072169,-0.009156927,0.04705057,-0.008151743,0.01679545,0.0460608,0.00987819,0.9987486
0,0.0166667,63.0879117064178,-0.009156927,0.04705057,-0.008151743,0.01679545,0.0460608,0.00987819,0.9987486
0,0.0166671,63.1045788060874,-0.009156927,0.04705057,-0.008151743,0.01679545,0.0460608,0.00987819,0.9987486
0,0.0166669,63.1212457064539,-0.009156927,0.04705057,-0.008151743,0.01679545,0.0460608,0.00987819,0.9987486
0,0.016667,63.1379127055407,-0.009156927,0.04705057,-0.008151743,0.01679545,0.0460608,0.00987819,0.9987486
0,0.0166671,63.1545798052102,-0.009156927,0.04705057,-0.008151743,0.01679545,0.0460608,0.00987819,0.9987486
0,0.0166668,63.1712466049939,-0.009156927,0.04705057,-0.008151743,0.01679545,0.0460608,0.00987819,0.9987486
0,0.0166666,63.1879132054746,-0.009156927,0.04705057,-0.008151743,0.01679545,0.0460608,0.00987819,0.9987486
0,0.0166673,63.2045805063099,-0.009156927,0.04705057,-0.008151743,0.01679545,0.0460608,0.00987819,0.9987486
0,0.0166665,63.2212470062077,-0.009156927,0.04705057,-0.008151743,0.01679545,0.0460608,0.00987819,0.9987486
0,0.0166672,63.2379142064601,-0.009156927,0.04705057,-0.008151743,0.01679545,0.0460608,0.00987819,0.9987486
0,0.0166679,63.2545821070671,-0.009156927,0.04705057,-0.008151743,0.01679545,0.0460608,0.00987819,0.9987486
0,0.0166658,63.2712479066104,-0.009156927,0.04705057,-0.008151743,0.01679545,0.0460608,0.00987819,0.9987486
0,0.0166672,63.2879151068628,-0.009156927,0.04705057,-0.008151743,0.01679545,0.0460608,0.00987819,0.9987486
0,0.0166666,63.3045817073435,-0.009156927,0.04705057,-0.008151743,0.01679545,0.0460608,0.00987819,0.9987486
0,0.0166673,63.3212490081787,-0.009156927,0.04705057,-0.008151743,0.01679545,0.0460608,0.00987819,0.9987486
0,0.0166673,63.337916309014,-0.009156927,0.04705057,-0.008151743,0.01679545,0.0460608,0.00987819,0.9987486
0,0.0166668,63.3545831087977,-0.009156927,0.04705057,-0.008151743,0.01679545,0.0460608,0.00987819,0.9987486
0,0.0166672,63.3712503090501,-0.009156927,0.04705057,-0.008151743,0.01679545,0.0460608,0.00987819,0.9987486
0,0.0166668,63.3879171088338,-0.009156927,0.04705057,-0.008151743,0.01679545,0.0460608,0.00987819,0.9987486
0,0.0166665,63.4045836087316,-0.009156927,0.04705057,-0.008151743,0.01679545,0.0460608,0.00987819,0.9987486
0,0.016667,63.4212506078184,-0.009156927,0.04705057,-0.008151743,0.01679545,0.0460608,0.00987819,0.9987486
0,0.016667,63.4379176069051,-0.009156927,0.04705057,-0.008151743,0.01679545,0.0460608,0.00987819,0.9987486
0,0.0166669,63.4545845072716,-0.009156927,0.04705057,-0.008151743,0.01679545,0.0460608,0.00987819,0.9987486
0,0.0166679,63.4712524078786,-0.009156927,0.04705057,-0.008151743,0.01679545,0.0460608,0.00987819,0.9987486
0,0.0166657,63.4879181087017,-0.009156927,0.04705057,-0.008151743,0.01679545,0.0460608,0.00987819,0.9987486
0,0.0167626,63.5046807080507,-0.009156927,0.04705057,-0.008151743,0.01679545,0.0460608,0.00987819,0.9987486
0,0.0166669,63.5213476084173,-0.009156927,0.04705057,-0.008151743,0.01679545,0.0460608,0.00987819,0.9987486
0,0.0166668,63.538014408201,-0.009156927,0.04705057,-0.008151743,0.01679545,0.0460608,0.00987819,0.9987486
0,0.0166673,63.5546817090362,-0.009156927,0.04705057,-0.008151743,0.01679545,0.0460608,0.00987819,0.9987486
0,0.016667,63.571348708123,-0.009156927,0.04705057,-0.008151743,0.01679545,0.0460608,0.00987819,0.9987486
0,0.0166669,63.5880156084895,-0.009156927,0.04705057,-0.008151743,0.01679545,0.0460608,0.00987819,0.9987486
0,0.0166668,63.6046824082732,-0.009156927,0.04705057,-0.008151743,0.01679545,0.0460608,0.00987819,0.9987486
0,0.0166666,63.6213490087539,-0.009156927,0.04705057,-0.008151743,0.01679545,0.0460608,0.00987819,0.9987486
0,0.016667,63.6380160078406,-0.009156927,0.04705057,-0.008151743,0.01679545,0.0460608,0.00987819,0.9987486
0,0.0166668,63.6546828076243,-0.009156927,0.04705057,-0.008151743,0.01679545,0.0460608,0.00987819,0.9987486
0,0.0166671,63.6713499072939,-0.009156927,0.04705057,-0.008151743,0.01679545,0.0460608,0.00987819,0.9987486
0,0.0166673,63.6880172081292,-0.009156927,0.04705057,-0.008151743,0.01679545,0.0460608,0.00987819,0.9987486
0,0.0166663,63.704683508724,-0.009156927,0.04705057,-0.008151743,0.01679545,0.0460608,0.00987819,0.9987486
0,0.0166675,63.7213510088623,-0.009156927,0.04705057,-0.008151743,0.01679545,0.0460608,0.00987819,0.9987486
0,0.0166667,63.7380177080631,-0.009156927,0.04705057,-0.008151743,0.01679545,0.0460608,0.00987819,0.9987486
0,0.0166666,63.7546843085438,-0.009156927,0.04705057,-0.008151743,0.01679545,0.0460608,0.00987819,0.9987486
0,0.0166672,63.7713515087962,-0.009156927,0.04705057,-0.008151743,0.01679545,0.0460608,0.00987819,0.9987486
0,0.016667,63.788018507883,-0.009156927,0.04705057,-0.008151743,0.01679545,0.0460608,0.00987819,0.9987486
0,0.0166666,63.8046851083636,-0.009156927,0.04705057,-0.008151743,0.01679545,0.0460608,0.00987819,0.9987486
0,0.0166681,63.8213532082736,-0.009156927,0.04705057,-0.008151743,0.01679545,0.0460608,0.00987819,0.9987486
0,0.0166669,63.8380201086402,-0.009156927,0.04705057,-0.008151743,0.01679545,0.0460608,0.00987819,0.9987486
0,0.016667,63.8546871077269,-0.009156927,0.04705057,-0.008151743,0.01679545,0.0460608,0.00987819,0.9987486
0,0.0166668,63.8713539075106,-0.009156927,0.04705057,-0.008151743,0.01679545,0.0460608,0.00987819,0.9987486
0,0.016667,63.8880209065974,-0.009156927,0.04705057,-0.008151743,0.01679545,0.0460608,0.00987819,0.9987486
0,0.0166675,63.9046884067357,-0.009156927,0.04705057,-0.008151743,0.01679545,0.0460608,0.00987819,0.9987486
0,0.0166667,63.9213551059365,-0.009156927,0.04705057,-0.008151743,0.01679545,0.0460608,0.00987819,0.9987486
0,0.0166675,63.9380226060748,-0.009156927,0.04705057,-0.008151743,0.01679545,0.0460608,0.00987819,0.9987486
0,0.0166668,63.9546894058585,-0.009156927,0.04705057,-0.008151743,0.01679545,0.0460608,0.00987819,0.9987486
0,0.0166668,63.9713562056422,-0.009156927,0.04705057,-0.008151743,0.01679545,0.0460608,0.00987819,0.9987486
0,0.0166674,63.9880236051977,-0.009156927,0.04705057,-0.008151743,0.01679545,0.0460608,0.00987819,0.9987486
0,0.0166668,64.0046904049814,-0.009156927,0.04705057,-0.008151743,0.01679545,0.0460608,0.00987819,0.9987486
0,0.0166669,64.0213573053479,-0.009156927,0.04705057,-0.008151743,0.01679545,0.0460608,0.00987819,0.9987486
0,0.0166668,64.0380241051316,-0.009156927,0.04705057,-0.008151743,0.01679545,0.0460608,0.00987819,0.9987486
0,0.0166669,64.0546910054982,-0.009156927,0.04705057,-0.008151743,0.01679545,0.0460608,0.00987819,0.9987486
0,0.0166669,64.0713579058647,-0.009156927,0.04705057,-0.008151743,0.01679545,0.0460608,0.00987819,0.9987486
0,0.0166669,64.0880248062313,-0.009156927,0.04705057,-0.008151743,0.01679545,0.0460608,0.00987819,0.9987486
0,0.0166672,64.1046920064837,-0.009156927,0.04705057,-0.008151743,0.01679545,0.0460608,0.00987819,0.9987486
0,0.0166668,64.1213588062674,-0.009156927,0.04705057,-0.008151743,0.01679545,0.0460608,0.00987819,0.9987486
0,0.0166667,64.1380255054682,-0.009156927,0.04705057,-0.008151743,0.01679545,0.0460608,0.00987819,0.9987486
0,0.016667,64.154692504555,-0.009156927,0.04705057,-0.008151743,0.01679545,0.0460608,0.00987819,0.9987486
0,0.016667,64.1713595036417,-0.009156927,0.04705057,-0.008151743,0.01679545,0.0460608,0.00987819,0.9987486
0,0.0166665,64.1880260035396,-0.009156927,0.04705057,-0.008151743,0.01679545,0.0460608,0.00987819,0.9987486
0,0.016667,64.2046930026263,-0.009156927,0.04705057,-0.008151743,0.01679545,0.0460608,0.00987819,0.9987486
0,0.0166681,64.2213611025363,-0.009156927,0.04705057,-0.008151743,0.01679545,0.0460608,0.00987819,0.9987486
0,0.0166659,64.2380270026624,-0.009156927,0.04705057,-0.008151743,0.01679545,0.0460608,0.00987819,0.9987486
0,0.0166671,64.254694102332,-0.009156927,0.04705057,-0.008151743,0.01679545,0.0460608,0.00987819,0.9987486
0,0.0166667,64.2713608015329,-0.009156927,0.04705057,-0.008151743,0.01679545,0.0460608,0.00987819,0.9987486
0,0.0166674,64.2880282010883,-0.009156927,0.04705057,-0.008151743,0.01679545,0.0460608,0.00987819,0.9987486
0,0.0166668,64.304695000872,-0.009156927,0.04705057,-0.008151743,0.01679545,0.0460608,0.00987819,0.9987486
0,0.016667,64.3213619999588,-0.009156927,0.04705057,-0.008151743,0.01679545,0.0460608,0.00987819,0.9987486
0,0.0166668,64.3380287997425,-0.009156927,0.04705057,-0.008151743,0.01679545,0.0460608,0.00987819,0.9987486
0,0.0166669,64.354695700109,-0.009156927,0.04705057,-0.008151743,0.01679545,0.0460608,0.00987819,0.9987486
0,0.0166669,64.3713626004756,-0.009156927,0.04705057,-0.008151743,0.01679545,0.0460608,0.00987819,0.9987486
0,0.0166664,64.3880289997905,-0.009156927,0.04705057,-0.008151743,0.01679545,0.0460608,0.00987819,0.9987486
0,0.0166671,64.4046960994601,-0.009156927,0.04705057,-0.008151743,0.01679545,0.0460608,0.00987819,0.9987486
0,0.016667,64.4213630985469,-0.009156927,0.04705057,-0.008151743,0.01679545,0.0460608,0.00987819,0.9987486
0,0.0166674,64.4380304981023,-0.009156927,0.04705057,-0.008151743,0.01679545,0.0460608,0.00987819,0.9987486
0,0.0166668,64.454697297886,-0.009156927,0.04705057,-0.008151743,0.01679545,0.0460608,0.00987819,0.9987486
0,0.0166672,64.4713644981384,-0.009156927,0.04705057,-0.008151743,0.01679545,0.0460608,0.00987819,0.9987486
0,0.0166668,64.4880312979221,-0.009156927,0.04705057,-0.008151743,0.01679545,0.0460608,0.00987819,0.9987486
0,0.0166667,64.504697997123,-0.009156927,0.04705057,-0.008151743,0.01679545,0.0460608,0.00987819,0.9987486
0,0.0166672,64.5213651973754,-0.009156927,0.04705057,-0.008151743,0.01679545,0.0460608,0.00987819,0.9987486
0,0.016667,64.5380321964622,-0.009156927,0.04705057,-0.008151743,0.01679545,0.0460608,0.00987819,0.9987486
0,0.0166666,64.5546987969428,-0.009156927,0.04705057,-0.008151743,0.01679545,0.0460608,0.00987819,0.9987486
0,0.0166669,64.5713656973094,-0.009156927,0.04705057,-0.008151743,0.01679545,0.0460608,0.00987819,0.9987486
0,0.0166669,64.5880325976759,-0.009156927,0.04705057,-0.008151743,0.01679545,0.0460608,0.00987819,0.9987486
0,0.016667,64.6046995967627,-0.009156927,0.04705057,-0.008151743,0.01679545,0.0460608,0.00987819,0.9987486
0,0.0166668,64.6213663965464,-0.009156927,0.04705057,-0.008151743,0.01679545,0.0460608,0.00987819,0.9987486
0,0.0166676,64.6380339972675,-0.009156927,0.04705057,-0.008151743,0.01679545,0.0460608,0.00987819,0.9987486
0,0.0166668,64.6547007970512,-0.009156927,0.04705057,-0.008151743,0.01679545,0.0460608,0.00987819,0.9987486
0,0.0166664,64.6713671963662,-0.009156927,0.04705057,-0.008151743,0.01679545,0.0460608,0.00987819,0.9987486
0,0.0166671,64.6880342960358,-0.009156927,0.04705057,-0.008151743,0.01679545,0.0460608,0.00987819,0.9987486
0,0.0166669,64.7047011964023,-0.009156927,0.04705057,-0.008151743,0.01679545,0.0460608,0.00987819,0.9987486
0,0.0166669,64.7213680967689,-0.009156927,0.04705057,-0.008151743,0.01679545,0.0460608,0.00987819,0.9987486
0,0.0166805,64.7380485963076,-0.009156927,0.04705057,-0.008151743,0.01679545,0.0460608,0.00987819,0.9987486
0,0.0166534,64.7547019962221,-0.009156927,0.04705057,-0.008151743,0.01679545,0.0460608,0.00987819,0.9987486
0,0.0166668,64.7713687960058,-0.009156927,0.04705057,-0.008151743,0.01679545,0.0460608,0.00987819,0.9987486
0,0.0166669,64.7880356963724,-0.009156927,0.04705057,-0.008151743,0.01679545,0.0460608,0.00987819,0.9987486
0,0.0166668,64.8047024961561,-0.009156927,0.04705057,-0.008151743,0.01679545,0.0460608,0.00987819,0.9987486
0,0.016667,64.8213694952428,-0.009156927,0.04705057,-0.008151743,0.01679545,0.0460608,0.00987819,0.9987486
0,0.0166673,64.8380367960781,-0.009156927,0.04705057,-0.008151743,0.01679545,0.0460608,0.00987819,0.9987486
0,0.0166671,64.8547038957477,-0.009156927,0.04705057,-0.008151743,0.01679545,0.0460608,0.00987819,0.9987486
0,0.0166667,64.8713705949485,-0.009156927,0.04705057,-0.008151743,0.01679545,0.0460608,0.00987819,0.9987486
0,0.0166669,64.8880374953151,-0.009156927,0.04705057,-0.008151743,0.01679545,0.0460608,0.00987819,0.9987486
0,0.0166666,64.9047040957958,-0.009156927,0.04705057,-0.008151743,0.01679545,0.0460608,0.00987819,0.9987486
0,0.0166668,64.9213708955795,-0.009156927,0.04705057,-0.008151743,0.01679545,0.0460608,0.00987819,0.9987486
0,0.0166669,64.938037795946,-0.009156927,0.04705057,-0.008151743,0.01679545,0.0460608,0.00987819,0.9987486
0,0.0166669,64.9547046963125,-0.009156927,0.04705057,-0.008151743,0.01679545,0.0460608,0.00987819,0.9987486
0,0.0166687,64.9713733959943,-0.009156927,0.04705057,-0.008151743,0.01679545,0.0460608,0.00987819,0.9987486
0,0.0166656,64.9880389962345,-0.009156927,0.04705057,-0.008151743,0.01679545,0.0460608,0.00987819,0.9987486
0,0.0166669,65.0047058966011,-0.009156927,0.04705057,-0.008151743,0.01679545,0.0460608,0.00987819,0.9987486
0,0.0166664,65.0213722959161,-0.009156927,0.04705057,-0.008151743,0.01679545,0.0460608,0.00987819,0.9987486
0,0.0166673,65.0380395967513,-0.009156927,0.04705057,-0.008151743,0.01679545,0.0460608,0.00987819,0.9987486
0,0.0166667,65.0547062959522,-0.009156927,0.04705057,-0.008151743,0.01679545,0.0460608,0.00987819,0.9987486
0,0.016667,65.0713732950389,-0.009156927,0.04705057,-0.008151743,0.01679545,0.0460608,0.00987819,0.9987486
0,0.0166667,65.0880399942398,-0.009156927,0.04705057,-0.008151743,0.01679545,0.0460608,0.00987819,0.9987486
0,0.0166668,65.1047067940235,-0.009156927,0.04705057,-0.008151743,0.01679545,0.0460608,0.00987819,0.9987486
0,0.0166669,65.1213736943901,-0.009156927,0.04705057,-0.008151743,0.01679545,0.0460608,0.00987819,0.9987486
0,0.0166669,65.1380405947566,-0.009156927,0.04705057,-0.008151743,0.01679545,0.0460608,0.00987819,0.9987486
0,0.0166672,65.154707795009,-0.009156927,0.04705057,-0.008151743,0.01679545,0.0460608,0.00987819,0.9987486
0,0.0166671,65.1713748946786,-0.009156927,0.04705057,-0.008151743,0.01679545,0.0460608,0.00987819,0.9987486
0,0.0166671,65.1880419943482,-0.009156927,0.04705057,-0.008151743,0.01679545,0.0460608,0.00987819,0.9987486
0,0.0166674,65.2047093939036,-0.009156927,0.04705057,-0.008151743,0.01679545,0.0460608,0.00987819,0.9987486
0,0.0166664,65.2213757932186,-0.009156927,0.04705057,-0.008151743,0.01679545,0.0460608,0.00987819,0.9987486
0,0.0166665,65.2380422931165,-0.009156927,0.04705057,-0.008151743,0.01679545,0.0460608,0.00987819,0.9987486
0,0.0166668,65.2547090929002,-0.009156927,0.04705057,-0.008151743,0.01679545,0.0460608,0.00987819,0.9987486
0,0.016667,65.2713760919869,-0.009156927,0.04705057,-0.008151743,0.01679545,0.0460608,0.00987819,0.9987486
0,0.0166675,65.2880435921252,-0.009156927,0.04705057,-0.008151743,0.01679545,0.0460608,0.00987819,0.9987486
0,0.0166663,65.30470989272,-0.009156927,0.04705057,-0.008151743,0.01679545,0.0460608,0.00987819,0.9987486
0,0.0166669,65.3213767930865,-0.009156927,0.04705057,-0.008151743,0.01679545,0.0460608,0.00987819,0.9987486
0,0.0166671,65.3380438927561,-0.009156927,0.04705057,-0.008151743,0.01679545,0.0460608,0.00987819,0.9987486
0,0.0166669,65.3547107931226,-0.009156927,0.04705057,-0.008151743,0.01679545,0.0460608,0.00987819,0.9987486
0,0.0166672,65.3713779933751,-0.009156927,0.04705057,-0.008151743,0.01679545,0.0460608,0.00987819,0.9987486
0,0.0166669,65.3880448937416,-0.009156927,0.04705057,-0.008151743,0.01679545,0.0460608,0.00987819,0.9987486
0,0.0166667,65.4047115929425,-0.009156927,0.04705057,-0.008151743,0.01679545,0.0460608,0.00987819,0.9987486
0,0.0166674,65.4213789924979,-0.009156927,0.04705057,-0.008151743,0.01679545,0.0460608,0.00987819,0.9987486
0,0.0166662,65.4380451925099,-0.009156927,0.04705057,-0.008151743,0.01679545,0.0460608,0.00987819,0.9987486
0,0.0166669,65.4547120928764,-0.009156927,0.04705057,-0.008151743,0.01679545,0.0460608,0.00987819,0.9987486
0,0.0166669,65.471378993243,-0.009156927,0.04705057,-0.008151743,0.01679545,0.0460608,0.00987819,0.9987486
0,0.0166669,65.4880458936095,-0.009156927,0.04705057,-0.008151743,0.01679545,0.0460608,0.00987819,0.9987486
0,0.0166673,65.5047131944448,-0.009156927,0.04705057,-0.008151743,0.01679545,0.0460608,0.00987819,0.9987486
0,0.0166668,65.5213799942285,-0.009156927,0.04705057,-0.008151743,0.01679545,0.0460608,0.00987819,0.9987486
0,0.016667,65.5380469933152,-0.009156927,0.04705057,-0.008151743,0.01679545,0.0460608,0.00987819,0.9987486
0,0.0166671,65.5547140929848,-0.009156927,0.04705057,-0.008151743,0.01679545,0.0460608,0.00987819,0.9987486
0,0.0166681,65.5713821928948,-0.009156927,0.04705057,-0.008151743,0.01679545,0.0460608,0.00987819,0.9987486
0,0.0166667,65.5880488920957,-0.009156927,0.04705057,-0.008151743,0.01679545,0.0460608,0.00987819,0.9987486
0,0.0166684,65.6047172918916,-0.009156927,0.04705057,-0.008151743,0.01679545,0.0460608,0.00987819,0.9987486
0,0.0166655,65.621382791549,-0.009156927,0.04705057,-0.008151743,0.01679545,0.0460608,0.00987819,0.9987486
0,0.0166668,65.6380495913327,-0.009156927,0.04705057,-0.008151743,0.01679545,0.0460608,0.00987819,0.9987486
0,0.0166676,65.6547171920538,-0.009156927,0.04705057,-0.008151743,0.01679545,0.0460608,0.00987819,0.9987486
0,0.0166662,65.6713833920658,-0.009156927,0.04705057,-0.008151743,0.01679545,0.0460608,0.00987819,0.9987486
0,0.0166669,65.6880502924323,-0.009156927,0.04705057,-0.008151743,0.01679545,0.0460608,0.00987819,0.9987486
0,0.0166675,65.7047177925706,-0.009156927,0.04705057,-0.008151743,0.01679545,0.0460608,0.00987819,0.9987486
0,0.0166668,65.7213845923543,-0.009156927,0.04705057,-0.008151743,0.01679545,0.0460608,0.00987819,0.9987486
0,0.0166669,65.7380514927208,-0.009156927,0.04705057,-0.008151743,0.01679545,0.0460608,0.00987819,0.9987486
0,0.016667,65.7547184918076,-0.009156927,0.04705057,-0.008151743,0.01679545,0.0460608,0.00987819,0.9987486
0,0.0166671,65.7713855914772,-0.009156927,0.04705057,-0.008151743,0.01679545,0.0460608,0.00987819,0.9987486
0,0.016667,65.7880525905639,-0.009156927,0.04705057,-0.008151743,0.01679545,0.0460608,0.00987819,0.9987486
0,0.0166666,65.8047191910446,-0.009156927,0.04705057,-0.008151743,0.01679545,0.0460608,0.00987819,0.9987486
0,0.0166675,65.8213866911829,-0.009156927,0.04705057,-0.008151743,0.01679545,0.0460608,0.00987819,0.9987486
0,0.0166667,65.8380533903837,-0.009156927,0.04705057,-0.008151743,0.01679545,0.0460608,0.00987819,0.9987486
0,0.0166668,65.8547201901674,-0.009156927,0.04705057,-0.008151743,0.01679545,0.0460608,0.00987819,0.9987486
0,0.0166668,65.8713869899511,-0.009156927,0.04705057,-0.008151743,0.01679545,0.0460608,0.00987819,0.9987486
0,0.016667,65.8880539890379,-0.009156927,0.04705057,-0.008151743,0.01679545,0.0460608,0.00987819,0.9987486
0,0.0166675,65.9047214891762,-0.009156927,0.04705057,-0.008151743,0.01679545,0.0460608,0.00987819,0.9987486
0,0.0166664,65.9213878884912,-0.009156927,0.04705057,-0.008151743,0.01679545,0.0460608,0.00987819,0.9987486
0,0.016669,65.9380568880588,-0.009156927,0.04705057,-0.008151743,0.01679545,0.0460608,0.00987819,0.9987486
0,0.016665,65.9547218885273,-0.009156927,0.04705057,-0.008151743,0.01679545,0.0460608,0.00987819,0.9987486
0,0.0166666,65.971388489008,-0.009156927,0.04705057,-0.008151743,0.01679545,0.0460608,0.00987819,0.9987486
0,0.016667,65.9880554880947,-0.009156927,0.04705057,-0.008151743,0.01679545,0.0460608,0.00987819,0.9987486
0,0.016667,66.0047224871814,-0.009156927,0.04705057,-0.008151743,0.01679545,0.0460608,0.00987819,0.9987486
0,0.0166689,66.0213913880289,-0.009156927,0.04705057,-0.008151743,0.01679545,0.0460608,0.00987819,0.9987486
0,0.0166665,66.0380578879267,-0.009156927,0.04705057,-0.008151743,0.01679545,0.0460608,0.00987819,0.9987486
0,0.0166653,66.0547231882811,-0.009156927,0.04705057,-0.008151743,0.01679545,0.0460608,0.00987819,0.9987486
0,0.0166676,66.0713907890022,-0.009156927,0.04705057,-0.008151743,0.01679545,0.0460608,0.00987819,0.9987486
0,0.0166665,66.0880572889,-0.009156927,0.04705057,-0.008151743,0.01679545,0.0460608,0.00987819,0.9987486
0,0.0166667,66.1047239881009,-0.009156927,0.04705057,-0.008151743,0.01679545,0.0460608,0.00987819,0.9987486
0,0.0166672,66.1213911883533,-0.009156927,0.04705057,-0.008151743,0.01679545,0.0460608,0.00987819,0.9987486
0,0.0166668,66.138057988137,-0.009156927,0.04705057,-0.008151743,0.01679545,0.0460608,0.00987819,0.9987486
0,0.0166667,66.1547246873379,-0.009156927,0.04705057,-0.008151743,0.01679545,0.0460608,0.00987819,0.9987486
0,0.0166673,66.1713919881731,-0.009156927,0.04705057,-0.008151743,0.01679545,0.0460608,0.00987819,0.9987486
0,0.0166664,66.1880583874881,-0.009156927,0.04705057,-0.008151743,0.01679545,0.0460608,0.00987819,0.9987486
0,0.0166672,66.2047255877405,-0.009156927,0.04705057,-0.008151743,0.01679545,0.0460608,0.00987819,0.9987486
0,0.0166668,66.2213923875242,-0.009156927,0.04705057,-0.008151743,0.01679545,0.0460608,0.00987819,0.9987486
0,0.0166673,66.2380596883595,-0.009156927,0.04705057,-0.008151743,0.01679545,0.0460608,0.00987819,0.9987486
0,0.0166672,66.2547268886119,-0.009156927,0.04705057,-0.008151743,0.01679545,0.0460608,0.00987819,0.9987486
0,0.0166668,66.2713936883956,-0.009156927,0.04705057,-0.008151743,0.01679545,0.0460608,0.00987819,0.9987486
0,0.0166665,66.2880601882935,-0.009156927,0.04705057,-0.008151743,0.01679545,0.0460608,0.00987819,0.9987486
0,0.0166673,66.3047274891287,-0.009156927,0.04705057,-0.008151743,0.01679545,0.0460608,0.00987819,0.9987486
0,0.0166668,66.3213942889124,-0.009156927,0.04705057,-0.008151743,0.01679545,0.0460608,0.00987819,0.9987486
0,0.0166666,66.3380608893931,-0.009156927,0.04705057,-0.008151743,0.01679545,0.0460608,0.00987819,0.9987486
0,0.016667,66.3547278884798,-0.009156927,0.04705057,-0.008151743,0.01679545,0.0460608,0.00987819,0.9987486
0,0.016667,66.3713948875666,-0.009156927,0.04705057,-0.008151743,0.01679545,0.0460608,0.00987819,0.9987486
0,0.0166669,66.3880617879331,-0.009156927,0.04705057,-0.008151743,0.01679545,0.0460608,0.00987819,0.9987486
0,0.0166671,66.4047288876027,-0.009156927,0.04705057,-0.008151743,0.01679545,0.0460608,0.00987819,0.9987486
0,0.016667,66.4213958866894,-0.009156927,0.04705057,-0.008151743,0.01679545,0.0460608,0.00987819,0.9987486
0,0.0166672,66.4380630869418,-0.009156927,0.04705057,-0.008151743,0.01679545,0.0460608,0.00987819,0.9987486
0,0.0166671,66.4547301866114,-0.009156927,0.04705057,-0.008151743,0.01679545,0.0460608,0.00987819,0.9987486
0,0.0166665,66.4713966865093,-0.009156927,0.04705057,-0.008151743,0.01679545,0.0460608,0.00987819,0.9987486
0,0.0166671,66.4880637861788,-0.009156927,0.04705057,-0.008151743,0.01679545,0.0460608,0.00987819,0.9987486
0,0.0166665,66.5047302860767,-0.009156927,0.04705057,-0.008151743,0.01679545,0.0460608,0.00987819,0.9987486
0,0.016667,66.5213972851634,-0.009156927,0.04705057,-0.008151743,0.01679545,0.0460608,0.00987819,0.9987486
0,0.0166668,66.5380640849471,-0.009156927,0.04705057,-0.008151743,0.01679545,0.0460608,0.00987819,0.9987486
0,0.016667,66.5547310840338,-0.009156927,0.04705057,-0.008151743,0.01679545,0.0460608,0.00987819,0.9987486
0,0.0166676,66.571398684755,-0.009156927,0.04705057,-0.008151743,0.01679545,0.0460608,0.00987819,0.9987486
0,0.0166663,66.5880649853498,-0.009156927,0.04705057,-0.008151743,0.01679545,0.0460608,0.00987819,0.9987486
0,0.0166674,66.6047323849052,-0.009156927,0.04705057,-0.008151743,0.01679545,0.0460608,0.00987819,0.9987486
0,0.0166668,66.6213991846889,-0.009156927,0.04705057,-0.008151743,0.01679545,0.0460608,0.00987819,0.9987486
0,0.0166665,66.6380656845868,-0.009156927,0.04705057,-0.008151743,0.01679545,0.0460608,0.00987819,0.9987486
0,0.0166674,66.6547330841422,-0.009156927,0.04705057,-0.008151743,0.01679545,0.0460608,0.00987819,0.9987486
0,0.0166671,66.6714001838118,-0.009156927,0.04705057,-0.008151743,0.01679545,0.0460608,0.00987819,0.9987486
0,0.0166665,66.6880666837096,-0.009156927,0.04705057,-0.008151743,0.01679545,0.0460608,0.00987819,0.9987486
0,0.0166669,66.7047335840762,-0.009156927,0.04705057,-0.008151743,0.01679545,0.0460608,0.00987819,0.9987486
0,0.0166668,66.7214003838599,-0.009156927,0.04705057,-0.008151743,0.01679545,0.0460608,0.00987819,0.9987486
0,0.016667,66.7380673829466,-0.009156927,0.04705057,-0.008151743,0.01679545,0.0460608,0.00987819,0.9987486
0,0.0166668,66.7547341827303,-0.009156927,0.04705057,-0.008151743,0.01679545,0.0460608,0.00987819,0.9987486
0,0.0166672,66.7714013829827,-0.009156927,0.04705057,-0.008151743,0.01679545,0.0460608,0.00987819,0.9987486
0,0.0166672,66.7880685832351,-0.009156927,0.04705057,-0.008151743,0.01679545,0.0460608,0.00987819,0.9987486
0,0.0166672,66.8047357834876,-0.009156927,0.04705057,-0.008151743,0.01679545,0.0460608,0.00987819,0.9987486
0,0.0166666,66.8214023839682,-0.009156927,0.04705057,-0.008151743,0.01679545,0.0460608,0.00987819,0.9987486
0,0.0166669,66.8380692843348,-0.009156927,0.04705057,-0.008151743,0.01679545,0.0460608,0.00987819,0.9987486
0,0.0166665,66.8547357842326,-0.009156927,0.04705057,-0.008151743,0.01679545,0.0460608,0.00987819,0.9987486
0,0.0166668,66.8714025840163,-0.009156927,0.04705057,-0.008151743,0.01679545,0.0460608,0.00987819,0.9987486
0,0.0166673,66.8880698848516,-0.009156927,0.04705057,-0.008151743,0.01679545,0.0460608,0.00987819,0.9987486
0,0.0166667,66.9047365840524,-0.009156927,0.04705057,-0.008151743,0.01679545,0.0460608,0.00987819,0.9987486
0,0.0166669,66.921403484419,-0.009156927,0.04705057,-0.008151743,0.01679545,0.0460608,0.00987819,0.9987486
0,0.0166669,66.9380703847855,-0.009156927,0.04705057,-0.008151743,0.01679545,0.0460608,0.00987819,0.9987486
0,0.0166679,66.9547382853925,-0.009156927,0.04705057,-0.008151743,0.01679545,0.0460608,0.00987819,0.9987486
0,0.016669,66.9714072849602,-0.009156927,0.04705057,-0.008151743,0.01679545,0.0460608,0.00987819,0.9987486
0,0.016664,66.9880712851882,-0.009156927,0.04705057,-0.008151743,0.01679545,0.0460608,0.00987819,0.9987486
0,0.0166672,67.0047384854406,-0.009156927,0.04705057,-0.008151743,0.01679545,0.0460608,0.00987819,0.9987486
0,0.0166668,67.0214052852243,-0.009156927,0.04705057,-0.008151743,0.01679545,0.0460608,0.00987819,0.9987486
0,0.0166667,67.0380719844252,-0.009156927,0.04705057,-0.008151743,0.01679545,0.0460608,0.00987819,0.9987486
0,0.0166668,67.0547387842089,-0.009156927,0.04705057,-0.008151743,0.01679545,0.0460608,0.00987819,0.9987486
0,0.0166669,67.0714056845754,-0.009156927,0.04705057,-0.008151743,0.01679545,0.0460608,0.00987819,0.9987486
0,0.016667,67.0880726836622,-0.009156927,0.04705057,-0.008151743,0.01679545,0.0460608,0.00987819,0.9987486
0,0.0166672,67.1047398839146,-0.009156927,0.04705057,-0.008151743,0.01679545,0.0460608,0.00987819,0.9987486
0,0.0166669,67.1214067842811,-0.009156927,0.04705057,-0.008151743,0.01679545,0.0460608,0.00987819,0.9987486
0,0.0166673,67.1380740851164,-0.009156927,0.04705057,-0.008151743,0.01679545,0.0460608,0.00987819,0.9987486
0,0.0166668,67.1547408849001,-0.009156927,0.04705057,-0.008151743,0.01679545,0.0460608,0.00987819,0.9987486
0,0.0166667,67.171407584101,-0.009156927,0.04705057,-0.008151743,0.01679545,0.0460608,0.00987819,0.9987486
0,0.0166672,67.1880747843534,-0.009156927,0.04705057,-0.008151743,0.01679545,0.0460608,0.00987819,0.9987486
0,0.016667,67.2047417834401,-0.009156927,0.04705057,-0.008151743,0.01679545,0.0460608,0.00987819,0.9987486
0,0.0166668,67.2214085832238,-0.009156927,0.04705057,-0.008151743,0.01679545,0.0460608,0.00987819,0.9987486
0,0.0166674,67.2380759827793,-0.009156927,0.04705057,-0.008151743,0.01679545,0.0460608,0.00987819,0.9987486
0,0.0166666,67.2547425832599,-0.009156927,0.04705057,-0.008151743,0.01679545,0.0460608,0.00987819,0.9987486
0,0.0166664,67.2714089825749,-0.009156927,0.04705057,-0.008151743,0.01679545,0.0460608,0.00987819,0.9987486
0,0.0167129,67.2881218828261,-0.009156927,0.04705057,-0.008151743,0.01679545,0.0460608,0.00987819,0.9987486
0,0.0166663,67.3047881834209,-0.009156927,0.04705057,-0.008151743,0.01679545,0.0460608,0.00987819,0.9987486
0,0.0166672,67.3214553836733,-0.009156927,0.04705057,-0.008151743,0.01679545,0.0460608,0.00987819,0.9987486
0,0.0166667,67.3381220828742,-0.009156927,0.04705057,-0.008151743,0.01679545,0.0460608,0.00987819,0.9987486
0,0.0166668,67.3547888826579,-0.009156927,0.04705057,-0.008151743,0.01679545,0.0460608,0.00987819,0.9987486
0,0.0166667,67.3714555818588,-0.009156927,0.04705057,-0.008151743,0.01679545,0.0460608,0.00987819,0.9987486
0,0.016667,67.3881225809455,-0.009156927,0.04705057,-0.008151743,0.01679545,0.0460608,0.00987819,0.9987486
0,0.016667,67.4047895800322,-0.009156927,0.04705057,-0.008151743,0.01679545,0.0460608,0.00987819,0.9987486
0,0.0166675,67.4214570801705,-0.009156927,0.04705057,-0.008151743,0.01679545,0.0460608,0.00987819,0.9987486
0,0.0166663,67.4381233807653,-0.009156927,0.04705057,-0.008151743,0.01679545,0.0460608,0.00987819,0.9987486
0,0.0166674,67.4547907803208,-0.009156927,0.04705057,-0.008151743,0.01679545,0.0460608,0.00987819,0.9987486
0,0.0166698,67.4714605808258,-0.009156927,0.04705057,-0.008151743,0.01679545,0.0460608,0.00987819,0.9987486
0,0.016667,67.4881275799125,-0.009156927,0.04705057,-0.008151743,0.01679545,0.0460608,0.00987819,0.9987486
0,0.0166668,67.5047943796963,-0.009156927,0.04705057,-0.008151743,0.01679545,0.0460608,0.00987819,0.9987486
0,0.0166674,67.5214617792517,-0.009156927,0.04705057,-0.008151743,0.01679545,0.0460608,0.00987819,0.9987486
0,0.0166668,67.5381285790354,-0.009156927,0.04705057,-0.008151743,0.01679545,0.0460608,0.00987819,0.9987486
0,0.0166665,67.5547950789332,-0.009156927,0.04705057,-0.008151743,0.01679545,0.0460608,0.00987819,0.9987486
0,0.0166673,67.5714623797685,-0.009156927,0.04705057,-0.008151743,0.01679545,0.0460608,0.00987819,0.9987486
0,0.016667,67.5881293788552,-0.009156927,0.04705057,-0.008151743,0.01679545,0.0460608,0.00987819,0.9987486
0,0.0166668,67.6047961786389,-0.009156927,0.04705057,-0.008151743,0.01679545,0.0460608,0.00987819,0.9987486
0,0.0166669,67.6214630790055,-0.009156927,0.04705057,-0.008151743,0.01679545,0.0460608,0.00987819,0.9987486
0,0.0166669,67.638129979372,-0.009156927,0.04705057,-0.008151743,0.01679545,0.0460608,0.00987819,0.9987486
0,0.0166666,67.6547965798527,-0.009156927,0.04705057,-0.008151743,0.01679545,0.0460608,0.00987819,0.9987486
0,0.0166668,67.6714633796364,-0.009156927,0.04705057,-0.008151743,0.01679545,0.0460608,0.00987819,0.9987486
0,0.0166672,67.6881305798888,-0.009156927,0.04705057,-0.008151743,0.01679545,0.0460608,0.00987819,0.9987486
0,0.0166669,67.7047974802554,-0.009156927,0.04705057,-0.008151743,0.01679545,0.0460608,0.00987819,0.9987486
0,0.0166667,67.7214641794562,-0.009156927,0.04705057,-0.008151743,0.01679545,0.0460608,0.00987819,0.9987486
0,0.0166681,67.7381322793663,-0.009156927,0.04705057,-0.008151743,0.01679545,0.0460608,0.00987819,0.9987486
0,0.0166679,67.7548001799732,-0.009156927,0.04705057,-0.008151743,0.01679545,0.0460608,0.00987819,0.9987486
0,0.016667,67.77146717906,-0.009156927,0.04705057,-0.008151743,0.01679545,0.0460608,0.00987819,0.9987486
0,0.0166673,67.7881344798952,-0.009156927,0.04705057,-0.008151743,0.01679545,0.0460608,0.00987819,0.9987486
0,0.0166669,67.8048013802618,-0.009156927,0.04705057,-0.008151743,0.01679545,0.0460608,0.00987819,0.9987486
0,0.0166666,67.8214679807425,-0.009156927,0.04705057,-0.008151743,0.01679545,0.0460608,0.00987819,0.9987486
0,0.0166668,67.8381347805262,-0.009156927,0.04705057,-0.008151743,0.01679545,0.0460608,0.00987819,0.9987486
0,0.0166676,67.8548023812473,-0.009156927,0.04705057,-0.008151743,0.01679545,0.0460608,0.00987819,0.9987486
0,0.0166662,67.8714685812593,-0.009156927,0.04705057,-0.008151743,0.01679545,0.0460608,0.00987819,0.9987486
0,0.0166668,67.888135381043,-0.009156927,0.04705057,-0.008151743,0.01679545,0.0460608,0.00987819,0.9987486
0,0.0166672,67.9048025812954,-0.009156927,0.04705057,-0.008151743,0.01679545,0.0460608,0.00987819,0.9987486
0,0.016667,67.9214695803821,-0.009156927,0.04705057,-0.008151743,0.01679545,0.0460608,0.00987819,0.9987486
0,0.0166665,67.9381360802799,-0.009156927,0.04705057,-0.008151743,0.01679545,0.0460608,0.00987819,0.9987486
0,0.016707,67.9548430796713,-0.009156927,0.04705057,-0.008151743,0.01679545,0.0460608,0.00987819,0.9987486
0,0.0166668,67.971509879455,-0.009156927,0.04705057,-0.008151743,0.01679545,0.0460608,0.00987819,0.9987486
0,0.0166671,67.9881769791245,-0.009156927,0.04705057,-0.008151743,0.01679545,0.0460608,0.00987819,0.9987486
0,0.0166667,68.0048436783254,-0.009156927,0.04705057,-0.008151743,0.01679545,0.0460608,0.00987819,0.9987486
0,0.0166669,68.021510578692,-0.009156927,0.04705057,-0.008151743,0.01679545,0.0460608,0.00987819,0.9987486
0,0.016667,68.0381775777787,-0.009156927,0.04705057,-0.008151743,0.01679545,0.0460608,0.00987819,0.9987486
0,0.0166668,68.0548443775624,-0.009156927,0.04705057,-0.008151743,0.01679545,0.0460608,0.00987819,0.9987486
0,0.0166673,68.0715116783977,-0.009156927,0.04705057,-0.008151743,0.01679545,0.0460608,0.00987819,0.9987486
0,0.0166665,68.0881781782955,-0.009156927,0.04705057,-0.008151743,0.01679545,0.0460608,0.00987819,0.9987486
0,0.0166673,68.1048454791307,-0.009156927,0.04705057,-0.008151743,0.01679545,0.0460608,0.00987819,0.9987486
0,0.0166669,68.1215123794973,-0.009156927,0.04705057,-0.008151743,0.01679545,0.0460608,0.00987819,0.9987486
0,0.0166666,68.138178979978,-0.009156927,0.04705057,-0.008151743,0.01679545,0.0460608,0.00987819,0.9987486
0,0.0166672,68.1548461802304,-0.009156927,0.04705057,-0.008151743,0.01679545,0.0460608,0.00987819,0.9987486
0,0.0166672,68.1715133804828,-0.009156927,0.04705057,-0.008151743,0.01679545,0.0460608,0.00987819,0.9987486
0,0.0166669,68.1881802808493,-0.009156927,0.04705057,-0.008151743,0.01679545,0.0460608,0.00987819,0.9987486
0,0.016667,68.2048472799361,-0.009156927,0.04705057,-0.008151743,0.01679545,0.0460608,0.00987819,0.9987486
0,0.0166667,68.2215139791369,-0.009156927,0.04705057,-0.008151743,0.01679545,0.0460608,0.00987819,0.9987486
0,0.0166668,68.2381807789207,-0.009156927,0.04705057,-0.008151743,0.01679545,0.0460608,0.00987819,0.9987486
0,0.016667,68.2548477780074,-0.009156927,0.04705057,-0.008151743,0.01679545,0.0460608,0.00987819,0.9987486
0,0.0166672,68.2715149782598,-0.009156927,0.04705057,-0.008151743,0.01679545,0.0460608,0.00987819,0.9987486
0,0.0166673,68.2881822790951,-0.009156927,0.04705057,-0.008151743,0.01679545,0.0460608,0.00987819,0.9987486
0,0.0166668,68.3048490788788,-0.009156927,0.04705057,-0.008151743,0.01679545,0.0460608,0.00987819,0.9987486
0,0.0166666,68.3215156793594,-0.009156927,0.04705057,-0.008151743,0.01679545,0.0460608,0.00987819,0.9987486
0,0.0166672,68.3381828796119,-0.009156927,0.04705057,-0.008151743,0.01679545,0.0460608,0.00987819,0.9987486
0,0.0166669,68.3548497799784,-0.009156927,0.04705057,-0.008151743,0.01679545,0.0460608,0.00987819,0.9987486
0,0.0166667,68.3715164791793,-0.009156927,0.04705057,-0.008151743,0.01679545,0.0460608,0.00987819,0.9987486
0,0.0166683,68.3881847783923,-0.009156927,0.04705057,-0.008151743,0.01679545,0.0460608,0.00987819,0.9987486
0,0.0166656,68.4048503786325,-0.009156927,0.04705057,-0.008151743,0.01679545,0.0460608,0.00987819,0.9987486
0,0.0166669,68.4215172789991,-0.009156927,0.04705057,-0.008151743,0.01679545,0.0460608,0.00987819,0.9987486
0,0.0166669,68.4381841793656,-0.009156927,0.04705057,-0.008151743,0.01679545,0.0460608,0.00987819,0.9987486
0,0.0166669,68.4548510797322,-0.009156927,0.04705057,-0.008151743,0.01679545,0.0460608,0.00987819,0.9987486
0,0.0166672,68.4715182799846,-0.009156927,0.04705057,-0.008151743,0.01679545,0.0460608,0.00987819,0.9987486
0,0.0166668,68.4881850797683,-0.009156927,0.04705057,-0.008151743,0.01679545,0.0460608,0.00987819,0.9987486
0,0.0166667,68.5048517789692,-0.009156927,0.04705057,-0.008151743,0.01679545,0.0460608,0.00987819,0.9987486
0,0.0166676,68.5215193796903,-0.009156927,0.04705057,-0.008151743,0.01679545,0.0460608,0.00987819,0.9987486
0,0.0166666,68.538185980171,-0.009156927,0.04705057,-0.008151743,0.01679545,0.0460608,0.00987819,0.9987486
0,0.0166664,68.554852379486,-0.009156927,0.04705057,-0.008151743,0.01679545,0.0460608,0.00987819,0.9987486
0,0.0166669,68.5715192798525,-0.009156927,0.04705057,-0.008151743,0.01679545,0.0460608,0.00987819,0.9987486
0,0.0166678,68.5881870798767,-0.009156927,0.04705057,-0.008151743,0.01679545,0.0460608,0.00987819,0.9987486
0,0.0166667,68.6048537790775,-0.009156927,0.04705057,-0.008151743,0.01679545,0.0460608,0.00987819,0.9987486
0,0.0166666,68.6215203795582,-0.009156927,0.04705057,-0.008151743,0.01679545,0.0460608,0.00987819,0.9987486
0,0.0166674,68.6381877791137,-0.009156927,0.04705057,-0.008151743,0.01679545,0.0460608,0.00987819,0.9987486
0,0.0166666,68.6548543795943,-0.009156927,0.04705057,-0.008151743,0.01679545,0.0460608,0.00987819,0.9987486
0,0.0166668,68.671521179378,-0.009156927,0.04705057,-0.008151743,0.01679545,0.0460608,0.00987819,0.9987486
0,0.0166674,68.6881885789335,-0.009156927,0.04705057,-0.008151743,0.01679545,0.0460608,0.00987819,0.9987486
0,0.0166665,68.7048550788313,-0.009156927,0.04705057,-0.008151743,0.01679545,0.0460608,0.00987819,0.9987486
0,0.0166667,68.7215217780322,-0.009156927,0.04705057,-0.008151743,0.01679545,0.0460608,0.00987819,0.9987486
0,0.0166667,68.7381884772331,-0.009156927,0.04705057,-0.008151743,0.01679545,0.0460608,0.00987819,0.9987486
0,0.016667,68.7548554763198,-0.009156927,0.04705057,-0.008151743,0.01679545,0.0460608,0.00987819,0.9987486
0,0.016667,68.7715224754065,-0.009156927,0.04705057,-0.008151743,0.01679545,0.0460608,0.00987819,0.9987486
0,0.0166669,68.7881893757731,-0.009156927,0.04705057,-0.008151743,0.01679545,0.0460608,0.00987819,0.9987486
0,0.0166674,68.8048567753285,-0.009156927,0.04705057,-0.008151743,0.01679545,0.0460608,0.00987819,0.9987486
0,0.016667,68.8215237744153,-0.009156927,0.04705057,-0.008151743,0.01679545,0.0460608,0.00987819,0.9987486
0,0.0166665,68.8381902743131,-0.009156927,0.04705057,-0.008151743,0.01679545,0.0460608,0.00987819,0.9987486
0,0.0166669,68.8548571746796,-0.009156927,0.04705057,-0.008151743,0.01679545,0.0460608,0.00987819,0.9987486
0,0.0166671,68.8715242743492,-0.009156927,0.04705057,-0.008151743,0.01679545,0.0460608,0.00987819,0.9987486
0,0.0166666,68.8881908748299,-0.009156927,0.04705057,-0.008151743,0.01679545,0.0460608,0.00987819,0.9987486
0,0.0166667,68.9048575740308,-0.009156927,0.04705057,-0.008151743,0.01679545,0.0460608,0.00987819,0.9987486
0,0.0166681,68.9215256739408,-0.009156927,0.04705057,-0.008151743,0.01679545,0.0460608,0.00987819,0.9987486
0,0.0166659,68.9381915740669,-0.009156927,0.04705057,-0.008151743,0.01679545,0.0460608,0.00987819,0.9987486
0,0.0166669,68.9548584744334,-0.009156927,0.04705057,-0.008151743,0.01679545,0.0460608,0.00987819,0.9987486
0,0.0166669,68.9715253748,-0.009156927,0.04705057,-0.008151743,0.01679545,0.0460608,0.00987819,0.9987486
0,0.0166674,68.9881927743554,-0.009156927,0.04705057,-0.008151743,0.01679545,0.0460608,0.00987819,0.9987486
0,0.0166672,69.0048599746078,-0.009156927,0.04705057,-0.008151743,0.01679545,0.0460608,0.00987819,0.9987486
0,0.0166663,69.0215262752026,-0.009156927,0.04705057,-0.008151743,0.01679545,0.0460608,0.00987819,0.9987486
0,0.0166674,69.0381936747581,-0.009156927,0.04705057,-0.008151743,0.01679545,0.0460608,0.00987819,0.9987486
0,0.0166671,69.0548607744277,-0.009156927,0.04705057,-0.008151743,0.01679545,0.0460608,0.00987819,0.9987486
0,0.0166663,69.0715270750225,-0.009156927,0.04705057,-0.008151743,0.01679545,0.0460608,0.00987819,0.9987486
0,0.0166668,69.0881938748062,-0.009156927,0.04705057,-0.008151743,0.01679545,0.0460608,0.00987819,0.9987486
0,0.0166668,69.1048606745899,-0.009156927,0.04705057,-0.008151743,0.01679545,0.0460608,0.00987819,0.9987486
0,0.0166671,69.1215277742594,-0.009156927,0.04705057,-0.008151743,0.01679545,0.0460608,0.00987819,0.9987486
0,0.0166672,69.1381949745119,-0.009156927,0.04705057,-0.008151743,0.01679545,0.0460608,0.00987819,0.9987486
0,0.0166668,69.1548617742956,-0.009156927,0.04705057,-0.008151743,0.01679545,0.0460608,0.00987819,0.9987486
0,0.0166673,69.1715290751308,-0.009156927,0.04705057,-0.008151743,0.01679545,0.0460608,0.00987819,0.9987486
0,0.016667,69.1881960742176,-0.009156927,0.04705057,-0.008151743,0.01679545,0.0460608,0.00987819,0.9987486
0,0.0166669,69.2048629745841,-0.009156927,0.04705057,-0.008151743,0.01679545,0.0460608,0.00987819,0.9987486
0,0.0166668,69.2215297743678,-0.009156927,0.04705057,-0.008151743,0.01679545,0.0460608,0.00987819,0.9987486
0,0.016667,69.2381967734545,-0.009156927,0.04705057,-0.008151743,0.01679545,0.0460608,0.00987819,0.9987486
0,0.0166666,69.2548633739352,-0.009156927,0.04705057,-0.008151743,0.01679545,0.0460608,0.00987819,0.9987486
0,0.017783,69.2726463731378,-0.009156927,0.04705057,-0.008151743,0.01679545,0.0460608,0.00987819,0.9987486
0,0.0166669,69.2893132735044,-0.009156927,0.04705057,-0.008151743,0.01679545,0.0460608,0.00987819,0.9987486
0,0.016667,69.3059802725911,-0.009156927,0.04705057,-0.008151743,0.01679545,0.0460608,0.00987819,0.9987486
0,0.0166667,69.322646971792,-0.009156927,0.04705057,-0.008151743,0.01679545,0.0460608,0.00987819,0.9987486
0,0.0167208,69.3393677715212,-0.009156927,0.04705057,-0.008151743,0.01679545,0.0460608,0.00987819,0.9987486
0,0.0166668,69.3560345713049,-0.009156927,0.04705057,-0.008151743,0.01679545,0.0460608,0.00987819,0.9987486
0,0.0166675,69.3727020714432,-0.009156927,0.04705057,-0.008151743,0.01679545,0.0460608,0.00987819,0.9987486
0,0.0166665,69.389368571341,-0.009156927,0.04705057,-0.008151743,0.01679545,0.0460608,0.00987819,0.9987486
0,0.0166666,69.4060351718217,-0.009156927,0.04705057,-0.008151743,0.01679545,0.0460608,0.00987819,0.9987486
0,0.0166668,69.4227019716054,-0.009156927,0.04705057,-0.008151743,0.01679545,0.0460608,0.00987819,0.9987486
0,0.0166669,69.439368871972,-0.009156927,0.04705057,-0.008151743,0.01679545,0.0460608,0.00987819,0.9987486
0,0.0166669,69.4560357723385,-0.009156927,0.04705057,-0.008151743,0.01679545,0.0460608,0.00987819,0.9987486
0,0.0166701,69.4727058727294,-0.009156927,0.04705057,-0.008151743,0.01679545,0.0460608,0.00987819,0.9987486
0,0.0166663,69.4893721733242,-0.009156927,0.04705057,-0.008151743,0.01679545,0.0460608,0.00987819,0.9987486
0,0.016667,69.506039172411,-0.009156927,0.04705057,-0.008151743,0.01679545,0.0460608,0.00987819,0.9987486
0,0.016667,69.5227061714977,-0.009156927,0.04705057,-0.008151743,0.01679545,0.0460608,0.00987819,0.9987486
0,0.0166668,69.5393729712814,-0.009156927,0.04705057,-0.008151743,0.01679545,0.0460608,0.00987819,0.9987486
0,0.0166674,69.5560403708369,-0.009156927,0.04705057,-0.008151743,0.01679545,0.0460608,0.00987819,0.9987486
0,0.0166675,69.5727078709751,-0.009156927,0.04705057,-0.008151743,0.01679545,0.0460608,0.00987819,0.9987486
0,0.0166666,69.5893744714558,-0.009156927,0.04705057,-0.008151743,0.01679545,0.0460608,0.00987819,0.9987486
0,0.0166666,69.6060410719365,-0.009156927,0.04705057,-0.008151743,0.01679545,0.0460608,0.00987819,0.9987486
0,0.0166671,69.6227081716061,-0.009156927,0.04705057,-0.008151743,0.01679545,0.0460608,0.00987819,0.9987486
0,0.0166665,69.6393746715039,-0.009156927,0.04705057,-0.008151743,0.01679545,0.0460608,0.00987819,0.9987486
0,0.016667,69.6560416705906,-0.009156927,0.04705057,-0.008151743,0.01679545,0.0460608,0.00987819,0.9987486
0,0.0166669,69.6727085709572,-0.009156927,0.04705057,-0.008151743,0.01679545,0.0460608,0.00987819,0.9987486
0,0.0166704,69.689378971234,-0.009156927,0.04705057,-0.008151743,0.01679545,0.0460608,0.00987819,0.9987486
0,0.0166657,69.706044672057,-0.009156927,0.04705057,-0.008151743,0.01679545,0.0460608,0.00987819,0.9987486
0,0.0166672,69.7227118723094,-0.009156927,0.04705057,-0.008151743,0.01679545,0.0460608,0.00987819,0.9987486
0,0.0166665,69.7393783722073,-0.009156927,0.04705057,-0.008151743,0.01679545,0.0460608,0.00987819,0.9987486
0,0.0166671,69.7560454718769,-0.009156927,0.04705057,-0.008151743,0.01679545,0.0460608,0.00987819,0.9987486
0,0.016667,69.7727124709636,-0.009156927,0.04705057,-0.008151743,0.01679545,0.0460608,0.00987819,0.9987486
0,0.0166672,69.789379671216,-0.009156927,0.04705057,-0.008151743,0.01679545,0.0460608,0.00987819,0.9987486
0,0.0166668,69.8060464709997,-0.009156927,0.04705057,-0.008151743,0.01679545,0.0460608,0.00987819,0.9987486
0,0.0166666,69.8227130714804,-0.009156927,0.04705057,-0.008151743,0.01679545,0.0460608,0.00987819,0.9987486
0,0.0166671,69.83938017115,-0.009156927,0.04705057,-0.008151743,0.01679545,0.0460608,0.00987819,0.9987486
0,0.016667,69.8560471702367,-0.009156927,0.04705057,-0.008151743,0.01679545,0.0460608,0.00987819,0.9987486
0,0.0166667,69.8727138694376,-0.009156927,0.04705057,-0.008151743,0.01679545,0.0460608,0.00987819,0.9987486
0,0.0166672,69.88938106969,-0.009156927,0.04705057,-0.008151743,0.01679545,0.0460608,0.00987819,0.9987486
0,0.0166671,69.9060481693596,-0.009156927,0.04705057,-0.008151743,0.01679545,0.0460608,0.00987819,0.9987486
0,0.0166666,69.9227147698402,-0.009156927,0.04705057,-0.008151743,0.01679545,0.0460608,0.00987819,0.9987486
0,0.0166668,69.9393815696239,-0.009156927,0.04705057,-0.008151743,0.01679545,0.0460608,0.00987819,0.9987486
0,0.0166673,69.9560488704592,-0.009156927,0.04705057,-0.008151743,0.01679545,0.0460608,0.00987819,0.9987486
0,0.016667,69.9727158695459,-0.009156927,0.04705057,-0.008151743,0.01679545,0.0460608,0.00987819,0.9987486
0,0.0166674,69.9893832691014,-0.009156927,0.04705057,-0.008151743,0.01679545,0.0460608,0.00987819,0.9987486
0,0.016667,70.0060502681881,-0.009156927,0.04705057,-0.008151743,0.01679545,0.0460608,0.00987819,0.9987486
0,0.0166667,70.022716967389,-0.009156927,0.04705057,-0.008151743,0.01679545,0.0460608,0.00987819,0.9987486
0,0.0166672,70.0393841676414,-0.009156927,0.04705057,-0.008151743,0.01679545,0.0460608,0.00987819,0.9987486
0,0.0166664,70.0560505669564,-0.009156927,0.04705057,-0.008151743,0.01679545,0.0460608,0.00987819,0.9987486
0,0.016667,70.0727175660431,-0.009156927,0.04705057,-0.008151743,0.01679545,0.0460608,0.00987819,0.9987486
0,0.0166669,70.0893844664097,-0.009156927,0.04705057,-0.008151743,0.01679545,0.0460608,0.00987819,0.9987486
0,0.0166669,70.1060513667762,-0.009156927,0.04705057,-0.008151743,0.01679545,0.0460608,0.00987819,0.9987486
0,0.0166671,70.1227184664458,-0.009156927,0.04705057,-0.008151743,0.01679545,0.0460608,0.00987819,0.9987486
0,0.0166678,70.13938626647,-0.009156927,0.04705057,-0.008151743,0.01679545,0.0460608,0.00987819,0.9987486
0,0.0166669,70.1560531668365,-0.009156927,0.04705057,-0.008151743,0.01679545,0.0460608,0.00987819,0.9987486
0,0.0166671,70.1727202665061,-0.009156927,0.04705057,-0.008151743,0.01679545,0.0460608,0.00987819,0.9987486
0,0.0166669,70.1893871668726,-0.009156927,0.04705057,-0.008151743,0.01679545,0.0460608,0.00987819,0.9987486
0,0.0166666,70.2060537673533,-0.009156927,0.04705057,-0.008151743,0.01679545,0.0460608,0.00987819,0.9987486
0,0.0166674,70.2227211669087,-0.009156927,0.04705057,-0.008151743,0.01679545,0.0460608,0.00987819,0.9987486
0,0.0166667,70.2393878661096,-0.009156927,0.04705057,-0.008151743,0.01679545,0.0460608,0.00987819,0.9987486
0,0.0166667,70.2560545653105,-0.009156927,0.04705057,-0.008151743,0.01679545,0.0460608,0.00987819,0.9987486
0,0.0166668,70.2727213650942,-0.009156927,0.04705057,-0.008151743,0.01679545,0.0460608,0.00987819,0.9987486
0,0.0166668,70.2893881648779,-0.009156927,0.04705057,-0.008151743,0.01679545,0.0460608,0.00987819,0.9987486
0,0.0166669,70.3060550652444,-0.009156927,0.04705057,-0.008151743,0.01679545,0.0460608,0.00987819,0.9987486
0,0.0166672,70.3227222654969,-0.009156927,0.04705057,-0.008151743,0.01679545,0.0460608,0.00987819,0.9987486
0,0.0166671,70.3393893651664,-0.009156927,0.04705057,-0.008151743,0.01679545,0.0460608,0.00987819,0.9987486
0,0.0166674,70.3560567647219,-0.009156927,0.04705057,-0.008151743,0.01679545,0.0460608,0.00987819,0.9987486
0,0.0166666,70.3727233652025,-0.009156927,0.04705057,-0.008151743,0.01679545,0.0460608,0.00987819,0.9987486
0,0.0166667,70.3893900644034,-0.009156927,0.04705057,-0.008151743,0.01679545,0.0460608,0.00987819,0.9987486
0,0.0166671,70.406057164073,-0.009156927,0.04705057,-0.008151743,0.01679545,0.0460608,0.00987819,0.9987486
0,0.0166666,70.4227237645537,-0.009156927,0.04705057,-0.008151743,0.01679545,0.0460608,0.00987819,0.9987486
0,0.0166674,70.4393911641091,-0.009156927,0.04705057,-0.008151743,0.01679545,0.0460608,0.00987819,0.9987486
0,0.0166665,70.4560576640069,-0.009156927,0.04705057,-0.008151743,0.01679545,0.0460608,0.00987819,0.9987486
0,0.0166669,70.4727245643735,-0.009156927,0.04705057,-0.008151743,0.01679545,0.0460608,0.00987819,0.9987486
0,0.0166668,70.4893913641572,-0.009156927,0.04705057,-0.008151743,0.01679545,0.0460608,0.00987819,0.9987486
0,0.0166669,70.5060582645237,-0.009156927,0.04705057,-0.008151743,0.01679545,0.0460608,0.00987819,0.9987486
0,0.0166672,70.5227254647762,-0.009156927,0.04705057,-0.008151743,0.01679545,0.0460608,0.00987819,0.9987486
0,0.0166668,70.5393922645599,-0.009156927,0.04705057,-0.008151743,0.01679545,0.0460608,0.00987819,0.9987486
0,0.0166668,70.5560590643436,-0.009156927,0.04705057,-0.008151743,0.01679545,0.0460608,0.00987819,0.9987486
0,0.0166671,70.5727261640131,-0.009156927,0.04705057,-0.008151743,0.01679545,0.0460608,0.00987819,0.9987486
0,0.0166668,70.5893929637969,-0.009156927,0.04705057,-0.008151743,0.01679545,0.0460608,0.00987819,0.9987486
0,0.0166666,70.6060595642775,-0.009156927,0.04705057,-0.008151743,0.01679545,0.0460608,0.00987819,0.9987486
0,0.016667,70.6227265633643,-0.009156927,0.04705057,-0.008151743,0.01679545,0.0460608,0.00987819,0.9987486
0,0.0166672,70.6393937636167,-0.009156927,0.04705057,-0.008151743,0.01679545,0.0460608,0.00987819,0.9987486
0,0.0166667,70.6560604628176,-0.009156927,0.04705057,-0.008151743,0.01679545,0.0460608,0.00987819,0.9987486
0,0.0166667,70.6727271620184,-0.009156927,0.04705057,-0.008151743,0.01679545,0.0460608,0.00987819,0.9987486
0,0.0166671,70.689394261688,-0.009156927,0.04705057,-0.008151743,0.01679545,0.0460608,0.00987819,0.9987486
0,0.016667,70.7060612607747,-0.009156927,0.04705057,-0.008151743,0.01679545,0.0460608,0.00987819,0.9987486
0,0.0166666,70.7227278612554,-0.009156927,0.04705057,-0.008151743,0.01679545,0.0460608,0.00987819,0.9987486
0,0.0166672,70.7393950615078,-0.009156927,0.04705057,-0.008151743,0.01679545,0.0460608,0.00987819,0.9987486
0,0.0166673,70.7560623623431,-0.009156927,0.04705057,-0.008151743,0.01679545,0.0460608,0.00987819,0.9987486
0,0.0166665,70.7727288622409,-0.009156927,0.04705057,-0.008151743,0.01679545,0.0460608,0.00987819,0.9987486
0,0.0166679,70.7893967628479,-0.009156927,0.04705057,-0.008151743,0.01679545,0.0460608,0.00987819,0.9987486
0,0.016666,70.8060627635568,-0.009156927,0.04705057,-0.008151743,0.01679545,0.0460608,0.00987819,0.9987486
0,0.0166671,70.8227298632264,-0.009156927,0.04705057,-0.008151743,0.01679545,0.0460608,0.00987819,0.9987486
0,0.0166668,70.8393966630101,-0.009156927,0.04705057,-0.008151743,0.01679545,0.0460608,0.00987819,0.9987486
0,0.016669,70.8560656625777,-0.009156927,0.04705057,-0.008151743,0.01679545,0.0460608,0.00987819,0.9987486
0,0.0166653,70.8727309629321,-0.009156927,0.04705057,-0.008151743,0.01679545,0.0460608,0.00987819,0.9987486
0,0.0166674,70.8893983624876,-0.009156927,0.04705057,-0.008151743,0.01679545,0.0460608,0.00987819,0.9987486
0,0.0166669,70.9060652628541,-0.009156927,0.04705057,-0.008151743,0.01679545,0.0460608,0.00987819,0.9987486
0,0.0166667,70.922731962055,-0.009156927,0.04705057,-0.008151743,0.01679545,0.0460608,0.00987819,0.9987486
0,0.0166671,70.9393990617245,-0.009156927,0.04705057,-0.008151743,0.01679545,0.0460608,0.00987819,0.9987486
0,0.0166673,70.9560663625598,-0.009156927,0.04705057,-0.008151743,0.01679545,0.0460608,0.00987819,0.9987486
0,0.0166668,70.9727331623435,-0.009156927,0.04705057,-0.008151743,0.01679545,0.0460608,0.00987819,0.9987486
0,0.0166669,70.98940006271,-0.009156927,0.04705057,-0.008151743,0.01679545,0.0460608,0.00987819,0.9987486
0,0.0166668,71.0060668624938,-0.009156927,0.04705057,-0.008151743,0.01679545,0.0460608,0.00987819,0.9987486
0,0.0166674,71.0227342620492,-0.009156927,0.04705057,-0.008151743,0.01679545,0.0460608,0.00987819,0.9987486
0,0.0166662,71.0394004620612,-0.009156927,0.04705057,-0.008151743,0.01679545,0.0460608,0.00987819,0.9987486
0,0.0166672,71.0560676623136,-0.009156927,0.04705057,-0.008151743,0.01679545,0.0460608,0.00987819,0.9987486
0,0.0166672,71.072734862566,-0.009156927,0.04705057,-0.008151743,0.01679545,0.0460608,0.00987819,0.9987486
0,0.0166673,71.0894021634012,-0.009156927,0.04705057,-0.008151743,0.01679545,0.0460608,0.00987819,0.9987486
0,0.0166664,71.1060685627162,-0.009156927,0.04705057,-0.008151743,0.01679545,0.0460608,0.00987819,0.9987486
0,0.0166669,71.1227354630828,-0.009156927,0.04705057,-0.008151743,0.01679545,0.0460608,0.00987819,0.9987486
0,0.0166668,71.1394022628665,-0.009156927,0.04705057,-0.008151743,0.01679545,0.0460608,0.00987819,0.9987486
0,0.0166673,71.1560695637017,-0.009156927,0.04705057,-0.008151743,0.01679545,0.0460608,0.00987819,0.9987486
0,0.016667,71.1727365627885,-0.009156927,0.04705057,-0.008151743,0.01679545,0.0460608,0.00987819,0.9987486
0,0.0166671,71.1894036624581,-0.009156927,0.04705057,-0.008151743,0.01679545,0.0460608,0.00987819,0.9987486
0,0.0166664,71.2060700617731,-0.009156927,0.04705057,-0.008151743,0.01679545,0.0460608,0.00987819,0.9987486
0,0.0166778,71.222747862339,-0.009156927,0.04705057,-0.008151743,0.01679545,0.0460608,0.00987819,0.9987486
0,0.0166667,71.2394145615399,-0.009156927,0.04705057,-0.008151743,0.01679545,0.0460608,0.00987819,0.9987486
0,0.0166667,71.2560812607408,-0.009156927,0.04705057,-0.008151743,0.01679545,0.0460608,0.00987819,0.9987486
0,0.0166668,71.2727480605245,-0.009156927,0.04705057,-0.008151743,0.01679545,0.0460608,0.00987819,0.9987486
0,0.0166677,71.2894157599658,-0.009156927,0.04705057,-0.008151743,0.01679545,0.0460608,0.00987819,0.9987486
0,0.0166664,71.3060821592808,-0.009156927,0.04705057,-0.008151743,0.01679545,0.0460608,0.00987819,0.9987486
0,0.0166674,71.3227495588362,-0.009156927,0.04705057,-0.008151743,0.01679545,0.0460608,0.00987819,0.9987486
0,0.0166662,71.3394157588482,-0.009156927,0.04705057,-0.008151743,0.01679545,0.0460608,0.00987819,0.9987486
0,0.0166673,71.3560830596834,-0.009156927,0.04705057,-0.008151743,0.01679545,0.0460608,0.00987819,0.9987486
0,0.0166669,71.37274996005,-0.009156927,0.04705057,-0.008151743,0.01679545,0.0460608,0.00987819,0.9987486
0,0.0166674,71.3894173596054,-0.009156927,0.04705057,-0.008151743,0.01679545,0.0460608,0.00987819,0.9987486
0,0.0166662,71.4060835596174,-0.009156927,0.04705057,-0.008151743,0.01679545,0.0460608,0.00987819,0.9987486
0,0.0166683,71.4227518588305,-0.009156927,0.04705057,-0.008151743,0.01679545,0.0460608,0.00987819,0.9987486
0,0.0166655,71.4394173584878,-0.009156927,0.04705057,-0.008151743,0.01679545,0.0460608,0.00987819,0.9987486
0,0.0166671,71.4560844581574,-0.009156927,0.04705057,-0.008151743,0.01679545,0.0460608,0.00987819,0.9987486
0,0.0166671,71.472751557827,-0.009156927,0.04705057,-0.008151743,0.01679545,0.0460608,0.00987819,0.9987486
0,0.0166673,71.4894188586622,-0.009156927,0.04705057,-0.008151743,0.01679545,0.0460608,0.00987819,0.9987486
0,0.0166668,71.506085658446,-0.009156927,0.04705057,-0.008151743,0.01679545,0.0460608,0.00987819,0.9987486
0,0.0166666,71.5227522589266,-0.009156927,0.04705057,-0.008151743,0.01679545,0.0460608,0.00987819,0.9987486
0,0.0166671,71.5394193585962,-0.009156927,0.04705057,-0.008151743,0.01679545,0.0460608,0.00987819,0.9987486
0,0.0166666,71.5560859590769,-0.009156927,0.04705057,-0.008151743,0.01679545,0.0460608,0.00987819,0.9987486
0,0.0166671,71.5727530587465,-0.009156927,0.04705057,-0.008151743,0.01679545,0.0460608,0.00987819,0.9987486
0,0.0166668,71.5894198585302,-0.009156927,0.04705057,-0.008151743,0.01679545,0.0460608,0.00987819,0.9987486
0,0.0166671,71.6060869581997,-0.009156927,0.04705057,-0.008151743,0.01679545,0.0460608,0.00987819,0.9987486
0,0.0166667,71.6227536574006,-0.009156927,0.04705057,-0.008151743,0.01679545,0.0460608,0.00987819,0.9987486
0,0.016667,71.6394206564873,-0.009156927,0.04705057,-0.008151743,0.01679545,0.0460608,0.00987819,0.9987486
0,0.0166672,71.6560878567398,-0.009156927,0.04705057,-0.008151743,0.01679545,0.0460608,0.00987819,0.9987486
0,0.0166669,71.6727547571063,-0.009156927,0.04705057,-0.008151743,0.01679545,0.0460608,0.00987819,0.9987486
0,0.0166665,71.6894212570041,-0.009156927,0.04705057,-0.008151743,0.01679545,0.0460608,0.00987819,0.9987486
0,0.0166675,71.7060887571424,-0.009156927,0.04705057,-0.008151743,0.01679545,0.0460608,0.00987819,0.9987486
0,0.016667,71.7227557562292,-0.009156927,0.04705057,-0.008151743,0.01679545,0.0460608,0.00987819,0.9987486
0,0.0166665,71.739422256127,-0.009156927,0.04705057,-0.008151743,0.01679545,0.0460608,0.00987819,0.9987486
0,0.0166669,71.7560891564935,-0.009156927,0.04705057,-0.008151743,0.01679545,0.0460608,0.00987819,0.9987486
0,0.0166671,71.7727562561631,-0.009156927,0.04705057,-0.008151743,0.01679545,0.0460608,0.00987819,0.9987486
0,0.0166671,71.7894233558327,-0.009156927,0.04705057,-0.008151743,0.01679545,0.0460608,0.00987819,0.9987486
0,0.0166667,71.8060900550336,-0.009156927,0.04705057,-0.008151743,0.01679545,0.0460608,0.00987819,0.9987486
0,0.0166673,71.8227573558688,-0.009156927,0.04705057,-0.008151743,0.01679545,0.0460608,0.00987819,0.9987486
0,0.0166669,71.8394242562354,-0.009156927,0.04705057,-0.008151743,0.01679545,0.0460608,0.00987819,0.9987486
0,0.0166669,71.8560911566019,-0.009156927,0.04705057,-0.008151743,0.01679545,0.0460608,0.00987819,0.9987486
0,0.0166665,71.8727576564997,-0.009156927,0.04705057,-0.008151743,0.01679545,0.0460608,0.00987819,0.9987486
0,0.0166671,71.8894247561693,-0.009156927,0.04705057,-0.008151743,0.01679545,0.0460608,0.00987819,0.9987486
0,0.0166667,71.9060914553702,-0.009156927,0.04705057,-0.008151743,0.01679545,0.0460608,0.00987819,0.9987486
0,0.0166673,71.9227587562054,-0.009156927,0.04705057,-0.008151743,0.01679545,0.0460608,0.00987819,0.9987486
0,0.0166663,71.9394250568002,-0.009156927,0.04705057,-0.008151743,0.01679545,0.0460608,0.00987819,0.9987486
0,0.0166674,71.9560924563557,-0.009156927,0.04705057,-0.008151743,0.01679545,0.0460608,0.00987819,0.9987486
0,0.0166666,71.9727590568364,-0.009156927,0.04705057,-0.008151743,0.01679545,0.0460608,0.00987819,0.9987486
0,0.016667,71.9894260559231,-0.009156927,0.04705057,-0.008151743,0.01679545,0.0460608,0.00987819,0.9987486
0,0.0166672,72.0060932561755,-0.009156927,0.04705057,-0.008151743,0.01679545,0.0460608,0.00987819,0.9987486
0,0.0166683,72.0227615553886,-0.009156927,0.04705057,-0.008151743,0.01679545,0.0460608,0.00987819,0.9987486
0,0.0166658,72.0394273549318,-0.009156927,0.04705057,-0.008151743,0.01679545,0.0460608,0.00987819,0.9987486
0,0.0166675,72.0560948550701,-0.009156927,0.04705057,-0.008151743,0.01679545,0.0460608,0.00987819,0.9987486
0,0.0166661,72.0727609544992,-0.009156927,0.04705057,-0.008151743,0.01679545,0.0460608,0.00987819,0.9987486
0,0.0166666,72.0894275549799,-0.009156927,0.04705057,-0.008151743,0.01679545,0.0460608,0.00987819,0.9987486
0,0.0166669,72.1060944553465,-0.009156927,0.04705057,-0.008151743,0.01679545,0.0460608,0.00987819,0.9987486
0,0.0166668,72.1227612551302,-0.009156927,0.04705057,-0.008151743,0.01679545,0.0460608,0.00987819,0.9987486
0,0.0166671,72.1394283547997,-0.009156927,0.04705057,-0.008151743,0.01679545,0.0460608,0.00987819,0.9987486
0,0.016667,72.1560953538865,-0.009156927,0.04705057,-0.008151743,0.01679545,0.0460608,0.00987819,0.9987486
0,0.0166669,72.172762254253,-0.009156927,0.04705057,-0.008151743,0.01679545,0.0460608,0.00987819,0.9987486
0,0.0166672,72.1894294545054,-0.009156927,0.04705057,-0.008151743,0.01679545,0.0460608,0.00987819,0.9987486
0,0.0166669,72.206096354872,-0.009156927,0.04705057,-0.008151743,0.01679545,0.0460608,0.00987819,0.9987486
0,0.0166667,72.2227630540729,-0.009156927,0.04705057,-0.008151743,0.01679545,0.0460608,0.00987819,0.9987486
0,0.016667,72.2394300531596,-0.009156927,0.04705057,-0.008151743,0.01679545,0.0460608,0.00987819,0.9987486
0,0.016667,72.2560970522463,-0.009156927,0.04705057,-0.008151743,0.01679545,0.0460608,0.00987819,0.9987486
0,0.0166666,72.272763652727,-0.009156927,0.04705057,-0.008151743,0.01679545,0.0460608,0.00987819,0.9987486
0,0.0166673,72.2894309535623,-0.009156927,0.04705057,-0.008151743,0.01679545,0.0460608,0.00987819,0.9987486
0,0.0166666,72.3060975540429,-0.009156927,0.04705057,-0.008151743,0.01679545,0.0460608,0.00987819,0.9987486
0,0.0166668,72.3227643538266,-0.009156927,0.04705057,-0.008151743,0.01679545,0.0460608,0.00987819,0.9987486
0,0.0166668,72.3394311536103,-0.009156927,0.04705057,-0.008151743,0.01679545,0.0460608,0.00987819,0.9987486
0,0.0166682,72.3560993541032,-0.009156927,0.04705057,-0.008151743,0.01679545,0.0460608,0.00987819,0.9987486
0,0.0166662,72.3727655541152,-0.009156927,0.04705057,-0.008151743,0.01679545,0.0460608,0.00987819,0.9987486
0,0.0166889,72.3894544541836,-0.009156927,0.04705057,-0.008151743,0.01679545,0.0460608,0.00987819,0.9987486
0,0.0166665,72.4061209540814,-0.009156927,0.04705057,-0.008151743,0.01679545,0.0460608,0.00987819,0.9987486
0,0.0166669,72.422787854448,-0.009156927,0.04705057,-0.008151743,0.01679545,0.0460608,0.00987819,0.9987486
0,0.0166668,72.4394546542317,-0.009156927,0.04705057,-0.008151743,0.01679545,0.0460608,0.00987819,0.9987486
0,0.0166671,72.4561217539012,-0.009156927,0.04705057,-0.008151743,0.01679545,0.0460608,0.00987819,0.9987486
0,0.0166667,72.4727884531021,-0.009156927,0.04705057,-0.008151743,0.01679545,0.0460608,0.00987819,0.9987486
0,0.0166675,72.4894559532404,-0.009156927,0.04705057,-0.008151743,0.01679545,0.0460608,0.00987819,0.9987486
0,0.0166668,72.5061227530241,-0.009156927,0.04705057,-0.008151743,0.01679545,0.0460608,0.00987819,0.9987486
0,0.0166665,72.5227892529219,-0.009156927,0.04705057,-0.008151743,0.01679545,0.0460608,0.00987819,0.9987486
0,0.0166672,72.5394564531744,-0.009156927,0.04705057,-0.008151743,0.01679545,0.0460608,0.00987819,0.9987486
0,0.0166672,72.5561236534268,-0.009156927,0.04705057,-0.008151743,0.01679545,0.0460608,0.00987819,0.9987486
0,0.0166665,72.5727901533246,-0.009156927,0.04705057,-0.008151743,0.01679545,0.0460608,0.00987819,0.9987486
0,0.0166668,72.5894569531083,-0.009156927,0.04705057,-0.008151743,0.01679545,0.0460608,0.00987819,0.9987486
0,0.0166668,72.606123752892,-0.009156927,0.04705057,-0.008151743,0.01679545,0.0460608,0.00987819,0.9987486
0,0.0166669,72.6227906532586,-0.009156927,0.04705057,-0.008151743,0.01679545,0.0460608,0.00987819,0.9987486
0,0.0166671,72.6394577529281,-0.009156927,0.04705057,-0.008151743,0.01679545,0.0460608,0.00987819,0.9987486
0,0.016667,72.6561247520149,-0.009156927,0.04705057,-0.008151743,0.01679545,0.0460608,0.00987819,0.9987486
0,0.0166673,72.6727920528501,-0.009156927,0.04705057,-0.008151743,0.01679545,0.0460608,0.00987819,0.9987486
0,0.0166669,72.6894589532167,-0.009156927,0.04705057,-0.008151743,0.01679545,0.0460608,0.00987819,0.9987486
0,0.0166666,72.7061255536973,-0.009156927,0.04705057,-0.008151743,0.01679545,0.0460608,0.00987819,0.9987486
0,0.0166672,72.7227927539498,-0.009156927,0.04705057,-0.008151743,0.01679545,0.0460608,0.00987819,0.9987486
0,0.0167478,72.7395405545831,-0.009156927,0.04705057,-0.008151743,0.01679545,0.0460608,0.00987819,0.9987486
0,0.0166672,72.7562077548355,-0.009156927,0.04705057,-0.008151743,0.01679545,0.0460608,0.00987819,0.9987486
0,0.0166663,72.7728740554303,-0.009156927,0.04705057,-0.008151743,0.01679545,0.0460608,0.00987819,0.9987486
0,0.0166678,72.7895418554544,-0.009156927,0.04705057,-0.008151743,0.01679545,0.0460608,0.00987819,0.9987486
0,0.0166664,72.8062082547694,-0.009156927,0.04705057,-0.008151743,0.01679545,0.0460608,0.00987819,0.9987486
0,0.0166667,72.8228749539703,-0.009156927,0.04705057,-0.008151743,0.01679545,0.0460608,0.00987819,0.9987486
0,0.0166669,72.8395418543369,-0.009156927,0.04705057,-0.008151743,0.01679545,0.0460608,0.00987819,0.9987486
0,0.0166669,72.8562087547034,-0.009156927,0.04705057,-0.008151743,0.01679545,0.0460608,0.00987819,0.9987486
0,0.0166669,72.8728756550699,-0.009156927,0.04705057,-0.008151743,0.01679545,0.0460608,0.00987819,0.9987486
0,0.016667,72.8895426541567,-0.009156927,0.04705057,-0.008151743,0.01679545,0.0460608,0.00987819,0.9987486
0,0.0166671,72.9062097538263,-0.009156927,0.04705057,-0.008151743,0.01679545,0.0460608,0.00987819,0.9987486
0,0.0166672,72.9228769540787,-0.009156927,0.04705057,-0.008151743,0.01679545,0.0460608,0.00987819,0.9987486
0,0.0166663,72.9395432546735,-0.009156927,0.04705057,-0.008151743,0.01679545,0.0460608,0.00987819,0.9987486
0,0.0166672,72.9562104549259,-0.009156927,0.04705057,-0.008151743,0.01679545,0.0460608,0.00987819,0.9987486
0,0.0166671,72.9728775545955,-0.009156927,0.04705057,-0.008151743,0.01679545,0.0460608,0.00987819,0.9987486
0,0.0166665,72.9895440544933,-0.009156927,0.04705057,-0.008151743,0.01679545,0.0460608,0.00987819,0.9987486
0,0.0166672,73.0062112547457,-0.009156927,0.04705057,-0.008151743,0.01679545,0.0460608,0.00987819,0.9987486
0,0.0166667,73.0228779539466,-0.009156927,0.04705057,-0.008151743,0.01679545,0.0460608,0.00987819,0.9987486
0,0.0166667,73.0395446531475,-0.009156927,0.04705057,-0.008151743,0.01679545,0.0460608,0.00987819,0.9987486
0,0.0166669,73.056211553514,-0.009156927,0.04705057,-0.008151743,0.01679545,0.0460608,0.00987819,0.9987486
0,0.0166672,73.0728787537664,-0.009156927,0.04705057,-0.008151743,0.01679545,0.0460608,0.00987819,0.9987486
0,0.0166671,73.089545853436,-0.009156927,0.04705057,-0.008151743,0.01679545,0.0460608,0.00987819,0.9987486
0,0.0166669,73.1062127538025,-0.009156927,0.04705057,-0.008151743,0.01679545,0.0460608,0.00987819,0.9987486
0,0.0166665,73.1228792537004,-0.009156927,0.04705057,-0.008151743,0.01679545,0.0460608,0.00987819,0.9987486
0,0.0166678,73.1395470537245,-0.009156927,0.04705057,-0.008151743,0.01679545,0.0460608,0.00987819,0.9987486
0,0.0166667,73.1562137529254,-0.009156927,0.04705057,-0.008151743,0.01679545,0.0460608,0.00987819,0.9987486
0,0.0166664,73.1728801522404,-0.009156927,0.04705057,-0.008151743,0.01679545,0.0460608,0.00987819,0.9987486
0,0.016667,73.1895471513271,-0.009156927,0.04705057,-0.008151743,0.01679545,0.0460608,0.00987819,0.9987486
0,0.016667,73.2062141504139,-0.009156927,0.04705057,-0.008151743,0.01679545,0.0460608,0.00987819,0.9987486
0,0.0166668,73.2228809501976,-0.009156927,0.04705057,-0.008151743,0.01679545,0.0460608,0.00987819,0.9987486
0,0.0166674,73.239548349753,-0.009156927,0.04705057,-0.008151743,0.01679545,0.0460608,0.00987819,0.9987486
0,0.0166668,73.2562151495367,-0.009156927,0.04705057,-0.008151743,0.01679545,0.0460608,0.00987819,0.9987486
0,0.0166672,73.2728823497891,-0.009156927,0.04705057,-0.008151743,0.01679545,0.0460608,0.00987819,0.9987486
0,0.0166669,73.2895492501557,-0.009156927,0.04705057,-0.008151743,0.01679545,0.0460608,0.00987819,0.9987486
0,0.0166667,73.3062159493566,-0.009156927,0.04705057,-0.008151743,0.01679545,0.0460608,0.00987819,0.9987486
0,0.0166671,73.3228830490261,-0.009156927,0.04705057,-0.008151743,0.01679545,0.0460608,0.00987819,0.9987486
0,0.0166666,73.3395496495068,-0.009156927,0.04705057,-0.008151743,0.01679545,0.0460608,0.00987819,0.9987486
0,0.0166684,73.3562180493027,-0.009156927,0.04705057,-0.008151743,0.01679545,0.0460608,0.00987819,0.9987486
0,0.0166657,73.3728837501258,-0.009156927,0.04705057,-0.008151743,0.01679545,0.0460608,0.00987819,0.9987486
0,0.0166668,73.3895505499095,-0.009156927,0.04705057,-0.008151743,0.01679545,0.0460608,0.00987819,0.9987486
0,0.0166688,73.4062193501741,-0.009156927,0.04705057,-0.008151743,0.01679545,0.0460608,0.00987819,0.9987486
0,0.0166654,73.4228847492486,-0.009156927,0.04705057,-0.008151743,0.01679545,0.0460608,0.00987819,0.9987486
0,0.0166667,73.4395514484495,-0.009156927,0.04705057,-0.008151743,0.01679545,0.0460608,0.00987819,0.9987486
0,0.0166669,73.456218348816,-0.009156927,0.04705057,-0.008151743,0.01679545,0.0460608,0.00987819,0.9987486
0,0.0166666,73.4728849492967,-0.009156927,0.04705057,-0.008151743,0.01679545,0.0460608,0.00987819,0.9987486
0,0.0166672,73.4895521495491,-0.009156927,0.04705057,-0.008151743,0.01679545,0.0460608,0.00987819,0.9987486
0,0.0166668,73.5062189493328,-0.009156927,0.04705057,-0.008151743,0.01679545,0.0460608,0.00987819,0.9987486
0,0.0166666,73.5228855498135,-0.009156927,0.04705057,-0.008151743,0.01679545,0.0460608,0.00987819,0.9987486
0,0.0166673,73.5395528506488,-0.009156927,0.04705057,-0.008151743,0.01679545,0.0460608,0.00987819,0.9987486
0,0.0166666,73.5562194511294,-0.009156927,0.04705057,-0.008151743,0.01679545,0.0460608,0.00987819,0.9987486
0,0.0166669,73.572886351496,-0.009156927,0.04705057,-0.008151743,0.01679545,0.0460608,0.00987819,0.9987486
0,0.016667,73.5895533505827,-0.009156927,0.04705057,-0.008151743,0.01679545,0.0460608,0.00987819,0.9987486
0,0.0166671,73.6062204502523,-0.009156927,0.04705057,-0.008151743,0.01679545,0.0460608,0.00987819,0.9987486
0,0.0166668,73.622887250036,-0.009156927,0.04705057,-0.008151743,0.01679545,0.0460608,0.00987819,0.9987486
0,0.0166671,73.6395543497056,-0.009156927,0.04705057,-0.008151743,0.01679545,0.0460608,0.00987819,0.9987486
0,0.0166668,73.6562211494893,-0.009156927,0.04705057,-0.008151743,0.01679545,0.0460608,0.00987819,0.9987486
0,0.0166669,73.6728880498558,-0.009156927,0.04705057,-0.008151743,0.01679545,0.0460608,0.00987819,0.9987486
0,0.0166666,73.6895546503365,-0.009156927,0.04705057,-0.008151743,0.01679545,0.0460608,0.00987819,0.9987486
0,0.0166669,73.706221550703,-0.009156927,0.04705057,-0.008151743,0.01679545,0.0460608,0.00987819,0.9987486
0,0.0166668,73.7228883504868,-0.009156927,0.04705057,-0.008151743,0.01679545,0.0460608,0.00987819,0.9987486
0,0.0166669,73.7395552508533,-0.009156927,0.04705057,-0.008151743,0.01679545,0.0460608,0.00987819,0.9987486
0,0.0166675,73.7562227509916,-0.009156927,0.04705057,-0.008151743,0.01679545,0.0460608,0.00987819,0.9987486
0,0.0166676,73.7728903517127,-0.009156927,0.04705057,-0.008151743,0.01679545,0.0460608,0.00987819,0.9987486
0,0.0166663,73.7895566523075,-0.009156927,0.04705057,-0.008151743,0.01679545,0.0460608,0.00987819,0.9987486
0,0.0166669,73.8062235526741,-0.009156927,0.04705057,-0.008151743,0.01679545,0.0460608,0.00987819,0.9987486
0,0.0166666,73.8228901531547,-0.009156927,0.04705057,-0.008151743,0.01679545,0.0460608,0.00987819,0.9987486
0,0.0166671,73.8395572528243,-0.009156927,0.04705057,-0.008151743,0.01679545,0.0460608,0.00987819,0.9987486
0,0.0166669,73.8562241531909,-0.009156927,0.04705057,-0.008151743,0.01679545,0.0460608,0.00987819,0.9987486
0,0.0166667,73.8728908523917,-0.009156927,0.04705057,-0.008151743,0.01679545,0.0460608,0.00987819,0.9987486
0,0.0166669,73.8895577527583,-0.009156927,0.04705057,-0.008151743,0.01679545,0.0460608,0.00987819,0.9987486
0,0.0166669,73.9062246531248,-0.009156927,0.04705057,-0.008151743,0.01679545,0.0460608,0.00987819,0.9987486
0,0.0166667,73.9228913523257,-0.009156927,0.04705057,-0.008151743,0.01679545,0.0460608,0.00987819,0.9987486
0,0.016667,73.9395583514124,-0.009156927,0.04705057,-0.008151743,0.01679545,0.0460608,0.00987819,0.9987486
0,0.0166677,73.9562260508537,-0.009156927,0.04705057,-0.008151743,0.01679545,0.0460608,0.00987819,0.9987486
0,0.0166668,73.9728928506374,-0.009156927,0.04705057,-0.008151743,0.01679545,0.0460608,0.00987819,0.9987486
0,0.0166666,73.9895594511181,-0.009156927,0.04705057,-0.008151743,0.01679545,0.0460608,0.00987819,0.9987486
0,0.0166671,74.0062265507877,-0.009156927,0.04705057,-0.008151743,0.01679545,0.0460608,0.00987819,0.9987486
0,0.0166669,74.0228934511542,-0.009156927,0.04705057,-0.008151743,0.01679545,0.0460608,0.00987819,0.9987486
0,0.0166666,74.0395600516349,-0.009156927,0.04705057,-0.008151743,0.01679545,0.0460608,0.00987819,0.9987486
0,0.0166669,74.0562269520015,-0.009156927,0.04705057,-0.008151743,0.01679545,0.0460608,0.00987819,0.9987486
0,0.0166675,74.0728944521397,-0.009156927,0.04705057,-0.008151743,0.01679545,0.0460608,0.00987819,0.9987486
0,0.0166663,74.0895607527345,-0.009156927,0.04705057,-0.008151743,0.01679545,0.0460608,0.00987819,0.9987486
0,0.0166669,74.1062276531011,-0.009156927,0.04705057,-0.008151743,0.01679545,0.0460608,0.00987819,0.9987486
0,0.0166671,74.1228947527707,-0.009156927,0.04705057,-0.008151743,0.01679545,0.0460608,0.00987819,0.9987486
0,0.0166671,74.1395618524402,-0.009156927,0.04705057,-0.008151743,0.01679545,0.0460608,0.00987819,0.9987486
0,0.016667,74.156228851527,-0.009156927,0.04705057,-0.008151743,0.01679545,0.0460608,0.00987819,0.9987486
0,0.0166671,74.1728959511966,-0.009156927,0.04705057,-0.008151743,0.01679545,0.0460608,0.00987819,0.9987486
0,0.0166667,74.1895626503974,-0.009156927,0.04705057,-0.008151743,0.01679545,0.0460608,0.00987819,0.9987486
0,0.0166671,74.206229750067,-0.009156927,0.04705057,-0.008151743,0.01679545,0.0460608,0.00987819,0.9987486
0,0.0166664,74.222896149382,-0.009156927,0.04705057,-0.008151743,0.01679545,0.0460608,0.00987819,0.9987486
0,0.0166669,74.2395630497485,-0.009156927,0.04705057,-0.008151743,0.01679545,0.0460608,0.00987819,0.9987486
0,0.016667,74.2562300488353,-0.009156927,0.04705057,-0.008151743,0.01679545,0.0460608,0.00987819,0.9987486
0,0.016667,74.272897047922,-0.009156927,0.04705057,-0.008151743,0.01679545,0.0460608,0.00987819,0.9987486
0,0.0166669,74.2895639482886,-0.009156927,0.04705057,-0.008151743,0.01679545,0.0460608,0.00987819,0.9987486
0,0.0166673,74.3062312491238,-0.009156927,0.04705057,-0.008151743,0.01679545,0.0460608,0.00987819,0.9987486
0,0.0166669,74.3228981494904,-0.009156927,0.04705057,-0.008151743,0.01679545,0.0460608,0.00987819,0.9987486
0,0.0166664,74.3395645488054,-0.009156927,0.04705057,-0.008151743,0.01679545,0.0460608,0.00987819,0.9987486
0,0.0166672,74.3562317490578,-0.009156927,0.04705057,-0.008151743,0.01679545,0.0460608,0.00987819,0.9987486
0,0.0166669,74.3728986494243,-0.009156927,0.04705057,-0.008151743,0.01679545,0.0460608,0.00987819,0.9987486
0,0.016667,74.3895656485111,-0.009156927,0.04705057,-0.008151743,0.01679545,0.0460608,0.00987819,0.9987486
0,0.0166665,74.4062321484089,-0.009156927,0.04705057,-0.008151743,0.01679545,0.0460608,0.00987819,0.9987486
0,0.0166669,74.4228990487754,-0.009156927,0.04705057,-0.008151743,0.01679545,0.0460608,0.00987819,0.9987486
0,0.0166669,74.439565949142,-0.009156927,0.04705057,-0.008151743,0.01679545,0.0460608,0.00987819,0.9987486
0,0.0166668,74.4562327489257,-0.009156927,0.04705057,-0.008151743,0.01679545,0.0460608,0.00987819,0.9987486
0,0.0166673,74.4729000497609,-0.009156927,0.04705057,-0.008151743,0.01679545,0.0460608,0.00987819,0.9987486
0,0.0166673,74.4895673505962,-0.009156927,0.04705057,-0.008151743,0.01679545,0.0460608,0.00987819,0.9987486
0,0.0166663,74.506233651191,-0.009156927,0.04705057,-0.008151743,0.01679545,0.0460608,0.00987819,0.9987486
0,0.016667,74.5229006502777,-0.009156927,0.04705057,-0.008151743,0.01679545,0.0460608,0.00987819,0.9987486
0,0.016667,74.5395676493645,-0.009156927,0.04705057,-0.008151743,0.01679545,0.0460608,0.00987819,0.9987486
0,0.0166666,74.5562342498451,-0.009156927,0.04705057,-0.008151743,0.01679545,0.0460608,0.00987819,0.9987486
0,0.0166671,74.5729013495147,-0.009156927,0.04705057,-0.008151743,0.01679545,0.0460608,0.00987819,0.9987486
0,0.0166668,74.5895681492984,-0.009156927,0.04705057,-0.008151743,0.01679545,0.0460608,0.00987819,0.9987486
0,0.0166671,74.606235248968,-0.009156927,0.04705057,-0.008151743,0.01679545,0.0460608,0.00987819,0.9987486
0,0.0166667,74.6229019481689,-0.009156927,0.04705057,-0.008151743,0.01679545,0.0460608,0.00987819,0.9987486
0,0.0166674,74.6395693477243,-0.009156927,0.04705057,-0.008151743,0.01679545,0.0460608,0.00987819,0.9987486
0,0.0166669,74.6562362480909,-0.009156927,0.04705057,-0.008151743,0.01679545,0.0460608,0.00987819,0.9987486
0,0.0166671,74.6729033477604,-0.009156927,0.04705057,-0.008151743,0.01679545,0.0460608,0.00987819,0.9987486
0,0.0166665,74.6895698476583,-0.009156927,0.04705057,-0.008151743,0.01679545,0.0460608,0.00987819,0.9987486
0,0.0166682,74.7062380481511,-0.009156927,0.04705057,-0.008151743,0.01679545,0.0460608,0.00987819,0.9987486
0,0.0166659,74.7229039482772,-0.009156927,0.04705057,-0.008151743,0.01679545,0.0460608,0.00987819,0.9987486
0,0.0166669,74.7395708486438,-0.009156927,0.04705057,-0.008151743,0.01679545,0.0460608,0.00987819,0.9987486
0,0.0166667,74.7562375478446,-0.009156927,0.04705057,-0.008151743,0.01679545,0.0460608,0.00987819,0.9987486
0,0.0166669,74.7729044482112,-0.009156927,0.04705057,-0.008151743,0.01679545,0.0460608,0.00987819,0.9987486
0,0.0166669,74.7895713485777,-0.009156927,0.04705057,-0.008151743,0.01679545,0.0460608,0.00987819,0.9987486
0,0.0166671,74.8062384482473,-0.009156927,0.04705057,-0.008151743,0.01679545,0.0460608,0.00987819,0.9987486
0,0.016667,74.8229054473341,-0.009156927,0.04705057,-0.008151743,0.01679545,0.0460608,0.00987819,0.9987486
0,0.0166669,74.8395723477006,-0.009156927,0.04705057,-0.008151743,0.01679545,0.0460608,0.00987819,0.9987486
0,0.0166666,74.8562389481813,-0.009156927,0.04705057,-0.008151743,0.01679545,0.0460608,0.00987819,0.9987486
0,0.0166672,74.8729061484337,-0.009156927,0.04705057,-0.008151743,0.01679545,0.0460608,0.00987819,0.9987486
0,0.0166667,74.8895728476346,-0.009156927,0.04705057,-0.008151743,0.01679545,0.0460608,0.00987819,0.9987486
0,0.0166667,74.9062395468354,-0.009156927,0.04705057,-0.008151743,0.01679545,0.0460608,0.00987819,0.9987486
0,0.0166671,74.922906646505,-0.009156927,0.04705057,-0.008151743,0.01679545,0.0460608,0.00987819,0.9987486
0,0.0166669,74.9395735468715,-0.009156927,0.04705057,-0.008151743,0.01679545,0.0460608,0.00987819,0.9987486
0,0.0166671,74.9562406465411,-0.009156927,0.04705057,-0.008151743,0.01679545,0.0460608,0.00987819,0.9987486
0,0.0166669,74.9729075469077,-0.009156927,0.04705057,-0.008151743,0.01679545,0.0460608,0.00987819,0.9987486
0,0.0166669,74.9895744472742,-0.009156927,0.04705057,-0.008151743,0.01679545,0.0460608,0.00987819,0.9987486
0,0.0166672,75.0062416475266,-0.009156927,0.04705057,-0.008151743,0.01679545,0.0460608,0.00987819,0.9987486
0,0.0166668,75.0229084473103,-0.009156927,0.04705057,-0.008151743,0.01679545,0.0460608,0.00987819,0.9987486
0,0.0166669,75.0395753476769,-0.009156927,0.04705057,-0.008151743,0.01679545,0.0460608,0.00987819,0.9987486
0,0.0166672,75.0562425479293,-0.009156927,0.04705057,-0.008151743,0.01679545,0.0460608,0.00987819,0.9987486
0,0.0166668,75.072909347713,-0.009156927,0.04705057,-0.008151743,0.01679545,0.0460608,0.00987819,0.9987486
0,0.0166666,75.0895759481937,-0.009156927,0.04705057,-0.008151743,0.01679545,0.0460608,0.00987819,0.9987486
0,0.0167274,75.1063033472747,-0.009156927,0.04705057,-0.008151743,0.01679545,0.0460608,0.00987819,0.9987486
0,0.016667,75.1229703463614,-0.009156927,0.04705057,-0.008151743,0.01679545,0.0460608,0.00987819,0.9987486
0,0.0166672,75.1396375466138,-0.009156927,0.04705057,-0.008151743,0.01679545,0.0460608,0.00987819,0.9987486
0,0.0166669,75.1563044469804,-0.009156927,0.04705057,-0.008151743,0.01679545,0.0460608,0.00987819,0.9987486
0,0.0166676,75.1729720477015,-0.009156927,0.04705057,-0.008151743,0.01679545,0.0460608,0.00987819,0.9987486
0,0.0166664,75.1896384470165,-0.009156927,0.04705057,-0.008151743,0.01679545,0.0460608,0.00987819,0.9987486
0,0.016667,75.2063054461032,-0.009156927,0.04705057,-0.008151743,0.01679545,0.0460608,0.00987819,0.9987486
0,0.0166665,75.2229719460011,-0.009156927,0.04705057,-0.008151743,0.01679545,0.0460608,0.00987819,0.9987486
0,0.0166671,75.2396390456706,-0.009156927,0.04705057,-0.008151743,0.01679545,0.0460608,0.00987819,0.9987486
0,0.0166667,75.2563057448715,-0.009156927,0.04705057,-0.008151743,0.01679545,0.0460608,0.00987819,0.9987486
0,0.0166671,75.2729728445411,-0.009156927,0.04705057,-0.008151743,0.01679545,0.0460608,0.00987819,0.9987486
0,0.016667,75.2896398436278,-0.009156927,0.04705057,-0.008151743,0.01679545,0.0460608,0.00987819,0.9987486
0,0.0166671,75.3063069432974,-0.009156927,0.04705057,-0.008151743,0.01679545,0.0460608,0.00987819,0.9987486
0,0.0166671,75.322974042967,-0.009156927,0.04705057,-0.008151743,0.01679545,0.0460608,0.00987819,0.9987486
0,0.0166674,75.3396414425224,-0.009156927,0.04705057,-0.008151743,0.01679545,0.0460608,0.00987819,0.9987486
0,0.016667,75.3563084416091,-0.009156927,0.04705057,-0.008151743,0.01679545,0.0460608,0.00987819,0.9987486
0,0.0166666,75.3729750420898,-0.009156927,0.04705057,-0.008151743,0.01679545,0.0460608,0.00987819,0.9987486
0,0.0166668,75.3896418418735,-0.009156927,0.04705057,-0.008151743,0.01679545,0.0460608,0.00987819,0.9987486
0,0.0166669,75.4063087422401,-0.009156927,0.04705057,-0.008151743,0.01679545,0.0460608,0.00987819,0.9987486
0,0.0166668,75.4229755420238,-0.009156927,0.04705057,-0.008151743,0.01679545,0.0460608,0.00987819,0.9987486
0,0.016667,75.4396425411105,-0.009156927,0.04705057,-0.008151743,0.01679545,0.0460608,0.00987819,0.9987486
0,0.0166671,75.4563096407801,-0.009156927,0.04705057,-0.008151743,0.01679545,0.0460608,0.00987819,0.9987486
0,0.0166677,75.4729773402214,-0.009156927,0.04705057,-0.008151743,0.01679545,0.0460608,0.00987819,0.9987486
0,0.016666,75.4896433409303,-0.009156927,0.04705057,-0.008151743,0.01679545,0.0460608,0.00987819,0.9987486
0,0.0166671,75.5063104405999,-0.009156927,0.04705057,-0.008151743,0.01679545,0.0460608,0.00987819,0.9987486
0,0.0166672,75.5229776408523,-0.009156927,0.04705057,-0.008151743,0.01679545,0.0460608,0.00987819,0.9987486
0,0.0166665,75.5396441407502,-0.009156927,0.04705057,-0.008151743,0.01679545,0.0460608,0.00987819,0.9987486
0,0.0166679,75.5563120413572,-0.009156927,0.04705057,-0.008151743,0.01679545,0.0460608,0.00987819,0.9987486
0,0.0166665,75.572978541255,-0.009156927,0.04705057,-0.008151743,0.01679545,0.0460608,0.00987819,0.9987486
0,0.0166664,75.58964494057,-0.009156927,0.04705057,-0.008151743,0.01679545,0.0460608,0.00987819,0.9987486
0,0.016667,75.6063119396567,-0.009156927,0.04705057,-0.008151743,0.01679545,0.0460608,0.00987819,0.9987486
0,0.0166668,75.6229787394404,-0.009156927,0.04705057,-0.008151743,0.01679545,0.0460608,0.00987819,0.9987486
0,0.0166669,75.639645639807,-0.009156927,0.04705057,-0.008151743,0.01679545,0.0460608,0.00987819,0.9987486
0,0.0166669,75.6563125401735,-0.009156927,0.04705057,-0.008151743,0.01679545,0.0460608,0.00987819,0.9987486
0,0.0166681,75.6729806400836,-0.009156927,0.04705057,-0.008151743,0.01679545,0.0460608,0.00987819,0.9987486
0,0.0166661,75.6896467395127,-0.009156927,0.04705057,-0.008151743,0.01679545,0.0460608,0.00987819,0.9987486
0,0.0166668,75.7063135392964,-0.009156927,0.04705057,-0.008151743,0.01679545,0.0460608,0.00987819,0.9987486
0,0.0166672,75.7229807395488,-0.009156927,0.04705057,-0.008151743,0.01679545,0.0460608,0.00987819,0.9987486
0,0.0166669,75.7396476399153,-0.009156927,0.04705057,-0.008151743,0.01679545,0.0460608,0.00987819,0.9987486
0,0.0166668,75.7563144396991,-0.009156927,0.04705057,-0.008151743,0.01679545,0.0460608,0.00987819,0.9987486
0,0.0166672,75.7729816399515,-0.009156927,0.04705057,-0.008151743,0.01679545,0.0460608,0.00987819,0.9987486
0,0.0166667,75.7896483391523,-0.009156927,0.04705057,-0.008151743,0.01679545,0.0460608,0.00987819,0.9987486
0,0.0166668,75.806315138936,-0.009156927,0.04705057,-0.008151743,0.01679545,0.0460608,0.00987819,0.9987486
0,0.0166671,75.8229822386056,-0.009156927,0.04705057,-0.008151743,0.01679545,0.0460608,0.00987819,0.9987486
0,0.0166675,75.8396497387439,-0.009156927,0.04705057,-0.008151743,0.01679545,0.0460608,0.00987819,0.9987486
0,0.0166666,75.8563163392246,-0.009156927,0.04705057,-0.008151743,0.01679545,0.0460608,0.00987819,0.9987486
0,0.0166671,75.8729834388942,-0.009156927,0.04705057,-0.008151743,0.01679545,0.0460608,0.00987819,0.9987486
0,0.0166671,75.8896505385637,-0.009156927,0.04705057,-0.008151743,0.01679545,0.0460608,0.00987819,0.9987486
0,0.0166668,75.9063173383474,-0.009156927,0.04705057,-0.008151743,0.01679545,0.0460608,0.00987819,0.9987486
0,0.0166665,75.9229838382453,-0.009156927,0.04705057,-0.008151743,0.01679545,0.0460608,0.00987819,0.9987486
0,0.0166673,75.9396511390805,-0.009156927,0.04705057,-0.008151743,0.01679545,0.0460608,0.00987819,0.9987486
0,0.0166665,75.9563176389784,-0.009156927,0.04705057,-0.008151743,0.01679545,0.0460608,0.00987819,0.9987486
0,0.0166671,75.9729847386479,-0.009156927,0.04705057,-0.008151743,0.01679545,0.0460608,0.00987819,0.9987486
0,0.0166676,75.9896523393691,-0.009156927,0.04705057,-0.008151743,0.01679545,0.0460608,0.00987819,0.9987486
0,0.0166662,76.006318539381,-0.009156927,0.04705057,-0.008151743,0.01679545,0.0460608,0.00987819,0.9987486
0,0.0166669,76.0229854397476,-0.009156927,0.04705057,-0.008151743,0.01679545,0.0460608,0.00987819,0.9987486
0,0.0166672,76.03965264,-0.009156927,0.04705057,-0.008151743,0.01679545,0.0460608,0.00987819,0.9987486
0,0.016667,76.0563196390867,-0.009156927,0.04705057,-0.008151743,0.01679545,0.0460608,0.00987819,0.9987486
0,0.0166675,76.072987139225,-0.009156927,0.04705057,-0.008151743,0.01679545,0.0460608,0.00987819,0.9987486
0,0.0166664,76.08965353854,-0.009156927,0.04705057,-0.008151743,0.01679545,0.0460608,0.00987819,0.9987486
0,0.0166671,76.1063206382096,-0.009156927,0.04705057,-0.008151743,0.01679545,0.0460608,0.00987819,0.9987486
0,0.0166665,76.1229871381074,-0.009156927,0.04705057,-0.008151743,0.01679545,0.0460608,0.00987819,0.9987486
0,0.0166668,76.1396539378911,-0.009156927,0.04705057,-0.008151743,0.01679545,0.0460608,0.00987819,0.9987486
0,0.0166667,76.156320637092,-0.009156927,0.04705057,-0.008151743,0.01679545,0.0460608,0.00987819,0.9987486
0,0.0166671,76.1729877367616,-0.009156927,0.04705057,-0.008151743,0.01679545,0.0460608,0.00987819,0.9987486
0,0.016667,76.1896547358483,-0.009156927,0.04705057,-0.008151743,0.01679545,0.0460608,0.00987819,0.9987486
0,0.0166694,76.2063241358846,-0.009156927,0.04705057,-0.008151743,0.01679545,0.0460608,0.00987819,0.9987486
0,0.0166653,76.222989436239,-0.009156927,0.04705057,-0.008151743,0.01679545,0.0460608,0.00987819,0.9987486
0,0.0166685,76.2396579366177,-0.009156927,0.04705057,-0.008151743,0.01679545,0.0460608,0.00987819,0.9987486
0,0.0166656,76.256323536858,-0.009156927,0.04705057,-0.008151743,0.01679545,0.0460608,0.00987819,0.9987486
0,0.0166668,76.2729903366417,-0.009156927,0.04705057,-0.008151743,0.01679545,0.0460608,0.00987819,0.9987486
0,0.0166672,76.2896575368941,-0.009156927,0.04705057,-0.008151743,0.01679545,0.0460608,0.00987819,0.9987486
0,0.0176091,76.3072666376829,-0.009156927,0.04705057,-0.008151743,0.01679545,0.0460608,0.00987819,0.9987486
0,0.0166667,76.3239333368838,-0.009156927,0.04705057,-0.008151743,0.01679545,0.0460608,0.00987819,0.9987486
0,0.0166667,76.3406000360847,-0.009156927,0.04705057,-0.008151743,0.01679545,0.0460608,0.00987819,0.9987486
0,0.0166669,76.3572669364512,-0.009156927,0.04705057,-0.008151743,0.01679545,0.0460608,0.00987819,0.9987486
0,0.0166675,76.3739344365895,-0.009156927,0.04705057,-0.008151743,0.01679545,0.0460608,0.00987819,0.9987486
0,0.0166666,76.3906010370702,-0.009156927,0.04705057,-0.008151743,0.01679545,0.0460608,0.00987819,0.9987486
0,0.0166675,76.4072685372084,-0.009156927,0.04705057,-0.008151743,0.01679545,0.0460608,0.00987819,0.9987486
0,0.0166665,76.4239350371063,-0.009156927,0.04705057,-0.008151743,0.01679545,0.0460608,0.00987819,0.9987486
0,0.0166671,76.4406021367759,-0.009156927,0.04705057,-0.008151743,0.01679545,0.0460608,0.00987819,0.9987486
0,0.0166662,76.4572683367878,-0.009156927,0.04705057,-0.008151743,0.01679545,0.0460608,0.00987819,0.9987486
0,0.0166669,76.4739352371544,-0.009156927,0.04705057,-0.008151743,0.01679545,0.0460608,0.00987819,0.9987486
0,0.0172288,76.4911640379578,-0.009156927,0.04705057,-0.008151743,0.01679545,0.0460608,0.00987819,0.9987486
0,0.0166668,76.5078308377415,-0.009156927,0.04705057,-0.008151743,0.01679545,0.0460608,0.00987819,0.9987486
0,0.016667,76.5244978368282,-0.009156927,0.04705057,-0.008151743,0.01679545,0.0460608,0.00987819,0.9987486
0,0.0166672,76.5411650370806,-0.009156927,0.04705057,-0.008151743,0.01679545,0.0460608,0.00987819,0.9987486
0,0.0166674,76.5578324366361,-0.009156927,0.04705057,-0.008151743,0.01679545,0.0460608,0.00987819,0.9987486
0,0.0166667,76.574499135837,-0.009156927,0.04705057,-0.008151743,0.01679545,0.0460608,0.00987819,0.9987486
0,0.0166666,76.5911657363176,-0.009156927,0.04705057,-0.008151743,0.01679545,0.0460608,0.00987819,0.9987486
0,0.0166675,76.6078332364559,-0.009156927,0.04705057,-0.008151743,0.01679545,0.0460608,0.00987819,0.9987486
0,0.0166667,76.6244999356568,-0.009156927,0.04705057,-0.008151743,0.01679545,0.0460608,0.00987819,0.9987486
0,0.0166666,76.6411665361375,-0.009156927,0.04705057,-0.008151743,0.01679545,0.0460608,0.00987819,0.9987486
0,0.0166672,76.6578337363899,-0.009156927,0.04705057,-0.008151743,0.01679545,0.0460608,0.00987819,0.9987486
0,0.0166666,76.6745003368706,-0.009156927,0.04705057,-0.008151743,0.01679545,0.0460608,0.00987819,0.9987486
0,0.0166669,76.6911672372371,-0.009156927,0.04705057,-0.008151743,0.01679545,0.0460608,0.00987819,0.9987486
0,0.0166668,76.7078340370208,-0.009156927,0.04705057,-0.008151743,0.01679545,0.0460608,0.00987819,0.9987486
0,0.0166672,76.7245012372732,-0.009156927,0.04705057,-0.008151743,0.01679545,0.0460608,0.00987819,0.9987486
0,0.016667,76.74116823636,-0.009156927,0.04705057,-0.008151743,0.01679545,0.0460608,0.00987819,0.9987486
0,0.016667,76.7578352354467,-0.009156927,0.04705057,-0.008151743,0.01679545,0.0460608,0.00987819,0.9987486
0,0.016667,76.7745022345334,-0.009156927,0.04705057,-0.008151743,0.01679545,0.0460608,0.00987819,0.9987486
0,0.0166666,76.7911688350141,-0.009156927,0.04705057,-0.008151743,0.01679545,0.0460608,0.00987819,0.9987486
0,0.0166666,76.8078354354948,-0.009156927,0.04705057,-0.008151743,0.01679545,0.0460608,0.00987819,0.9987486
0,0.0166669,76.8245023358613,-0.009156927,0.04705057,-0.008151743,0.01679545,0.0460608,0.00987819,0.9987486
0,0.016667,76.8411693349481,-0.009156927,0.04705057,-0.008151743,0.01679545,0.0460608,0.00987819,0.9987486
0,0.016667,76.8578363340348,-0.009156927,0.04705057,-0.008151743,0.01679545,0.0460608,0.00987819,0.9987486
0,0.0166673,76.8745036348701,-0.009156927,0.04705057,-0.008151743,0.01679545,0.0460608,0.00987819,0.9987486
0,0.0166667,76.8911703340709,-0.009156927,0.04705057,-0.008151743,0.01679545,0.0460608,0.00987819,0.9987486
0,0.0166672,76.9078375343233,-0.009156927,0.04705057,-0.008151743,0.01679545,0.0460608,0.00987819,0.9987486
0,0.0166673,76.9245048351586,-0.009156927,0.04705057,-0.008151743,0.01679545,0.0460608,0.00987819,0.9987486
0,0.0166667,76.9411715343595,-0.009156927,0.04705057,-0.008151743,0.01679545,0.0460608,0.00987819,0.9987486
0,0.016667,76.9578385334462,-0.009156927,0.04705057,-0.008151743,0.01679545,0.0460608,0.00987819,0.9987486
0,0.0166666,76.9745051339269,-0.009156927,0.04705057,-0.008151743,0.01679545,0.0460608,0.00987819,0.9987486
0,0.0166667,76.9911718331277,-0.009156927,0.04705057,-0.008151743,0.01679545,0.0460608,0.00987819,0.9987486
0,0.0166686,77.0078404322267,-0.009156927,0.04705057,-0.008151743,0.01679545,0.0460608,0.00987819,0.9987486
0,0.0166651,77.0245055314153,-0.009156927,0.04705057,-0.008151743,0.01679545,0.0460608,0.00987819,0.9987486
0,0.016667,77.0411725305021,-0.009156927,0.04705057,-0.008151743,0.01679545,0.0460608,0.00987819,0.9987486
0,0.0166673,77.0578398313373,-0.009156927,0.04705057,-0.008151743,0.01679545,0.0460608,0.00987819,0.9987486
0,0.0166676,77.0745074320585,-0.009156927,0.04705057,-0.008151743,0.01679545,0.0460608,0.00987819,0.9987486
0,0.0166666,77.0911740325391,-0.009156927,0.04705057,-0.008151743,0.01679545,0.0460608,0.00987819,0.9987486
0,0.0166668,77.1078408323228,-0.009156927,0.04705057,-0.008151743,0.01679545,0.0460608,0.00987819,0.9987486
0,0.0166669,77.1245077326894,-0.009156927,0.04705057,-0.008151743,0.01679545,0.0460608,0.00987819,0.9987486
0,0.0166671,77.141174832359,-0.009156927,0.04705057,-0.008151743,0.01679545,0.0460608,0.00987819,0.9987486
0,0.0166664,77.157841231674,-0.009156927,0.04705057,-0.008151743,0.01679545,0.0460608,0.00987819,0.9987486
0,0.0166671,77.1745083313435,-0.009156927,0.04705057,-0.008151743,0.01679545,0.0460608,0.00987819,0.9987486
0,0.0166681,77.1911764312536,-0.009156927,0.04705057,-0.008151743,0.01679545,0.0460608,0.00987819,0.9987486
0,0.016666,77.2078424319625,-0.009156927,0.04705057,-0.008151743,0.01679545,0.0460608,0.00987819,0.9987486
0,0.0166669,77.224509332329,-0.009156927,0.04705057,-0.008151743,0.01679545,0.0460608,0.00987819,0.9987486
0,0.0166668,77.2411761321127,-0.009156927,0.04705057,-0.008151743,0.01679545,0.0460608,0.00987819,0.9987486
0,0.0166671,77.2578432317823,-0.009156927,0.04705057,-0.008151743,0.01679545,0.0460608,0.00987819,0.9987486
0,0.016667,77.2745102308691,-0.009156927,0.04705057,-0.008151743,0.01679545,0.0460608,0.00987819,0.9987486
0,0.016667,77.2911772299558,-0.009156927,0.04705057,-0.008151743,0.01679545,0.0460608,0.00987819,0.9987486
0,0.0166669,77.3078441303223,-0.009156927,0.04705057,-0.008151743,0.01679545,0.0460608,0.00987819,0.9987486
0,0.016667,77.3245111294091,-0.009156927,0.04705057,-0.008151743,0.01679545,0.0460608,0.00987819,0.9987486
0,0.0166666,77.3411777298898,-0.009156927,0.04705057,-0.008151743,0.01679545,0.0460608,0.00987819,0.9987486
0,0.0166669,77.3578446302563,-0.009156927,0.04705057,-0.008151743,0.01679545,0.0460608,0.00987819,0.9987486
0,0.0166671,77.3745117299259,-0.009156927,0.04705057,-0.008151743,0.01679545,0.0460608,0.00987819,0.9987486
0,0.019308,77.3938197307289,-0.009156927,0.04705057,-0.008151743,0.01679545,0.0460608,0.00987819,0.9987486
0,0.0166682,77.4104879312217,-0.009156927,0.04705057,-0.008151743,0.01679545,0.0460608,0.00987819,0.9987486
0,0.0166671,77.4271550308913,-0.009156927,0.04705057,-0.008151743,0.01679545,0.0460608,0.00987819,0.9987486
0,0.0166682,77.4438232313842,-0.009156927,0.04705057,-0.008151743,0.01679545,0.0460608,0.00987819,0.9987486
0,0.0166659,77.4604891315103,-0.009156927,0.04705057,-0.008151743,0.01679545,0.0460608,0.00987819,0.9987486
0,0.016667,77.477156130597,-0.009156927,0.04705057,-0.008151743,0.01679545,0.0460608,0.00987819,0.9987486
0,0.0166662,77.493822330609,-0.009156927,0.04705057,-0.008151743,0.01679545,0.0460608,0.00987819,0.9987486
0,0.016667,77.5104893296957,-0.009156927,0.04705057,-0.008151743,0.01679545,0.0460608,0.00987819,0.9987486
0,0.0166668,77.5271561294794,-0.009156927,0.04705057,-0.008151743,0.01679545,0.0460608,0.00987819,0.9987486
0,0.0166672,77.5438233297318,-0.009156927,0.04705057,-0.008151743,0.01679545,0.0460608,0.00987819,0.9987486
0,0.0166665,77.5604898296297,-0.009156927,0.04705057,-0.008151743,0.01679545,0.0460608,0.00987819,0.9987486
0,0.0166674,77.5771572291851,-0.009156927,0.04705057,-0.008151743,0.01679545,0.0460608,0.00987819,0.9987486
0,0.0166664,77.5938236285001,-0.009156927,0.04705057,-0.008151743,0.01679545,0.0460608,0.00987819,0.9987486
0,0.0166668,77.6104904282838,-0.009156927,0.04705057,-0.008151743,0.01679545,0.0460608,0.00987819,0.9987486
0,0.0166673,77.6271577291191,-0.009156927,0.04705057,-0.008151743,0.01679545,0.0460608,0.00987819,0.9987486
0,0.0166672,77.6438249293715,-0.009156927,0.04705057,-0.008151743,0.01679545,0.0460608,0.00987819,0.9987486
0,0.0166664,77.6604913286865,-0.009156927,0.04705057,-0.008151743,0.01679545,0.0460608,0.00987819,0.9987486
0,0.016667,77.6771583277732,-0.009156927,0.04705057,-0.008151743,0.01679545,0.0460608,0.00987819,0.9987486
0,0.016667,77.69382532686,-0.009156927,0.04705057,-0.008151743,0.01679545,0.0460608,0.00987819,0.9987486
0,0.0166678,77.7104931268841,-0.009156927,0.04705057,-0.008151743,0.01679545,0.0460608,0.00987819,0.9987486
0,0.0166658,77.7271589264274,-0.009156927,0.04705057,-0.008151743,0.01679545,0.0460608,0.00987819,0.9987486
0,0.0166677,77.7438266258687,-0.009156927,0.04705057,-0.008151743,0.01679545,0.0460608,0.00987819,0.9987486
0,0.0213479,77.7651745267212,-0.009156927,0.04705057,-0.008151743,0.01679545,0.0460608,0.00987819,0.9987486
0,0.0166679,77.7818424273282,-0.009156927,0.04705057,-0.008151743,0.01679545,0.0460608,0.00987819,0.9987486
0,0.0166671,77.7985095269978,-0.009156927,0.04705057,-0.008151743,0.01679545,0.0460608,0.00987819,0.9987486
0,0.0166671,77.8151766266674,-0.009156927,0.04705057,-0.008151743,0.01679545,0.0460608,0.00987819,0.9987486
0,0.0166673,77.8318439275026,-0.009156927,0.04705057,-0.008151743,0.01679545,0.0460608,0.00987819,0.9987486
0,0.0166672,77.848511127755,-0.009156927,0.04705057,-0.008151743,0.01679545,0.0460608,0.00987819,0.9987486
0,0.0166664,77.86517752707,-0.009156927,0.04705057,-0.008151743,0.01679545,0.0460608,0.00987819,0.9987486
0,0.0166676,77.8818451277912,-0.009156927,0.04705057,-0.008151743,0.01679545,0.0460608,0.00987819,0.9987486
0,0.0166665,77.898511627689,-0.009156927,0.04705057,-0.008151743,0.01679545,0.0460608,0.00987819,0.9987486
0,0.0166691,77.9151807278395,-0.009156927,0.04705057,-0.008151743,0.01679545,0.0460608,0.00987819,0.9987486
0,0.0166649,77.9318456277251,-0.009156927,0.04705057,-0.008151743,0.01679545,0.0460608,0.00987819,0.9987486
0,0.0166678,77.9485134277493,-0.009156927,0.04705057,-0.008151743,0.01679545,0.0460608,0.00987819,0.9987486
0,0.0166664,77.9651798270643,-0.009156927,0.04705057,-0.008151743,0.01679545,0.0460608,0.00987819,0.9987486
0,0.0166669,77.9818467274308,-0.009156927,0.04705057,-0.008151743,0.01679545,0.0460608,0.00987819,0.9987486
0,0.0169667,77.9988134279847,-0.009156927,0.04705057,-0.008151743,0.01679545,0.0460608,0.00987819,0.9987486
0,0.0166675,78.015480928123,-0.009156927,0.04705057,-0.008151743,0.01679545,0.0460608,0.00987819,0.9987486
0,0.0166667,78.0321476273239,-0.009156927,0.04705057,-0.008151743,0.01679545,0.0460608,0.00987819,0.9987486
0,0.0166665,78.0488141272217,-0.009156927,0.04705057,-0.008151743,0.01679545,0.0460608,0.00987819,0.9987486
0,0.0166668,78.0654809270054,-0.009156927,0.04705057,-0.008151743,0.01679545,0.0460608,0.00987819,0.9987486
0,0.0166671,78.082148026675,-0.009156927,0.04705057,-0.008151743,0.01679545,0.0460608,0.00987819,0.9987486
0,0.0166673,78.0988153275102,-0.009156927,0.04705057,-0.008151743,0.01679545,0.0460608,0.00987819,0.9987486
0,0.0166669,78.1154822278768,-0.009156927,0.04705057,-0.008151743,0.01679545,0.0460608,0.00987819,0.9987486
0,0.0166674,78.1321496274322,-0.009156927,0.04705057,-0.008151743,0.01679545,0.0460608,0.00987819,0.9987486
0,0.0166664,78.1488160267472,-0.009156927,0.04705057,-0.008151743,0.01679545,0.0460608,0.00987819,0.9987486
0,0.0166668,78.1654828265309,-0.009156927,0.04705057,-0.008151743,0.01679545,0.0460608,0.00987819,0.9987486
0,0.0166667,78.1821495257318,-0.009156927,0.04705057,-0.008151743,0.01679545,0.0460608,0.00987819,0.9987486
0,0.0166668,78.1988163255155,-0.009156927,0.04705057,-0.008151743,0.01679545,0.0460608,0.00987819,0.9987486
0,0.0166708,78.215487126261,-0.009156927,0.04705057,-0.008151743,0.01679545,0.0460608,0.00987819,0.9987486
0,0.0166632,78.2321503255516,-0.009156927,0.04705057,-0.008151743,0.01679545,0.0460608,0.00987819,0.9987486
0,0.0166671,78.2488174252212,-0.009156927,0.04705057,-0.008151743,0.01679545,0.0460608,0.00987819,0.9987486
0,0.016667,78.2654844243079,-0.009156927,0.04705057,-0.008151743,0.01679545,0.0460608,0.00987819,0.9987486
0,0.0166678,78.2821522243321,-0.009156927,0.04705057,-0.008151743,0.01679545,0.0460608,0.00987819,0.9987486
0,0.0166662,78.2988184243441,-0.009156927,0.04705057,-0.008151743,0.01679545,0.0460608,0.00987819,0.9987486
0,0.0166673,78.3154857251793,-0.009156927,0.04705057,-0.008151743,0.01679545,0.0460608,0.00987819,0.9987486
0,0.0166667,78.3321524243802,-0.009156927,0.04705057,-0.008151743,0.01679545,0.0460608,0.00987819,0.9987486
0,0.0166768,78.3488292247057,-0.009156927,0.04705057,-0.008151743,0.01679545,0.0460608,0.00987819,0.9987486
0,0.0166668,78.3654960244894,-0.009156927,0.04705057,-0.008151743,0.01679545,0.0460608,0.00987819,0.9987486
0,0.0166658,78.3821618240327,-0.009156927,0.04705057,-0.008151743,0.01679545,0.0460608,0.00987819,0.9987486
0,0.0166669,78.3988287243992,-0.009156927,0.04705057,-0.008151743,0.01679545,0.0460608,0.00987819,0.9987486
0,0.0166677,78.4154964238405,-0.009156927,0.04705057,-0.008151743,0.01679545,0.0460608,0.00987819,0.9987486
0,0.0166662,78.4321626238525,-0.009156927,0.04705057,-0.008151743,0.01679545,0.0460608,0.00987819,0.9987486
0,0.016668,78.4488306231797,-0.009156927,0.04705057,-0.008151743,0.01679545,0.0460608,0.00987819,0.9987486
0,0.0166667,78.4654973223805,-0.009156927,0.04705057,-0.008151743,0.01679545,0.0460608,0.00987819,0.9987486
0,0.0166666,78.4821639228612,-0.009156927,0.04705057,-0.008151743,0.01679545,0.0460608,0.00987819,0.9987486
0,0.0166669,78.4988308232278,-0.009156927,0.04705057,-0.008151743,0.01679545,0.0460608,0.00987819,0.9987486
0,0.0166666,78.5154974237084,-0.009156927,0.04705057,-0.008151743,0.01679545,0.0460608,0.00987819,0.9987486
0,0.0166674,78.5321648232639,-0.009156927,0.04705057,-0.008151743,0.01679545,0.0460608,0.00987819,0.9987486
0,0.0166668,78.5488316230476,-0.009156927,0.04705057,-0.008151743,0.01679545,0.0460608,0.00987819,0.9987486
0,0.0166672,78.5654988233,-0.009156927,0.04705057,-0.008151743,0.01679545,0.0460608,0.00987819,0.9987486
0,0.0166661,78.5821649227291,-0.009156927,0.04705057,-0.008151743,0.01679545,0.0460608,0.00987819,0.9987486
0,0.016667,78.5988319218159,-0.009156927,0.04705057,-0.008151743,0.01679545,0.0460608,0.00987819,0.9987486
0,0.016667,78.6154989209026,-0.009156927,0.04705057,-0.008151743,0.01679545,0.0460608,0.00987819,0.9987486
0,0.0166669,78.6321658212692,-0.009156927,0.04705057,-0.008151743,0.01679545,0.0460608,0.00987819,0.9987486
0,0.0166672,78.6488330215216,-0.009156927,0.04705057,-0.008151743,0.01679545,0.0460608,0.00987819,0.9987486
0,0.016667,78.6655000206083,-0.009156927,0.04705057,-0.008151743,0.01679545,0.0460608,0.00987819,0.9987486
0,0.0166684,78.6821684204042,-0.009156927,0.04705057,-0.008151743,0.01679545,0.0460608,0.00987819,0.9987486
0,0.0166655,78.6988339200616,-0.009156927,0.04705057,-0.008151743,0.01679545,0.0460608,0.00987819,0.9987486
0,0.016667,78.7155009191483,-0.009156927,0.04705057,-0.008151743,0.01679545,0.0460608,0.00987819,0.9987486
0,0.0166665,78.7321674190462,-0.009156927,0.04705057,-0.008151743,0.01679545,0.0460608,0.00987819,0.9987486
0,0.016667,78.7488344181329,-0.009156927,0.04705057,-0.008151743,0.01679545,0.0460608,0.00987819,0.9987486
0,0.016667,78.7655014172196,-0.009156927,0.04705057,-0.008151743,0.01679545,0.0460608,0.00987819,0.9987486
0,0.0166678,78.7821692172438,-0.009156927,0.04705057,-0.008151743,0.01679545,0.0460608,0.00987819,0.9987486
0,0.016666,78.7988352179527,-0.009156927,0.04705057,-0.008151743,0.01679545,0.0460608,0.00987819,0.9987486
0,0.0166671,78.8155023176223,-0.009156927,0.04705057,-0.008151743,0.01679545,0.0460608,0.00987819,0.9987486
0,0.0166675,78.8321698177606,-0.009156927,0.04705057,-0.008151743,0.01679545,0.0460608,0.00987819,0.9987486
0,0.0166669,78.8488367181271,-0.009156927,0.04705057,-0.008151743,0.01679545,0.0460608,0.00987819,0.9987486
0,0.0166669,78.8655036184937,-0.009156927,0.04705057,-0.008151743,0.01679545,0.0460608,0.00987819,0.9987486
0,0.0166669,78.8821705188602,-0.009156927,0.04705057,-0.008151743,0.01679545,0.0460608,0.00987819,0.9987486
0,0.016667,78.898837517947,-0.009156927,0.04705057,-0.008151743,0.01679545,0.0460608,0.00987819,0.9987486
0,0.0166669,78.9155044183135,-0.009156927,0.04705057,-0.008151743,0.01679545,0.0460608,0.00987819,0.9987486
0,0.0166664,78.9321708176285,-0.009156927,0.04705057,-0.008151743,0.01679545,0.0460608,0.00987819,0.9987486
0,0.0166668,78.9488376174122,-0.009156927,0.04705057,-0.008151743,0.01679545,0.0460608,0.00987819,0.9987486
0,0.0166671,78.9655047170818,-0.009156927,0.04705057,-0.008151743,0.01679545,0.0460608,0.00987819,0.9987486
0,0.0166669,78.9821716174483,-0.009156927,0.04705057,-0.008151743,0.01679545,0.0460608,0.00987819,0.9987486
0,0.0166675,78.9988391175866,-0.009156927,0.04705057,-0.008151743,0.01679545,0.0460608,0.00987819,0.9987486
0,0.0166672,79.015506317839,-0.009156927,0.04705057,-0.008151743,0.01679545,0.0460608,0.00987819,0.9987486
0,0.0166669,79.0321732182056,-0.009156927,0.04705057,-0.008151743,0.01679545,0.0460608,0.00987819,0.9987486
0,0.0166665,79.0488397181034,-0.009156927,0.04705057,-0.008151743,0.01679545,0.0460608,0.00987819,0.9987486
0,0.016667,79.0655067171901,-0.009156927,0.04705057,-0.008151743,0.01679545,0.0460608,0.00987819,0.9987486
0,0.0166671,79.0821738168597,-0.009156927,0.04705057,-0.008151743,0.01679545,0.0460608,0.00987819,0.9987486
0,0.0166666,79.0988404173404,-0.009156927,0.04705057,-0.008151743,0.01679545,0.0460608,0.00987819,0.9987486
0,0.0169777,79.1158181168139,-0.009156927,0.04705057,-0.008151743,0.01679545,0.0460608,0.00987819,0.9987486
0,0.016668,79.1324861161411,-0.009156927,0.04705057,-0.008151743,0.01679545,0.0460608,0.00987819,0.9987486
0,0.0166666,79.1491527166218,-0.009156927,0.04705057,-0.008151743,0.01679545,0.0460608,0.00987819,0.9987486
0,0.016667,79.1658197157085,-0.009156927,0.04705057,-0.008151743,0.01679545,0.0460608,0.00987819,0.9987486
0,0.0166858,79.1825055163354,-0.009156927,0.04705057,-0.008151743,0.01679545,0.0460608,0.00987819,0.9987486
0,0.0166491,79.1991546172649,-0.009156927,0.04705057,-0.008151743,0.01679545,0.0460608,0.00987819,0.9987486
0,0.0166669,79.2158215176314,-0.009156927,0.04705057,-0.008151743,0.01679545,0.0460608,0.00987819,0.9987486
0,0.0166664,79.2324879169464,-0.009156927,0.04705057,-0.008151743,0.01679545,0.0460608,0.00987819,0.9987486
0,0.0166673,79.2491552177817,-0.009156927,0.04705057,-0.008151743,0.01679545,0.0460608,0.00987819,0.9987486
0,0.0166668,79.2658220175654,-0.009156927,0.04705057,-0.008151743,0.01679545,0.0460608,0.00987819,0.9987486
0,0.0166672,79.2824892178178,-0.009156927,0.04705057,-0.008151743,0.01679545,0.0460608,0.00987819,0.9987486
0,0.0166663,79.2991555184126,-0.009156927,0.04705057,-0.008151743,0.01679545,0.0460608,0.00987819,0.9987486
0,0.0166675,79.3158230185509,-0.009156927,0.04705057,-0.008151743,0.01679545,0.0460608,0.00987819,0.9987486
0,0.0166663,79.3324893191457,-0.009156927,0.04705057,-0.008151743,0.01679545,0.0460608,0.00987819,0.9987486
0,0.0166673,79.3491566199809,-0.009156927,0.04705057,-0.008151743,0.01679545,0.0460608,0.00987819,0.9987486
0,0.0166667,79.3658233191818,-0.009156927,0.04705057,-0.008151743,0.01679545,0.0460608,0.00987819,0.9987486
0,0.0166675,79.3824908193201,-0.009156927,0.04705057,-0.008151743,0.01679545,0.0460608,0.00987819,0.9987486
0,0.0166713,79.3991621192545,-0.009156927,0.04705057,-0.008151743,0.01679545,0.0460608,0.00987819,0.9987486
0,0.0166678,79.4158299192786,-0.009156927,0.04705057,-0.008151743,0.01679545,0.0460608,0.00987819,0.9987486
0,0.0166669,79.4324968196452,-0.009156927,0.04705057,-0.008151743,0.01679545,0.0460608,0.00987819,0.9987486
0,0.0166659,79.4491627197713,-0.009156927,0.04705057,-0.008151743,0.01679545,0.0460608,0.00987819,0.9987486
0,0.0166694,79.4658321198076,-0.009156927,0.04705057,-0.008151743,0.01679545,0.0460608,0.00987819,0.9987486
0,0.0166649,79.4824970196933,-0.009156927,0.04705057,-0.008151743,0.01679545,0.0460608,0.00987819,0.9987486
0,0.0166672,79.4991642199457,-0.009156927,0.04705057,-0.008151743,0.01679545,0.0460608,0.00987819,0.9987486
0,0.0166676,79.5158318206668,-0.009156927,0.04705057,-0.008151743,0.01679545,0.0460608,0.00987819,0.9987486
0,0.0166672,79.5324990209192,-0.009156927,0.04705057,-0.008151743,0.01679545,0.0460608,0.00987819,0.9987486
0,0.0166646,79.549163620919,-0.009156927,0.04705057,-0.008151743,0.01679545,0.0460608,0.00987819,0.9987486
0,0.0166683,79.565831920132,-0.009156927,0.04705057,-0.008151743,0.01679545,0.0460608,0.00987819,0.9987486
0,0.0166657,79.5824976209551,-0.009156927,0.04705057,-0.008151743,0.01679545,0.0460608,0.00987819,0.9987486
0,0.0166681,79.5991657208651,-0.009156927,0.04705057,-0.008151743,0.01679545,0.0460608,0.00987819,0.9987486
0,0.0166667,79.615832420066,-0.009156927,0.04705057,-0.008151743,0.01679545,0.0460608,0.00987819,0.9987486
0,0.016667,79.6324994191527,-0.009156927,0.04705057,-0.008151743,0.01679545,0.0460608,0.00987819,0.9987486
0,0.0166671,79.6491665188223,-0.009156927,0.04705057,-0.008151743,0.01679545,0.0460608,0.00987819,0.9987486
0,0.016667,79.6658335179091,-0.009156927,0.04705057,-0.008151743,0.01679545,0.0460608,0.00987819,0.9987486
0,0.016667,79.6825005169958,-0.009156927,0.04705057,-0.008151743,0.01679545,0.0460608,0.00987819,0.9987486
0,0.0166665,79.6991670168936,-0.009156927,0.04705057,-0.008151743,0.01679545,0.0460608,0.00987819,0.9987486
0,0.0166672,79.715834217146,-0.009156927,0.04705057,-0.008151743,0.01679545,0.0460608,0.00987819,0.9987486
0,0.0166668,79.7325010169297,-0.009156927,0.04705057,-0.008151743,0.01679545,0.0460608,0.00987819,0.9987486
0,0.0166674,79.7491684164852,-0.009156927,0.04705057,-0.008151743,0.01679545,0.0460608,0.00987819,0.9987486
0,0.0166664,79.7658348158002,-0.009156927,0.04705057,-0.008151743,0.01679545,0.0460608,0.00987819,0.9987486
0,0.016667,79.7825018148869,-0.009156927,0.04705057,-0.008151743,0.01679545,0.0460608,0.00987819,0.9987486
0,0.016667,79.7991688139737,-0.009156927,0.04705057,-0.008151743,0.01679545,0.0460608,0.00987819,0.9987486
0,0.0166668,79.8158356137574,-0.009156927,0.04705057,-0.008151743,0.01679545,0.0460608,0.00987819,0.9987486
0,0.0166669,79.8325025141239,-0.009156927,0.04705057,-0.008151743,0.01679545,0.0460608,0.00987819,0.9987486
0,0.0166672,79.8491697143763,-0.009156927,0.04705057,-0.008151743,0.01679545,0.0460608,0.00987819,0.9987486
0,0.0166671,79.8658368140459,-0.009156927,0.04705057,-0.008151743,0.01679545,0.0460608,0.00987819,0.9987486
0,0.0166673,79.8825041148812,-0.009156927,0.04705057,-0.008151743,0.01679545,0.0460608,0.00987819,0.9987486
0,0.0166665,79.899170614779,-0.009156927,0.04705057,-0.008151743,0.01679545,0.0460608,0.00987819,0.9987486
0,0.0166667,79.9158373139799,-0.009156927,0.04705057,-0.008151743,0.01679545,0.0460608,0.00987819,0.9987486
0,0.0166668,79.9325041137636,-0.009156927,0.04705057,-0.008151743,0.01679545,0.0460608,0.00987819,0.9987486
0,0.0166668,79.9491709135473,-0.009156927,0.04705057,-0.008151743,0.01679545,0.0460608,0.00987819,0.9987486
0,0.0166673,79.9658382143825,-0.009156927,0.04705057,-0.008151743,0.01679545,0.0460608,0.00987819,0.9987486
0,0.0166704,79.9825086146593,-0.009156927,0.04705057,-0.008151743,0.01679545,0.0460608,0.00987819,0.9987486
0,0.0166671,79.9991757143289,-0.009156927,0.04705057,-0.008151743,0.01679545,0.0460608,0.00987819,0.9987486
0,0.0166665,80.0158422142267,-0.009156927,0.04705057,-0.008151743,0.01679545,0.0460608,0.00987819,0.9987486
0,0.0166669,80.0325091145933,-0.009156927,0.04705057,-0.008151743,0.01679545,0.0460608,0.00987819,0.9987486
0,0.0166687,80.049177814275,-0.009156927,0.04705057,-0.008151743,0.01679545,0.0460608,0.00987819,0.9987486
0,0.0166651,80.0658429134637,-0.009156927,0.04705057,-0.008151743,0.01679545,0.0460608,0.00987819,0.9987486
0,0.016668,80.0825109127909,-0.009156927,0.04705057,-0.008151743,0.01679545,0.0460608,0.00987819,0.9987486
0,0.0166659,80.099176812917,-0.009156927,0.04705057,-0.008151743,0.01679545,0.0460608,0.00987819,0.9987486
0,0.0166671,80.1158439125866,-0.009156927,0.04705057,-0.008151743,0.01679545,0.0460608,0.00987819,0.9987486
0,0.0166664,80.1325103119016,-0.009156927,0.04705057,-0.008151743,0.01679545,0.0460608,0.00987819,0.9987486
0,0.0166673,80.1491776127368,-0.009156927,0.04705057,-0.008151743,0.01679545,0.0460608,0.00987819,0.9987486
0,0.0166669,80.1658445131034,-0.009156927,0.04705057,-0.008151743,0.01679545,0.0460608,0.00987819,0.9987486
0,0.0166669,80.1825114134699,-0.009156927,0.04705057,-0.008151743,0.01679545,0.0460608,0.00987819,0.9987486
0,0.0166666,80.1991780139506,-0.009156927,0.04705057,-0.008151743,0.01679545,0.0460608,0.00987819,0.9987486
0,0.0166669,80.2158449143171,-0.009156927,0.04705057,-0.008151743,0.01679545,0.0460608,0.00987819,0.9987486
0,0.0166669,80.2325118146837,-0.009156927,0.04705057,-0.008151743,0.01679545,0.0460608,0.00987819,0.9987486
0,0.0166668,80.2491786144674,-0.009156927,0.04705057,-0.008151743,0.01679545,0.0460608,0.00987819,0.9987486
0,0.0176609,80.2668395135552,-0.009156927,0.04705057,-0.008151743,0.01679545,0.0460608,0.00987819,0.9987486
0,0.0166679,80.2835074141622,-0.009156927,0.04705057,-0.008151743,0.01679545,0.0460608,0.00987819,0.9987486
0,0.0166671,80.3001745138317,-0.009156927,0.04705057,-0.008151743,0.01679545,0.0460608,0.00987819,0.9987486
0,0.0166667,80.3168412130326,-0.009156927,0.04705057,-0.008151743,0.01679545,0.0460608,0.00987819,0.9987486
0,0.0166668,80.3335080128163,-0.009156927,0.04705057,-0.008151743,0.01679545,0.0460608,0.00987819,0.9987486
0,0.0166669,80.3501749131829,-0.009156927,0.04705057,-0.008151743,0.01679545,0.0460608,0.00987819,0.9987486
0,0.0166672,80.3668421134353,-0.009156927,0.04705057,-0.008151743,0.01679545,0.0460608,0.00987819,0.9987486
0,0.0166672,80.3835093136877,-0.009156927,0.04705057,-0.008151743,0.01679545,0.0460608,0.00987819,0.9987486
0,0.0166664,80.4001757130027,-0.009156927,0.04705057,-0.008151743,0.01679545,0.0460608,0.00987819,0.9987486
0,0.0166672,80.4168429132551,-0.009156927,0.04705057,-0.008151743,0.01679545,0.0460608,0.00987819,0.9987486
0,0.0166669,80.4335098136216,-0.009156927,0.04705057,-0.008151743,0.01679545,0.0460608,0.00987819,0.9987486
0,0.0166666,80.4501764141023,-0.009156927,0.04705057,-0.008151743,0.01679545,0.0460608,0.00987819,0.9987486
0,0.0166669,80.4668433144689,-0.009156927,0.04705057,-0.008151743,0.01679545,0.0460608,0.00987819,0.9987486
0,0.0166668,80.4835101142526,-0.009156927,0.04705057,-0.008151743,0.01679545,0.0460608,0.00987819,0.9987486
0,0.0166672,80.500177314505,-0.009156927,0.04705057,-0.008151743,0.01679545,0.0460608,0.00987819,0.9987486
0,0.0166668,80.5168441142887,-0.009156927,0.04705057,-0.008151743,0.01679545,0.0460608,0.00987819,0.9987486
0,0.0166672,80.5335113145411,-0.009156927,0.04705057,-0.008151743,0.01679545,0.0460608,0.00987819,0.9987486
0,0.0166668,80.5501781143248,-0.009156927,0.04705057,-0.008151743,0.01679545,0.0460608,0.00987819,0.9987486
0,0.0166666,80.5668447148055,-0.009156927,0.04705057,-0.008151743,0.01679545,0.0460608,0.00987819,0.9987486
0,0.0166674,80.5835121143609,-0.009156927,0.04705057,-0.008151743,0.01679545,0.0460608,0.00987819,0.9987486
0,0.0166666,80.6001787148416,-0.009156927,0.04705057,-0.008151743,0.01679545,0.0460608,0.00987819,0.9987486
0,0.0175777,80.6177564151585,-0.009156927,0.04705057,-0.008151743,0.01679545,0.0460608,0.00987819,0.9987486
0,0.0166669,80.6344233155251,-0.009156927,0.04705057,-0.008151743,0.01679545,0.0460608,0.00987819,0.9987486
0,0.0166667,80.6510900147259,-0.009156927,0.04705057,-0.008151743,0.01679545,0.0460608,0.00987819,0.9987486
0,0.0166671,80.6677571143955,-0.009156927,0.04705057,-0.008151743,0.01679545,0.0460608,0.00987819,0.9987486
0,0.0166666,80.6844237148762,-0.009156927,0.04705057,-0.008151743,0.01679545,0.0460608,0.00987819,0.9987486
0,0.016667,80.7010907139629,-0.009156927,0.04705057,-0.008151743,0.01679545,0.0460608,0.00987819,0.9987486
0,0.0166673,80.7177580147982,-0.009156927,0.04705057,-0.008151743,0.01679545,0.0460608,0.00987819,0.9987486
0,0.0166673,80.7344253156334,-0.009156927,0.04705057,-0.008151743,0.01679545,0.0460608,0.00987819,0.9987486
0,0.0166664,80.7510917149484,-0.009156927,0.04705057,-0.008151743,0.01679545,0.0460608,0.00987819,0.9987486
0,0.0166669,80.767758615315,-0.009156927,0.04705057,-0.008151743,0.01679545,0.0460608,0.00987819,0.9987486
0,0.0166671,80.7844257149845,-0.009156927,0.04705057,-0.008151743,0.01679545,0.0460608,0.00987819,0.9987486
0,0.016667,80.8010927140713,-0.009156927,0.04705057,-0.008151743,0.01679545,0.0460608,0.00987819,0.9987486
0,0.0166666,80.817759314552,-0.009156927,0.04705057,-0.008151743,0.01679545,0.0460608,0.00987819,0.9987486
0,0.0166671,80.8344264142215,-0.009156927,0.04705057,-0.008151743,0.01679545,0.0460608,0.00987819,0.9987486
0,0.0166673,80.8510937150568,-0.009156927,0.04705057,-0.008151743,0.01679545,0.0460608,0.00987819,0.9987486
0,0.0166668,80.8677605148405,-0.009156927,0.04705057,-0.008151743,0.01679545,0.0460608,0.00987819,0.9987486
0,0.0166666,80.8844271153212,-0.009156927,0.04705057,-0.008151743,0.01679545,0.0460608,0.00987819,0.9987486
0,0.0166672,80.9010943155736,-0.009156927,0.04705057,-0.008151743,0.01679545,0.0460608,0.00987819,0.9987486
0,0.0166666,80.9177609160542,-0.009156927,0.04705057,-0.008151743,0.01679545,0.0460608,0.00987819,0.9987486
0,0.0166673,80.9344282168895,-0.009156927,0.04705057,-0.008151743,0.01679545,0.0460608,0.00987819,0.9987486
0,0.0166674,80.9510956164449,-0.009156927,0.04705057,-0.008151743,0.01679545,0.0460608,0.00987819,0.9987486
0,0.0166668,80.9677624162287,-0.009156927,0.04705057,-0.008151743,0.01679545,0.0460608,0.00987819,0.9987486
0,0.0166669,80.9844293165952,-0.009156927,0.04705057,-0.008151743,0.01679545,0.0460608,0.00987819,0.9987486
0,0.0166668,81.0010961163789,-0.009156927,0.04705057,-0.008151743,0.01679545,0.0460608,0.00987819,0.9987486
0,0.0166669,81.0177630167454,-0.009156927,0.04705057,-0.008151743,0.01679545,0.0460608,0.00987819,0.9987486
0,0.0166672,81.0344302169979,-0.009156927,0.04705057,-0.008151743,0.01679545,0.0460608,0.00987819,0.9987486
0,0.0166672,81.0510974172503,-0.009156927,0.04705057,-0.008151743,0.01679545,0.0460608,0.00987819,0.9987486
0,0.0166663,81.0677637178451,-0.009156927,0.04705057,-0.008151743,0.01679545,0.0460608,0.00987819,0.9987486
0,0.0166673,81.0844310186803,-0.009156927,0.04705057,-0.008151743,0.01679545,0.0460608,0.00987819,0.9987486
0,0.0166664,81.1010974179953,-0.009156927,0.04705057,-0.008151743,0.01679545,0.0460608,0.00987819,0.9987486
0,0.016667,81.1177644170821,-0.009156927,0.04705057,-0.008151743,0.01679545,0.0460608,0.00987819,0.9987486
0,0.016667,81.1344314161688,-0.009156927,0.04705057,-0.008151743,0.01679545,0.0460608,0.00987819,0.9987486
0,0.0166669,81.1510983165354,-0.009156927,0.04705057,-0.008151743,0.01679545,0.0460608,0.00987819,0.9987486
0,0.0166701,81.1677684169263,-0.009156927,0.04705057,-0.008151743,0.01679545,0.0460608,0.00987819,0.9987486
0,0.0166639,81.1844323165715,-0.009156927,0.04705057,-0.008151743,0.01679545,0.0460608,0.00987819,0.9987486
0,0.0166671,81.2010994162411,-0.009156927,0.04705057,-0.008151743,0.01679545,0.0460608,0.00987819,0.9987486
0,0.0166669,81.2177663166076,-0.009156927,0.04705057,-0.008151743,0.01679545,0.0460608,0.00987819,0.9987486
0,0.0166666,81.2344329170883,-0.009156927,0.04705057,-0.008151743,0.01679545,0.0460608,0.00987819,0.9987486
0,0.0166671,81.2511000167578,-0.009156927,0.04705057,-0.008151743,0.01679545,0.0460608,0.00987819,0.9987486
0,0.016667,81.2677670158446,-0.009156927,0.04705057,-0.008151743,0.01679545,0.0460608,0.00987819,0.9987486
0,0.0166665,81.2844335157424,-0.009156927,0.04705057,-0.008151743,0.01679545,0.0460608,0.00987819,0.9987486
0,0.016667,81.3011005148292,-0.009156927,0.04705057,-0.008151743,0.01679545,0.0460608,0.00987819,0.9987486
0,0.0166668,81.3177673146129,-0.009156927,0.04705057,-0.008151743,0.01679545,0.0460608,0.00987819,0.9987486
0,0.016667,81.3344343136996,-0.009156927,0.04705057,-0.008151743,0.01679545,0.0460608,0.00987819,0.9987486
0,0.0166669,81.3511012140661,-0.009156927,0.04705057,-0.008151743,0.01679545,0.0460608,0.00987819,0.9987486
0,0.0166672,81.3677684143186,-0.009156927,0.04705057,-0.008151743,0.01679545,0.0460608,0.00987819,0.9987486
0,0.0166668,81.3844352141023,-0.009156927,0.04705057,-0.008151743,0.01679545,0.0460608,0.00987819,0.9987486
0,0.0166669,81.4011021144688,-0.009156927,0.04705057,-0.008151743,0.01679545,0.0460608,0.00987819,0.9987486
0,0.0166669,81.4177690148354,-0.009156927,0.04705057,-0.008151743,0.01679545,0.0460608,0.00987819,0.9987486
0,0.0166669,81.4344359152019,-0.009156927,0.04705057,-0.008151743,0.01679545,0.0460608,0.00987819,0.9987486
0,0.0166667,81.4511026144028,-0.009156927,0.04705057,-0.008151743,0.01679545,0.0460608,0.00987819,0.9987486
0,0.0166669,81.4677695147693,-0.009156927,0.04705057,-0.008151743,0.01679545,0.0460608,0.00987819,0.9987486
0,0.0166674,81.4844369143248,-0.009156927,0.04705057,-0.008151743,0.01679545,0.0460608,0.00987819,0.9987486
0,0.0166664,81.5011033136398,-0.009156927,0.04705057,-0.008151743,0.01679545,0.0460608,0.00987819,0.9987486
0,0.0166668,81.5177701134235,-0.009156927,0.04705057,-0.008151743,0.01679545,0.0460608,0.00987819,0.9987486
0,0.016667,81.5344371125102,-0.009156927,0.04705057,-0.008151743,0.01679545,0.0460608,0.00987819,0.9987486
0,0.0166689,81.5511060133576,-0.009156927,0.04705057,-0.008151743,0.01679545,0.0460608,0.00987819,0.9987486
0,0.0166653,81.567771313712,-0.009156927,0.04705057,-0.008151743,0.01679545,0.0460608,0.00987819,0.9987486
0,0.0166671,81.5844384133816,-0.009156927,0.04705057,-0.008151743,0.01679545,0.0460608,0.00987819,0.9987486
0,0.0166668,81.6011052131653,-0.009156927,0.04705057,-0.008151743,0.01679545,0.0460608,0.00987819,0.9987486
0,0.0166669,81.6177721135318,-0.009156927,0.04705057,-0.008151743,0.01679545,0.0460608,0.00987819,0.9987486
0,0.0166665,81.6344386134297,-0.009156927,0.04705057,-0.008151743,0.01679545,0.0460608,0.00987819,0.9987486
0,0.0166669,81.6511055137962,-0.009156927,0.04705057,-0.008151743,0.01679545,0.0460608,0.00987819,0.9987486
0,0.0166669,81.6677724141628,-0.009156927,0.04705057,-0.008151743,0.01679545,0.0460608,0.00987819,0.9987486
0,0.016667,81.6844394132495,-0.009156927,0.04705057,-0.008151743,0.01679545,0.0460608,0.00987819,0.9987486
0,0.0166674,81.7011068128049,-0.009156927,0.04705057,-0.008151743,0.01679545,0.0460608,0.00987819,0.9987486
0,0.0166666,81.7177734132856,-0.009156927,0.04705057,-0.008151743,0.01679545,0.0460608,0.00987819,0.9987486
0,0.016667,81.7344404123724,-0.009156927,0.04705057,-0.008151743,0.01679545,0.0460608,0.00987819,0.9987486
0,0.0166665,81.7511069122702,-0.009156927,0.04705057,-0.008151743,0.01679545,0.0460608,0.00987819,0.9987486
0,0.0166673,81.7677742131054,-0.009156927,0.04705057,-0.008151743,0.01679545,0.0460608,0.00987819,0.9987486
0,0.0166668,81.7844410128891,-0.009156927,0.04705057,-0.008151743,0.01679545,0.0460608,0.00987819,0.9987486
0,0.0166669,81.8011079132557,-0.009156927,0.04705057,-0.008151743,0.01679545,0.0460608,0.00987819,0.9987486
0,0.0166667,81.8177746124566,-0.009156927,0.04705057,-0.008151743,0.01679545,0.0460608,0.00987819,0.9987486
0,0.0166668,81.8344414122403,-0.009156927,0.04705057,-0.008151743,0.01679545,0.0460608,0.00987819,0.9987486
0,0.0166669,81.8511083126068,-0.009156927,0.04705057,-0.008151743,0.01679545,0.0460608,0.00987819,0.9987486
0,0.0166669,81.8677752129734,-0.009156927,0.04705057,-0.008151743,0.01679545,0.0460608,0.00987819,0.9987486
0,0.0166681,81.8844433128834,-0.009156927,0.04705057,-0.008151743,0.01679545,0.0460608,0.00987819,0.9987486
0,0.0166672,81.9011105131358,-0.009156927,0.04705057,-0.008151743,0.01679545,0.0460608,0.00987819,0.9987486
0,0.016667,81.9177775122225,-0.009156927,0.04705057,-0.008151743,0.01679545,0.0460608,0.00987819,0.9987486
0,0.0166674,81.934444911778,-0.009156927,0.04705057,-0.008151743,0.01679545,0.0460608,0.00987819,0.9987486
0,0.016