F,DT,T,tau1,tau2,tau3,tau4,tau5,tau6,tau7,con_x,con_y,con_z
137198,0.026006,0.0260060001164675,0.260532915592194,-28.0925693511963,0.708650767803192,13.8071737289429,0.452350735664368,2.61650776863098,0.405739605426788,-2.09140750768169,0.452996846899796,-0.475853189424748
137202,0.0166687,0.0426746997982264,0.260532915592194,-28.0925693511963,0.708650767803192,13.8071737289429,0.452350735664368,2.61650776863098,0.405739605426788,-2.09140750768169,0.452996846899796,-0.475853189424748
137204,0.016666,0.059340700507164,0.435093462467194,-28.2393589019775,0.958589732646942,14.1285238265991,0.470661282539368,2.70806050300598,0.360878765583038,-2.21490311566495,0.359544221681487,-0.313757719267448
137208,0.016668,0.0760086998343468,0.435093462467194,-28.2393589019775,0.958589732646942,14.1285238265991,0.470661282539368,2.70806050300598,0.360878765583038,-2.21490311566495,0.359544221681487,-0.313757719267448
137212,0.0166666,0.0926753003150225,0.435093462467194,-28.2393589019775,0.958589732646942,14.1285238265991,0.470661282539368,2.70806050300598,0.360878765583038,-2.21490311566495,0.359544221681487,-0.313757719267448
137214,0.0166675,0.109342800453305,0.284336626529694,-28.2671298980713,1.05777192115784,13.8785848617554,0.445942044258118,2.68883442878723,0.354470074176788,-1.99818261371827,0.549650724682058,0.115259634815397
137218,0.0166667,0.126009499654174,0.236729204654694,-27.9695835113525,1.01016449928284,14.1523275375366,0.476154446601868,2.74742817878723,0.348061382770538,-1.90041989399381,0.307798645643262,-0.0643364057972522
137222,0.0166661,0.142675599083304,0.236729204654694,-27.9695835113525,1.01016449928284,14.1523275375366,0.476154446601868,2.74742817878723,0.348061382770538,-1.90041989399381,0.307798645643262,-0.0643364057972522
137226,0.0166669,0.159342499449849,0.0343976616859436,-27.99338722229,0.859407603740692,13.9063558578491,0.499958157539368,2.73461079597473,0.328835308551788,-1.89793168655197,0.303877026872537,-0.179411368053699
137228,0.016667,0.176009498536587,0.462864458560944,-27.7950229644775,1.23629975318909,13.8785848617554,0.577777981758118,2.77397847175598,0.412148296833038,-1.9289975229795,0.185801035694887,-0.117709281680581
137232,0.0166669,0.192676398903131,0.462864458560944,-27.7950229644775,1.23629975318909,13.8785848617554,0.577777981758118,2.77397847175598,0.412148296833038,-1.9289975229795,0.185801035694887,-0.117709281680581
137234,0.0166676,0.209343999624252,-0.413905560970306,-27.4974765777588,0.430940806865692,13.8547811508179,0.666584134101868,2.69524312019348,0.412148296833038,-1.73798319278424,0.124718600330659,-0.104890774207791
137240,0.0186398,0.227983798831701,-0.413905560970306,-27.4974765777588,0.430940806865692,13.8547811508179,0.666584134101868,2.69524312019348,0.412148296833038,-1.73798319278424,0.124718600330659,-0.104890774207791
137242,0.0170804,0.245064198970795,-0.465480268001556,-27.2753086090088,0.331758677959442,13.5056600570679,0.774616360664368,2.62291646003723,0.418556988239288,-1.45194032942587,-0.240944288962926,-0.100673499787332
137246,0.0166677,0.261731898412108,-0.588466107845306,-27.4498691558838,0.280183970928192,13.8071737289429,0.750812649726868,2.73461079597473,0.386513531208038,-1.56240417954329,-0.33823487357724,-0.0714173328864204
137248,0.0166676,0.278399499133229,-0.588466107845306,-27.4498691558838,0.280183970928192,13.8071737289429,0.750812649726868,2.73461079597473,0.386513531208038,-1.56240417954329,-0.33823487357724,-0.0714173328864204
137252,0.0166663,0.295065799728036,-0.437709271907806,-27.4022617340088,0.157198131084442,13.4818563461304,0.822223782539368,2.66228413581848,0.412148296833038,-1.56719808724918,-0.457460866314612,-0.359806982789403
137256,0.0166672,0.31173299998045,-0.437709271907806,-27.4022617340088,0.157198131084442,13.4818563461304,0.822223782539368,2.66228413581848,0.412148296833038,-1.56719808724918,-0.457460866314612,-0.359806982789403
137260,0.0166666,0.328399600461125,-0.640040814876556,-27.4022617340088,0.133394420146942,13.5334310531616,0.780109524726868,2.82616353034973,0.386513531208038,-1.601870452902,-0.345413466197812,-0.18729660161682
137262,0.0166672,0.345066800713539,-0.187770307064056,-27.4736728668213,0.331758677959442,13.8785848617554,0.792011380195618,2.69524312019348,0.386513531208038,-1.25630951235427,-0.37245972033336,-0.085798709176224
137266,0.0166667,0.361733499914408,-0.187770307064056,-27.4736728668213,0.331758677959442,13.8785848617554,0.792011380195618,2.69524312019348,0.386513531208038,-1.25630951235427,-0.37245972033336,-0.085798709176224
137268,0.0166673,0.37840080074966,-0.215541303157806,-27.7474155426025,0.383333384990692,14.0293416976929,0.762714505195618,2.76024556159973,0.380104839801788,-1.28548102611527,-0.0506930468439837,-0.512913150931384
137272,0.0166667,0.395067499950528,0.0343976616859436,-27.1285190582275,0.506319224834442,13.1843099594116,0.768207669258118,2.77397847175598,0.405739605426788,-1.3144747058169,-0.271469771841872,-0.640777698336873
137274,0.0166683,0.41173579916358,0.0343976616859436,-27.1285190582275,0.506319224834442,13.1843099594116,0.768207669258118,2.77397847175598,0.405739605426788,-1.3144747058169,-0.271469771841872,-0.640777698336873
137278,0.0166662,0.428401999175549,0.109776079654694,-27.4736728668213,0.657076060771942,13.3588705062866,0.774616360664368,2.81334614753723,0.392922222614288,-1.40299393440063,-0.25982624530901,-0.165020829831988
137282,0.0166665,0.445068499073386,0.109776079654694,-27.4736728668213,0.657076060771942,13.3588705062866,0.774616360664368,2.81334614753723,0.392922222614288,-1.40299393440063,-0.25982624530901,-0.165020829831988
137286,0.0166681,0.461736598983407,0.0859723687171936,-27.596658706665,0.657076060771942,13.5056600570679,0.798420071601868,2.80602192878723,0.405739605426788,-1.35385530420602,-0.254207810821231,-0.17722230394806
137288,0.0166659,0.478402499109507,0.0621686577796936,-27.3030796051025,0.657076060771942,13.0097494125366,0.815815091133118,2.67510151863098,0.444191753864288,-1.34890403919734,-0.416033186218554,-0.338247735398951
137292,0.0166669,0.495069399476051,0.0621686577796936,-27.3030796051025,0.657076060771942,13.0097494125366,0.815815091133118,2.67510151863098,0.444191753864288,-1.34890403919734,-0.416033186218554,-0.338247735398951
137294,0.0166867,0.511756099760532,0.212925493717194,-28.2671298980713,0.732454478740692,13.6802206039429,0.798420071601868,2.74742817878723,0.392922222614288,-1.26868090297526,-0.468058472300577,-0.471767569952708
137298,0.0166472,0.528403298929334,-0.0370134711265564,-27.9180088043213,0.657076060771942,13.3588705062866,0.798420071601868,2.75383687019348,0.392922222614288,-1.37462940428259,-0.492108556536161,-0.465046640355636
137302,0.0166665,0.545069798827171,-0.0370134711265564,-27.9180088043213,0.657076060771942,13.3588705062866,0.798420071601868,2.75383687019348,0.392922222614288,-1.37462940428259,-0.492108556536161,-0.465046640355636
137304,0.0166675,0.561737298965454,0.0343976616859436,-28.1917514801025,0.609468638896942,13.2358846664429,0.851520657539368,2.85179829597473,0.418556988239288,-1.29937446801003,-0.692250018049623,0.187467966329467
137308,0.016667,0.578404298052192,0.0343976616859436,-28.1917514801025,0.609468638896942,13.2358846664429,0.851520657539368,2.85179829597473,0.418556988239288,-1.29937446801003,-0.692250018049623,0.187467966329467
137312,0.0166665,0.595070797950029,-0.215541303157806,-27.8704013824463,0.482515513896942,13.1089315414429,0.834125638008118,2.76665425300598,0.399330914020538,-1.20090155711804,-0.573783266687233,-0.106442530123104
137314,0.0166673,0.611738098785281,-0.163966596126556,-27.99338722229,0.458711802959442,13.0613241195679,0.846027493476868,2.78679585456848,0.412148296833038,-1.22557582217591,-0.622326454710626,-0.171118187434098
137320,0.0166662,0.62840429879725,-0.163966596126556,-27.99338722229,0.458711802959442,13.0613241195679,0.846027493476868,2.78679585456848,0.412148296833038,-1.22557582217591,-0.622326454710626,-0.171118187434098
137322,0.0166669,0.645071199163795,-0.140162885189056,-27.8465976715088,0.458711802959442,12.9383382797241,0.834125638008118,2.71446919441223,0.392922222614288,-1.23904437383933,-0.924055498522249,-0.0530484530508212
137326,0.0166668,0.661737998947501,-0.163966596126556,-27.8942050933838,0.430940806865692,13.0613241195679,0.834125638008118,2.81975483894348,0.392922222614288,-1.2042793231633,-0.971808536876175,-0.290445893446777
137328,0.0166673,0.678405299782753,-0.163966596126556,-27.8942050933838,0.430940806865692,13.0613241195679,0.834125638008118,2.81975483894348,0.392922222614288,-1.2042793231633,-0.971808536876175,-0.290445893446777
137332,0.0166665,0.695071799680591,-0.215541303157806,-27.2753086090088,0.383333384990692,12.4146566390991,0.815815091133118,2.64305806159973,0.316017925739288,-1.09347334056507,-1.16107017497342,-0.375757587184369
137334,0.0166671,0.711738899350166,-0.338527143001556,-27.2753086090088,0.157198131084442,12.3908529281616,0.834125638008118,2.73461079597473,0.316017925739288,-1.05594955773268,-1.12510769811474,-0.418166216732548
137340,0.016667,0.728405898436904,-0.338527143001556,-27.2753086090088,0.157198131084442,12.3908529281616,0.834125638008118,2.73461079597473,0.316017925739288,-1.05594955773268,-1.12510769811474,-0.418166216732548
137342,0.0166671,0.74507299810648,-0.290919721126556,-27.2038974761963,0.208772838115692,12.0417318344116,0.815815091133118,2.70806050300598,0.341652691364288,-0.925038827639512,-1.05958860786942,-0.360809245039565
137346,0.0166675,0.761740498244762,-0.314723432064056,-27.54905128479,0.208772838115692,12.8113851547241,0.839618802070618,2.84538960456848,0.302285015583038,-0.875304480900688,-1.51089962153557,-0.420466043747922
137348,0.0166665,0.7784069981426,-0.314723432064056,-27.54905128479,0.208772838115692,12.8113851547241,0.839618802070618,2.84538960456848,0.302285015583038,-0.875304480900688,-1.51089962153557,-0.420466043747922
137352,0.0166664,0.7950733974576,-0.362330853939056,-27.5728549957275,0.181001842021942,12.7360067367554,0.851520657539368,2.84538960456848,0.289467632770538,-0.771703561821261,-1.81373239232959,-0.321733335330594
137356,0.016667,0.811740396544337,-0.362330853939056,-27.5728549957275,0.181001842021942,12.7360067367554,0.851520657539368,2.84538960456848,0.289467632770538,-0.771703561821261,-1.81373239232959,-0.321733335330594
137360,0.0166669,0.828407296910882,-0.362330853939056,-27.6244297027588,0.157198131084442,12.7875814437866,0.851520657539368,2.83898091316223,0.335243999958038,-0.73833678213683,-1.80591967473601,-0.316710367448547
137362,0.0166674,0.845074696466327,-0.239345014095306,-27.723611831665,0.181001842021942,13.0375204086304,0.815815091133118,2.82616353034973,0.289467632770538,-0.957554710314026,-1.65525173886414,-0.433699326389697
137366,0.0166667,0.861741395667195,-0.239345014095306,-27.723611831665,0.181001842021942,13.0375204086304,0.815815091133118,2.82616353034973,0.289467632770538,-0.957554710314026,-1.65525173886414,-0.433699326389697
137368,0.0166668,0.878408195450902,-0.437709271907806,-27.9180088043213,0.0302450135350227,13.3072957992554,0.827716946601868,2.91771626472473,0.295876324176788,-0.717232326341658,-1.7546619150602,-0.285360683966416
137372,0.0166671,0.895075295120478,-0.437709271907806,-27.9180088043213,0.0302450135350227,13.3072957992554,0.827716946601868,2.91771626472473,0.295876324176788,-0.717232326341658,-1.7546619150602,-0.285360683966416
137376,0.016667,0.911742294207215,-0.413905560970306,-27.945779800415,0.0302450135350227,13.3826742172241,0.822223782539368,2.89849019050598,0.24460680782795,-0.696035084685126,-1.73931493164945,-0.345130265901839
137380,0.0166667,0.928408993408084,-0.290919721126556,-27.4498691558838,0.181001842021942,12.4662313461304,0.810321927070618,2.76665425300598,0.23178942501545,-0.695671991399155,-1.58044135900795,-0.33289053058657
137382,0.0166667,0.945075692608953,-0.290919721126556,-27.4498691558838,0.181001842021942,12.4662313461304,0.810321927070618,2.76665425300598,0.23178942501545,-0.695671991399155,-1.58044135900795,-0.33289053058657
137386,0.016667,0.96174269169569,-0.390101850032806,-27.6244297027588,0.133394420146942,12.4900350570679,0.810321927070618,2.77397847175598,0.263832867145538,-0.598391010985318,-1.93251088542323,-0.532541004518724
137388,0.016667,0.978409690782428,-0.390101850032806,-27.6244297027588,0.133394420146942,12.4900350570679,0.810321927070618,2.77397847175598,0.263832867145538,-0.598391010985318,-1.93251088542323,-0.532541004518724
137392,0.0166667,0.995076389983296,-0.314723432064056,-27.77121925354,0.105623431503773,12.4146566390991,0.827716946601868,2.81334614753723,0.21897204220295,-0.690473929511111,-1.88123399973112,-0.230147432371233
137396,0.0166671,1.01174348965287,-0.0885881781578064,-27.4498691558838,0.331758677959442,12.3392782211304,0.815815091133118,2.81334614753723,0.21897204220295,-0.823960455432024,-1.81260665118513,-0.335900142358882
137400,0.0166669,1.02841039001942,-0.0885881781578064,-27.4498691558838,0.331758677959442,12.3392782211304,0.815815091133118,2.81334614753723,0.21897204220295,-0.823960455432024,-1.81260665118513,-0.335900142358882
137404,0.0208011,1.04921149089932,-0.163966596126556,-27.8465976715088,0.280183970928192,12.7360067367554,0.810321927070618,2.89116597175598,0.23178942501545,-0.600036978288301,-1.938331575922,-0.395547248579793
137406,0.0175715,1.06678299047053,-0.163966596126556,-27.8465976715088,0.280183970928192,12.7360067367554,0.810321927070618,2.89116597175598,0.23178942501545,-0.600036978288301,-1.938331575922,-0.395547248579793
137410,0.0166681,1.08345109038055,-0.263148725032806,-27.10471534729,0.105623431503773,11.8949422836304,0.827716946601868,2.76665425300598,0.20615465939045,-0.718820230904517,-1.83071272290423,-0.469025975286598
137414,0.0166673,1.1001183912158,-0.290919721126556,-27.4736728668213,0.133394420146942,12.0417318344116,0.810321927070618,2.81334614753723,0.1997459679842,-0.73211038889215,-1.8114833954437,-0.464943562891613
137416,0.0166662,1.11678459122777,-0.290919721126556,-27.4736728668213,0.133394420146942,12.0417318344116,0.810321927070618,2.81334614753723,0.1997459679842,-0.73211038889215,-1.8114833954437,-0.464943562891613
137420,0.0166695,1.13345409184694,-0.362330853939056,-27.596658706665,0.105623431503773,12.2916707992554,0.839618802070618,2.74742817878723,0.270241558551788,-0.875276787816446,-1.88547006372012,-0.33935740148485
137422,0.016665,1.15011909231544,-0.362330853939056,-27.596658706665,0.105623431503773,12.2916707992554,0.839618802070618,2.74742817878723,0.270241558551788,-0.875276787816446,-1.88547006372012,-0.33935740148485
137426,0.0166671,1.16678619198501,-0.239345014095306,-27.6244297027588,0.133394420146942,12.4146566390991,0.827716946601868,2.76665425300598,0.2253807336092,-0.890740276584501,-1.77736277284857,-0.54812179812262
137430,0.0166665,1.18345269188285,-0.290919721126556,-27.596658706665,0.157198131084442,12.2638998031616,0.834125638008118,2.80602192878723,0.21897204220295,-0.709928687236575,-1.7787856268585,-0.442633175949595
137434,0.0166675,1.20012019202113,-0.290919721126556,-27.596658706665,0.157198131084442,12.2638998031616,0.834125638008118,2.80602192878723,0.21897204220295,-0.709928687236575,-1.7787856268585,-0.442633175949595
137436,0.016666,1.21678619273007,-0.263148725032806,-27.4498691558838,0.208772838115692,12.1409139633179,0.827716946601868,2.80602192878723,0.20615465939045,-0.869765833588896,-1.86718586691309,-0.419782515670066
137440,0.016668,1.23345419205725,-0.263148725032806,-27.4498691558838,0.208772838115692,12.1409139633179,0.827716946601868,2.80602192878723,0.20615465939045,-0.869765833588896,-1.86718586691309,-0.419782515670066
137442,0.0166659,1.25012009218335,-0.263148725032806,-27.4498691558838,0.208772838115692,12.1409139633179,0.827716946601868,2.80602192878723,0.20615465939045,-0.869765833588896,-1.86718586691309,-0.419782515670066
137446,0.0166678,1.2667878922075,-0.215541303157806,-27.4498691558838,0.355562388896942,12.1171102523804,0.815815091133118,2.80602192878723,0.24460680782795,-0.804996834494008,-1.89213296463996,-0.388422721734842
137450,0.0166664,1.2834542915225,-0.215541303157806,-27.4498691558838,0.355562388896942,12.1171102523804,0.815815091133118,2.80602192878723,0.24460680782795,-0.804996834494008,-1.89213296463996,-0.388422721734842
137454,0.016669,1.30012329109013,-0.215541303157806,-27.4498691558838,0.355562388896942,12.1171102523804,0.815815091133118,2.80602192878723,0.24460680782795,-0.804996834494008,-1.89213296463996,-0.388422721734842
137456,0.0166651,1.31678839027882,-0.239345014095306,-27.4260654449463,0.430940806865692,12.2638998031616,0.827716946601868,2.87193989753723,0.295876324176788,-0.744665027244525,-2.03456123608621,-0.347152499680172
137460,0.0166676,1.33345599099994,-0.239345014095306,-27.4260654449463,0.430940806865692,12.2638998031616,0.827716946601868,2.87193989753723,0.295876324176788,-0.744665027244525,-2.03456123608621,-0.347152499680172
137462,0.016666,1.35012199170887,-0.263148725032806,-27.4736728668213,0.430940806865692,12.0417318344116,0.827716946601868,2.81334614753723,0.270241558551788,-0.914077869882682,-2.10426555782485,-0.447378577572411
137466,0.0166679,1.36678989231586,-0.0370134711265564,-27.4736728668213,0.534090220928192,11.9941244125366,0.810321927070618,2.79961323738098,0.316017925739288,-0.692014376138286,-1.97111807182808,-0.379277923243208
137470,0.016666,1.3834558930248,-0.0370134711265564,-27.4736728668213,0.534090220928192,11.9941244125366,0.810321927070618,2.79961323738098,0.316017925739288,-0.692014376138286,-1.97111807182808,-0.379277923243208
137474,0.0166693,1.4001251924783,-0.112391889095306,-27.4022617340088,0.430940806865692,12.1647176742554,0.810321927070618,2.85912251472473,0.309609234333038,-0.8830387126868,-1.89756517982112,-0.102600728949101
137476,0.0166646,1.41678979247808,-0.112391889095306,-27.4022617340088,0.430940806865692,12.1647176742554,0.810321927070618,2.85912251472473,0.309609234333038,-0.8830387126868,-1.89756517982112,-0.102600728949101
137480,0.0166677,1.4334574919194,-0.112391889095306,-27.4022617340088,0.430940806865692,12.1647176742554,0.810321927070618,2.85912251472473,0.309609234333038,-0.8830387126868,-1.89756517982112,-0.102600728949101
137482,0.0166659,1.4501233920455,0.0859723687171936,-27.4260654449463,0.807832896709442,12.0179281234741,0.774616360664368,2.81975483894348,0.302285015583038,-0.963991508752472,-1.60316190617047,-0.116046426561239
137488,0.0166677,1.46679109148681,0.0859723687171936,-27.4260654449463,0.807832896709442,12.0179281234741,0.774616360664368,2.81975483894348,0.302285015583038,-0.963991508752472,-1.60316190617047,-0.116046426561239
137490,0.016666,1.48345709219575,-0.239345014095306,-27.4260654449463,0.355562388896942,11.9941244125366,0.869831204414368,2.80602192878723,0.316017925739288,-1.09464540694887,-1.61807360285638,-0.123599070115295
137494,0.0166682,1.50012529268861,-0.112391889095306,-27.5252475738525,0.557893931865692,12.4662313461304,0.834125638008118,2.90489888191223,0.322426617145538,-1.15223328361713,-1.64568930260509,0.0496854868876871
137496,0.0166723,1.51679759286344,-0.112391889095306,-27.5252475738525,0.557893931865692,12.4662313461304,0.834125638008118,2.90489888191223,0.322426617145538,-1.15223328361713,-1.64568930260509,0.0496854868876871
137500,0.0166675,1.53346509300172,-0.215541303157806,-27.4022617340088,0.458711802959442,11.9941244125366,0.846027493476868,2.82616353034973,0.322426617145538,-0.926827576661997,-1.58333572579774,-0.075529068202799
137504,0.0166665,1.55013159289956,-0.215541303157806,-27.4022617340088,0.458711802959442,11.9941244125366,0.846027493476868,2.82616353034973,0.322426617145538,-0.926827576661997,-1.58333572579774,-0.075529068202799
137508,0.0166674,1.56679899245501,-0.140162885189056,-27.54905128479,0.534090220928192,12.2400960922241,0.839618802070618,2.81975483894348,0.322426617145538,-0.980858257843055,-1.58568128716073,0.140191308968162
137510,0.0166658,1.58346479199827,-0.112391889095306,-27.54905128479,0.581697642803192,12.4146566390991,0.822223782539368,2.87834858894348,0.316017925739288,-1.00104070204794,-1.61672214230627,0.167021280859272
137514,0.0166681,1.60013289190829,-0.112391889095306,-27.54905128479,0.581697642803192,12.4146566390991,0.822223782539368,2.87834858894348,0.316017925739288,-1.00104070204794,-1.61672214230627,0.167021280859272
137516,0.0166666,1.61679949238896,-0.0885881781578064,-27.4974765777588,0.506319224834442,12.2400960922241,0.798420071601868,2.85912251472473,0.257424175739288,-1.06768250690732,-1.80843642253846,0.0219663657823639
137520,0.0166671,1.63346659205854,-0.0885881781578064,-27.4974765777588,0.506319224834442,12.2400960922241,0.798420071601868,2.85912251472473,0.257424175739288,-1.06768250690732,-1.80843642253846,0.0219663657823639
137524,0.0166664,1.65013299137354,-0.140162885189056,-27.4736728668213,0.506319224834442,12.3154745101929,0.846027493476868,2.89116597175598,0.24460680782795,-0.929920405772166,-1.82634180359871,0.0252965570184044
137526,0.0166672,1.66680019162595,-0.112391889095306,-27.4498691558838,0.482515513896942,12.1924886703491,0.827716946601868,2.87193989753723,0.309609234333038,-0.877065779850296,-1.82478404255199,-0.00244722782700162
137530,0.0166677,1.68346789106727,-0.112391889095306,-27.4498691558838,0.482515513896942,12.1924886703491,0.827716946601868,2.87193989753723,0.309609234333038,-0.877065779850296,-1.82478404255199,-0.00244722782700162
137534,0.016666,1.7001338917762,-0.0647844672203064,-27.2753086090088,0.581697642803192,11.9941244125366,0.815815091133118,2.84538960456848,0.302285015583038,-0.869414739189268,-1.75131945061436,-0.0488367280199432
137540,0.0166668,1.71680069155991,-0.0370134711265564,-27.152322769165,0.633272349834442,11.9663534164429,0.803913235664368,2.85179829597473,0.270241558551788,-0.76770450633339,-1.77383873468958,-0.179728592033359
137542,0.0292996,1.74610029160976,-0.0132097601890564,-27.1761264801025,0.657076060771942,11.9941244125366,0.834125638008118,2.86553120613098,0.263832867145538,-0.77947622431231,-1.75867210342234,-0.112166941770653
137546,0.0166682,1.76276849210262,-0.0132097601890564,-27.1761264801025,0.657076060771942,11.9941244125366,0.834125638008118,2.86553120613098,0.263832867145538,-0.77947622431231,-1.75867210342234,-0.112166941770653
137550,0.0166667,1.77943519130349,0.212925493717194,-27.2753086090088,0.807832896709442,12.1647176742554,0.792011380195618,2.85179829597473,0.295876324176788,-0.726267901796402,-1.78096578089904,-0.351674729214389
137552,0.0166677,1.79610289074481,0.212925493717194,-26.9539585113525,0.907015025615692,11.8195638656616,0.786518216133118,2.81334614753723,0.283058941364288,-0.720966408562514,-1.74002733134053,-0.457810281660984
137556,0.0166664,1.8127692900598,0.212925493717194,-26.9539585113525,0.907015025615692,11.8195638656616,0.786518216133118,2.81334614753723,0.283058941364288,-0.720966408562514,-1.74002733134053,-0.457810281660984
137558,0.0166665,1.82943578995764,0.212925493717194,-26.9063510894775,0.859407603740692,11.7679891586304,0.786518216133118,2.79320454597473,0.302285015583038,-0.715088995272793,-1.72567010658253,-0.436169993597021
137562,0.0166671,1.84610288962722,-0.0132097601890564,-27.152322769165,0.708650767803192,12.3392782211304,0.815815091133118,2.91130757331848,0.295876324176788,-0.805748705914661,-1.70154959002086,-0.509339906113556
137566,0.0166671,1.86276998929679,-0.0132097601890564,-27.152322769165,0.708650767803192,12.3392782211304,0.815815091133118,2.91130757331848,0.295876324176788,-0.805748705914661,-1.70154959002086,-0.509339906113556
137570,0.016667,1.87943698838353,-0.0370134711265564,-26.9817295074463,0.609468638896942,11.9941244125366,0.822223782539368,2.82616353034973,0.316017925739288,-0.683814698500117,-1.54316504121104,-0.610537219596677
137572,0.016667,1.89610398747027,-0.0370134711265564,-26.9817295074463,0.609468638896942,11.9941244125366,0.822223782539368,2.82616353034973,0.316017925739288,-0.683814698500117,-1.54316504121104,-0.610537219596677
137576,0.0166667,1.91277068667114,-0.0132097601890564,-26.8309726715088,0.657076060771942,11.7441854476929,0.803913235664368,2.82616353034973,0.289467632770538,-0.740517780846481,-1.39398546921265,-0.622833355431672
137578,0.0166672,1.92943788692355,-0.0647844672203064,-26.5850009918213,0.684847056865692,11.5934286117554,0.810321927070618,2.79320454597473,0.316017925739288,-0.670971322940505,-1.50017001808612,-0.562330052293086
137582,0.0166664,1.94610428623855,0.0105939507484436,-27.1285190582275,0.708650767803192,11.9941244125366,0.810321927070618,2.85179829597473,0.322426617145538,-0.727221477258953,-1.65901247292292,-0.078145495145098
137586,0.016667,1.96277128532529,0.0621686577796936,-26.88254737854,0.732454478740692,11.8949422836304,0.810321927070618,2.80602192878723,0.263832867145538,-0.78513890986353,-1.5427767243747,-0.229051162378692
137590,0.0166667,1.97943798452616,0.0621686577796936,-26.88254737854,0.732454478740692,11.8949422836304,0.810321927070618,2.80602192878723,0.263832867145538,-0.78513890986353,-1.5427767243747,-0.229051162378692
137592,0.0166679,1.99610588513315,0.212925493717194,-27.0293369293213,0.958589732646942,11.7679891586304,0.774616360664368,2.82616353034973,0.23178942501545,-0.67057372100175,-1.58445592260051,-0.145535725523727
137596,0.0166658,2.01277168467641,-0.215541303157806,-27.0293369293213,0.506319224834442,11.7203817367554,0.786518216133118,2.82616353034973,0.2125633507967,-0.596286682371996,-1.75564178506903,0.0932025825153477
137600,0.0166675,2.02943918481469,-0.215541303157806,-27.0293369293213,0.506319224834442,11.7203817367554,0.786518216133118,2.82616353034973,0.2125633507967,-0.596286682371996,-1.75564178506903,0.0932025825153477
137604,0.0166672,2.04610638506711,0.411289751529694,-26.8547763824463,1.01016449928284,11.5220174789429,0.708698391914368,2.78679585456848,0.1100242882967,-0.743981159788425,-1.73512490052885,-0.222335100078851
137608,0.0254805,2.0715868845582,0.411289751529694,-26.8547763824463,1.01016449928284,11.5220174789429,0.708698391914368,2.78679585456848,0.1100242882967,-0.743981159788425,-1.73512490052885,-0.222335100078851
137612,0.0175027,2.08908958546817,0.411289751529694,-26.8547763824463,1.01016449928284,11.5220174789429,0.708698391914368,2.78679585456848,0.1100242882967,-0.743981159788425,-1.73512490052885,-0.222335100078851
137614,0.0166675,2.10575708560646,0.0859723687171936,-27.2277011871338,0.807832896709442,11.5934286117554,0.720600247383118,2.88475728034973,0.0587547570466995,-0.835330093579318,-1.4907215205197,-0.296242505433089
137618,0.0166734,2.12243048474193,0.137547075748444,-26.8309726715088,0.807832896709442,11.2482748031616,0.702289700508118,2.72820210456848,0.0257957726716995,-0.896748425221006,-1.75846903225426,-0.257133134527496
137620,0.0166604,2.1390908844769,0.137547075748444,-26.8309726715088,0.807832896709442,11.2482748031616,0.702289700508118,2.72820210456848,0.0257957726716995,-0.896748425221006,-1.75846903225426,-0.257133134527496
137624,0.0166676,2.15575848519802,0.212925493717194,-27.4974765777588,0.784029185771942,11.7679891586304,0.684894680976868,2.85179829597473,-0.0511085242033005,-0.964369430808202,-1.76353244974149,0.0527097017807801
137626,0.0166663,2.17242478579283,0.212925493717194,-27.4974765777588,0.784029185771942,11.7679891586304,0.684894680976868,2.85179829597473,-0.0511085242033005,-0.964369430808202,-1.76353244974149,0.0527097017807801
137630,0.016669,2.18909378536046,-0.163966596126556,-27.4022617340088,0.609468638896942,11.7441854476929,0.702289700508118,2.85179829597473,-0.1023780554533,-0.707958083952747,-1.81177849883843,-0.227777939313189
137634,0.016685,2.20577878504992,-0.187770307064056,-28.1163730621338,0.458711802959442,12.0179281234741,0.702289700508118,2.86553120613098,-0.1994239538908,-0.277640393942834,-1.76351766125061,-0.528986403665595
137638,0.0166684,2.22244718484581,-0.187770307064056,-28.1163730621338,0.458711802959442,12.0179281234741,0.702289700508118,2.86553120613098,-0.1994239538908,-0.277640393942834,-1.76351766125061,-0.528986403665595
137640,0.0166661,2.23911328427494,-0.187770307064056,-28.1163730621338,0.458711802959442,12.0179281234741,0.702289700508118,2.86553120613098,-0.1994239538908,-0.277640393942834,-1.76351766125061,-0.528986403665595
137644,0.0166708,2.25578408502042,-0.540858685970306,-28.7352695465088,0.157198131084442,12.8867635726929,0.732502102851868,2.93694233894348,-0.276328265666962,0.168133750965444,-1.66780573149077,0.382646561030341
137646,0.0166723,2.27245638519526,-0.540858685970306,-28.7352695465088,0.157198131084442,12.8867635726929,0.732502102851868,2.93694233894348,-0.276328265666962,0.168133750965444,-1.66780573149077,0.382646561030341
137650,0.016668,2.28912438452244,-0.0885881781578064,-28.2909336090088,0.232576549053192,12.5138387680054,0.702289700508118,2.70806050300598,-0.282736957073212,0.696163504733184,-1.32966135718764,0.15599235516236
137654,0.0166664,2.30579078383744,-0.0885881781578064,-28.2909336090088,0.232576549053192,12.5138387680054,0.702289700508118,2.70806050300598,-0.282736957073212,0.696163504733184,-1.32966135718764,0.15599235516236
137658,0.0166671,2.32245788350701,-0.0885881781578064,-28.2909336090088,0.232576549053192,12.5138387680054,0.702289700508118,2.70806050300598,-0.282736957073212,0.696163504733184,-1.32966135718764,0.15599235516236
137660,0.0166664,2.33912428282201,-0.465480268001556,-28.0687656402588,-0.0451334044337273,12.3908529281616,0.738910794258118,2.61009907722473,-0.301963031291962,1.14112258558385,-0.699142804164479,-0.222104302474605
137664,0.0166673,2.35579158365726,-0.465480268001556,-28.0687656402588,-0.0451334044337273,12.3908529281616,0.738910794258118,2.61009907722473,-0.301963031291962,1.14112258558385,-0.699142804164479,-0.222104302474605
137666,0.0166662,2.37245778366923,-0.437709271907806,-28.0171909332275,-0.168119251728058,12.2638998031616,0.714191555976868,2.49840474128723,-0.301963031291962,1.20048234714209,-0.72686400829549,-0.522036672998539
137672,0.0166702,2.38912798278034,-0.489283978939056,-28.65989112854,-0.168119251728058,12.8629598617554,0.720600247383118,2.51122212409973,-0.314780414104462,1.34806604193173,-0.60830241084035,0.103996998002056
137674,0.0166649,2.40579288266599,-0.489283978939056,-28.65989112854,-0.168119251728058,12.8629598617554,0.720600247383118,2.51122212409973,-0.314780414104462,1.34806604193173,-0.60830241084035,0.103996998002056
137678,0.0166676,2.42246048338711,-0.465480268001556,-28.4139194488525,-0.219693958759308,12.4146566390991,0.672992825508118,2.41966938972473,-0.295554339885712,1.64922318091871,-0.579504888605043,0.368842278404407
137680,0.0166662,2.43912668339908,-0.465480268001556,-28.4139194488525,-0.219693958759308,12.4146566390991,0.672992825508118,2.41966938972473,-0.295554339885712,1.64922318091871,-0.579504888605043,0.368842278404407
137684,0.0166695,2.45579618401825,-0.163966596126556,-29.1558017730713,-0.0451334044337273,12.8113851547241,0.642780423164368,2.43981099128723,-0.289145648479462,2.02089564031957,-0.460844595203157,0.41874651721641
137688,0.0166647,2.47246088460088,-0.163966596126556,-29.1558017730713,-0.0451334044337273,12.8113851547241,0.642780423164368,2.43981099128723,-0.289145648479462,2.02089564031957,-0.460844595203157,0.41874651721641
137692,0.0166688,2.48912968486547,0.0621686577796936,-29.0804233551025,0.256380259990692,12.4662313461304,0.630878567695618,2.39403462409973,-0.327597796916962,1.97841005430575,-0.356808876932268,0.607217767410069
137694,0.0166666,2.50579628534615,-0.338527143001556,-29.00901222229,-0.342679798603058,12.4384603500366,0.654682278633118,2.34093403816223,-0.276328265666962,1.94678879002452,-0.137404822227189,0.771414008697552
137698,0.0166669,2.5224631857127,-0.215541303157806,-29.1558017730713,-0.0927408263087273,12.9621419906616,0.672992825508118,2.40044331550598,-0.263510882854462,1.91660886023171,-0.0536762539263765,0.652376352821226
137702,0.0166666,2.53912978619337,-0.215541303157806,-29.1558017730713,-0.0927408263087273,12.9621419906616,0.672992825508118,2.40044331550598,-0.263510882854462,1.91660886023171,-0.0536762539263765,0.652376352821226
137704,0.0167365,2.55586628615856,0.0621686577796936,-29.056619644165,0.181001842021942,12.8867635726929,0.630878567695618,2.42607808113098,-0.282736957073212,1.90924684972948,-0.252456826780877,1.39190018346753
137708,0.016643,2.5725092869252,0.0621686577796936,-29.056619644165,0.181001842021942,12.8867635726929,0.630878567695618,2.42607808113098,-0.282736957073212,1.90924684972948,-0.252456826780877,1.39190018346753
137716,0.0166699,2.58917918615043,0.109776079654694,-29.1558017730713,0.0580160096287727,13.0613241195679,0.601581692695618,2.44621968269348,-0.257102191448212,1.47585045975794,-0.288464508777853,1.87789257781524
137718,0.0299572,2.61913638561964,0.109776079654694,-29.1558017730713,0.0580160096287727,13.0613241195679,0.601581692695618,2.44621968269348,-0.257102191448212,1.47585045975794,-0.288464508777853,1.87789257781524
137720,0.0166681,2.63580448552966,0.0343976616859436,-28.9574375152588,-0.0173624083399773,12.5376424789429,0.511860013008118,2.31529927253723,-0.276328265666962,1.40106622070943,-0.331530433560743,1.78201790901789
137724,0.0166681,2.65247258543968,0.0343976616859436,-28.9574375152588,-0.0173624083399773,12.5376424789429,0.511860013008118,2.31529927253723,-0.276328265666962,1.40106622070943,-0.331530433560743,1.78201790901789
137726,0.0166669,2.66913948580623,0.0343976616859436,-28.9574375152588,-0.0173624083399773,12.5376424789429,0.511860013008118,2.31529927253723,-0.276328265666962,1.40106622070943,-0.331530433560743,1.78201790901789
137730,0.0166668,2.68580628558993,-0.314723432064056,-29.4295444488525,-0.445829212665558,12.9859457015991,0.506366848945618,2.39403462409973,-0.250693500041962,1.14335170450645,-0.363922528554376,2.06934740352239
137732,0.0166664,2.70247268490493,-0.314723432064056,-29.4295444488525,-0.445829212665558,12.9859457015991,0.506366848945618,2.39403462409973,-0.250693500041962,1.14335170450645,-0.363922528554376,2.06934740352239
137736,0.0166677,2.71914038434625,-0.362330853939056,-29.5287265777588,-0.445829212665558,13.1605062484741,0.499958157539368,2.34093403816223,-0.289145648479462,1.20062367304607,-0.660411422950072,2.31393475924359
137740,0.0166667,2.73580708354712,-0.112391889095306,-29.7985019683838,-0.195890247821808,13.2834920883179,0.422138333320618,2.38671040534973,-0.289145648479462,1.07790047505115,-0.463068132790801,2.22181932560652
137744,0.0166663,2.75247338414192,-0.112391889095306,-29.7985019683838,-0.195890247821808,13.2834920883179,0.422138333320618,2.38671040534973,-0.289145648479462,1.07790047505115,-0.463068132790801,2.22181932560652
137748,0.0166669,2.76914028450847,-0.263148725032806,-29.89768409729,-0.370450794696808,13.0097494125366,0.321430325508118,2.40044331550598,-0.263510882854462,0.926646248351882,-0.437987748283356,2.43633875449882
137750,0.0166672,2.78580748476088,-0.739222943782806,-29.7508945465088,-0.945707142353058,12.8351888656616,0.338825345039368,2.38030171394348,-0.353232562541962,0.817105450307945,-0.43193541081668,2.274523066042
137754,0.0166664,2.80247388407588,-0.739222943782806,-29.7508945465088,-0.945707142353058,12.8351888656616,0.338825345039368,2.38030171394348,-0.353232562541962,0.817105450307945,-0.43193541081668,2.274523066042
137756,0.0166674,2.81914128363132,-0.564662396907806,-29.7985019683838,-0.870328724384308,12.8629598617554,0.219806775450706,2.46544575691223,-0.308371722698212,0.886591648659914,-0.32487626369876,2.57676838300747
137760,0.0166664,2.83580768294632,0.0621686577796936,-29.1319980621338,-0.0927408263087273,12.1647176742554,0.177692517638206,2.23656392097473,-0.289145648479462,0.949893063699183,-0.423515252232149,2.28672792590801
137762,0.0166668,2.85247448273003,0.0621686577796936,-29.1319980621338,-0.0927408263087273,12.1647176742554,0.177692517638206,2.23656392097473,-0.289145648479462,0.949893063699183,-0.423515252232149,2.28672792590801
137766,0.0166673,2.86914178356528,-0.239345014095306,-29.6517124176025,-0.545011341571808,13.1089315414429,0.0229684021323919,2.36748433113098,-0.359641253948212,1.00175127622073,-0.349171737531618,2.31973868423037
137770,0.0166669,2.88580868393183,-0.239345014095306,-29.6517124176025,-0.545011341571808,13.1089315414429,0.0229684021323919,2.36748433113098,-0.359641253948212,1.00175127622073,-0.349171737531618,2.31973868423037
137774,0.0166672,2.90247588418424,0.161350786685944,-29.9730625152588,-0.144315540790558,13.4064779281616,-0.0246390197426081,2.37389302253723,-0.346823871135712,1.01707312830131,-0.417860358161723,2.15758630243312
137776,0.0166665,2.91914238408208,0.284336626529694,-29.3541660308838,-0.0173624083399773,12.9621419906616,-0.179363146424294,2.34093403816223,-0.366049945354462,0.65811846735009,-0.167210334607386,2.25777574557234
137780,0.0166675,2.93580988422036,0.284336626529694,-29.3541660308838,-0.0173624083399773,12.9621419906616,-0.179363146424294,2.34093403816223,-0.366049945354462,0.65811846735009,-0.167210334607386,2.25777574557234
137782,0.016666,2.9524758849293,0.284336626529694,-29.3541660308838,-0.0173624083399773,12.9621419906616,-0.179363146424294,2.34093403816223,-0.366049945354462,0.65811846735009,-0.167210334607386,2.25777574557234
137786,0.0166673,2.96914318576455,0.335911333560944,-28.6876621246338,-0.0451334044337273,13.1843099594116,-0.226970568299294,2.25578999519348,-0.366049945354462,0.542403607515298,-0.0857916693007415,2.65085560371567
137790,0.0166666,2.98580978624523,0.335911333560944,-28.6876621246338,-0.0451334044337273,13.1843099594116,-0.226970568299294,2.25578999519348,-0.366049945354462,0.542403607515298,-0.0857916693007415,2.65085560371567
137794,0.0166671,3.0024768859148,0.435093462467194,-28.390115737915,0.105623431503773,12.8351888656616,-0.269084811210632,2.13860249519348,-0.353232562541962,0.749774843935083,-0.259962046467237,2.36658100245157
137796,0.0166675,3.01914438605309,0.387486040592194,-28.4139194488525,0.0580160096287727,12.9859457015991,-0.311199069023132,2.17064595222473,-0.340415179729462,0.664643944391909,-0.192978160628807,2.25041073608364
137800,0.0166664,3.03581078536808,0.387486040592194,-28.4139194488525,0.0580160096287727,12.9859457015991,-0.311199069023132,2.17064595222473,-0.340415179729462,0.664643944391909,-0.192978160628807,2.25041073608364
137804,0.0166672,3.0524779856205,0.137547075748444,-28.7114658355713,-0.243497669696808,13.4818563461304,-0.316692233085632,2.27593159675598,-0.378867328166962,0.56793621520253,0.104992415720228,2.63839725542782
137806,0.0166688,3.0691467858851,0.137547075748444,-28.7114658355713,-0.243497669696808,13.4818563461304,-0.316692233085632,2.27593159675598,-0.378867328166962,0.56793621520253,0.104992415720228,2.63839725542782
137810,0.0166651,3.08581188507378,0.0105939507484436,-28.0449619293213,-0.370450794696808,13.1367025375366,-0.286479830741882,2.17064595222473,-0.366049945354462,0.58160649652418,0.0216513267156253,2.44352119746256
137812,0.016668,3.10247988440096,0.0621686577796936,-28.43772315979,-0.342679798603058,13.7317953109741,-0.280986666679382,2.21001362800598,-0.372458636760712,0.780519992331091,-0.0201116479581951,2.54366198009111
137818,0.0194652,3.12194508500397,0.161350786685944,-28.390115737915,-0.195890247821808,13.7555990219116,-0.316692233085632,2.21001362800598,-0.385276019573212,0.635531692111818,-0.0439812445997234,2.88499535723413
137822,0.0188971,3.1408421844244,0.0343976616859436,-28.612283706665,-0.342679798603058,13.7794027328491,-0.358806490898132,2.18437886238098,-0.443869769573212,0.514404020798248,-0.124970152949787,2.64194808671069
137824,0.0166682,3.15751038491726,0.0343976616859436,-28.612283706665,-0.342679798603058,13.7794027328491,-0.358806490898132,2.18437886238098,-0.443869769573212,0.514404020798248,-0.124970152949787,2.64194808671069
137828,0.0166672,3.17417758516967,-0.187770307064056,-28.5369052886963,-0.469632923603058,13.5572347640991,-0.203166857361794,2.11205220222473,-0.314780414104462,0.774994816908225,-0.229380632206884,2.51856295720385
137830,0.0166669,3.19084448553622,-0.362330853939056,-28.9336338043213,-0.846525013446808,13.7317953109741,-0.286479830741882,2.21001362800598,-0.410910785198212,0.685952877127369,0.248862599023202,2.49798912271398
137836,0.0166677,3.20751218497753,-0.362330853939056,-28.9336338043213,-0.846525013446808,13.7317953109741,-0.286479830741882,2.21001362800598,-0.410910785198212,0.685952877127369,0.248862599023202,2.49798912271398
137838,0.0166658,3.22417798452079,0.0343976616859436,-29.1081943511963,-0.195890247821808,13.9063558578491,-0.304790377616882,2.15141987800598,-0.404502093791962,0.736503648385085,0.0121779335118932,2.37662424100258
137842,0.0166681,3.24084608443081,0.0343976616859436,-29.1081943511963,-0.195890247821808,13.9063558578491,-0.304790377616882,2.15141987800598,-0.404502093791962,0.736503648385085,0.0121779335118932,2.37662424100258
137844,0.0166663,3.25751238502562,0.0343976616859436,-29.1081943511963,-0.195890247821808,13.9063558578491,-0.304790377616882,2.15141987800598,-0.404502093791962,0.736503648385085,0.0121779335118932,2.37662424100258
137848,0.0166672,3.27417958527803,0.0621686577796936,-29.1319980621338,-0.0927408263087273,14.0769491195679,-0.262676119804382,2.13127827644348,-0.391684710979462,0.959892046974474,0.0253510436018719,2.40661004677257
137852,0.0166669,3.29084648564458,0.0621686577796936,-29.1319980621338,-0.0927408263087273,14.0769491195679,-0.262676119804382,2.13127827644348,-0.391684710979462,0.959892046974474,0.0253510436018719,2.40661004677257
137856,0.0166664,3.30751288495958,-0.0370134711265564,-29.2549839019775,-0.144315540790558,14.1285238265991,-0.250774264335632,2.21001362800598,-0.359641253948212,0.949310386994103,-0.0372500108221313,2.3863707581256
137858,0.0166664,3.32417928427458,0.260532915592194,-28.7352695465088,0.00644130259752274,13.4818563461304,-0.286479830741882,2.07909321784973,-0.385276019573212,1.01560030643131,-0.0668655666603042,2.14389160314276
137862,0.0166682,3.34084748476744,0.260532915592194,-28.7352695465088,0.00644130259752274,13.4818563461304,-0.286479830741882,2.07909321784973,-0.385276019573212,1.01560030643131,-0.0668655666603042,2.14389160314276
137864,0.0166666,3.35751408524811,0.260532915592194,-28.7352695465088,0.00644130259752274,13.4818563461304,-0.286479830741882,2.07909321784973,-0.385276019573212,1.01560030643131,-0.0668655666603042,2.14389160314276
137868,0.0166664,3.37418048456311,0.411289751529694,-28.78684425354,0.105623431503773,13.6564168930054,-0.280986666679382,2.11846089363098,-0.404502093791962,1.12851582994302,-0.269061283247602,1.82772822037917
137872,0.0166674,3.39084788411856,0.411289751529694,-28.78684425354,0.105623431503773,13.6564168930054,-0.280986666679382,2.11846089363098,-0.404502093791962,1.12851582994302,-0.269061283247602,1.82772822037917
137876,0.0166671,3.40751498378813,0.411289751529694,-28.78684425354,0.105623431503773,13.6564168930054,-0.280986666679382,2.11846089363098,-0.404502093791962,1.12851582994302,-0.269061283247602,1.82772822037917
137878,0.0166667,3.424181682989,0.212925493717194,-29.056619644165,-0.0927408263087273,14.2039022445679,-0.292888522148132,2.13127827644348,-0.378867328166962,1.25539315097127,-0.164911835280885,1.71570867723194
137882,0.016667,3.44084868207574,0.212925493717194,-29.056619644165,-0.0927408263087273,14.2039022445679,-0.292888522148132,2.13127827644348,-0.378867328166962,1.25539315097127,-0.164911835280885,1.71570867723194
137884,0.0166666,3.45751528255641,0.0105939507484436,-29.1558017730713,-0.219693958759308,14.0293416976929,-0.269084811210632,2.15782856941223,-0.410910785198212,1.33418100281588,-0.1978445768845,1.86954510562795
137888,0.0166691,3.47418438270688,-0.0370134711265564,-29.2073764801025,-0.243497669696808,14.0531454086304,-0.257182955741882,2.09191060066223,-0.366049945354462,1.33768445300684,0.193118545995111,1.99357909824733
137892,0.0166649,3.49084928259254,-0.0370134711265564,-29.2073764801025,-0.243497669696808,14.0531454086304,-0.257182955741882,2.09191060066223,-0.366049945354462,1.33768445300684,0.193118545995111,1.99357909824733
137896,0.0166669,3.50751618295908,-0.112391889095306,-28.8106479644775,-0.342679798603058,13.8547811508179,-0.233379259705544,2.03972554206848,-0.398093402385712,1.1966543777556,0.201057429064109,1.30124130442991
137898,0.0166656,3.52418178319931,-0.112391889095306,-28.8106479644775,-0.342679798603058,13.8547811508179,-0.233379259705544,2.03972554206848,-0.398093402385712,1.1966543777556,0.201057429064109,1.30124130442991
137902,0.0166691,3.54085088334978,-0.390101850032806,-29.056619644165,-0.644193470478058,14.1047201156616,-0.191265001893044,2.04613423347473,-0.321189105510712,1.52933895433878,0.128358302248296,1.27640256025563
137904,0.0174057,3.55825658328831,0.109776079654694,-29.00901222229,-0.168119251728058,14.0293416976929,-0.274577975273132,2.07909321784973,-0.378867328166962,1.43391849925125,0.0871270206533615,1.3183319667224
137908,0.0170083,3.57526488415897,-0.239345014095306,-29.3303623199463,-0.545011341571808,14.1523275375366,-0.238872423768044,2.07268452644348,-0.404502093791962,1.40167257948064,0.0483698833404442,1.31509704080642
137912,0.0166667,3.59193158335984,-0.239345014095306,-29.3303623199463,-0.545011341571808,14.1523275375366,-0.238872423768044,2.07268452644348,-0.404502093791962,1.40167257948064,0.0483698833404442,1.31509704080642
137916,0.0166662,3.60859778337181,-0.0370134711265564,-29.1081943511963,-0.342679798603058,13.7079916000366,-0.269084811210632,2.05986714363098,-0.410910785198212,1.40034525585893,0.0695554276628262,1.21707567797932
137918,0.0166668,3.62526458315551,-0.140162885189056,-29.3541660308838,-0.493436634540558,14.1761312484741,-0.233379259705544,2.10564351081848,-0.372458636760712,1.45802988930117,0.215146024317866,1.24339778809972
137922,0.0166682,3.64193278364837,-0.140162885189056,-29.3541660308838,-0.493436634540558,14.1761312484741,-0.233379259705544,2.10564351081848,-0.372458636760712,1.45802988930117,0.215146024317866,1.24339778809972
137926,0.016665,3.65859778411686,-0.140162885189056,-29.3541660308838,-0.493436634540558,14.1761312484741,-0.233379259705544,2.10564351081848,-0.372458636760712,1.45802988930117,0.215146024317866,1.24339778809972
137930,0.0166677,3.67526548355818,-0.0647844672203064,-29.4017734527588,-0.394254505634308,14.2277059555054,-0.245281115174294,2.05345845222473,-0.410910785198212,1.55353162211498,0.11341039063774,1.0591743909974
137932,0.0170481,3.69231358356774,-0.0647844672203064,-29.4017734527588,-0.394254505634308,14.2277059555054,-0.245281115174294,2.05345845222473,-0.410910785198212,1.55353162211498,0.11341039063774,1.0591743909974
137936,0.0166681,3.70898168347776,-0.0132097601890564,-28.8860263824463,-0.318876087665558,13.5572347640991,-0.221477404236794,1.98113167285919,-0.366049945354462,1.7558261265212,0.0675083255886179,0.98057358419956
137940,0.0187099,3.7276915833354,-0.0132097601890564,-28.8860263824463,-0.318876087665558,13.5572347640991,-0.221477404236794,1.98113167285919,-0.366049945354462,1.7558261265212,0.0675083255886179,0.98057358419956
137944,0.0172474,3.74493898265064,0.0343976616859436,-29.0328159332275,-0.219693958759308,13.7794027328491,-0.203166857361794,2.01409077644348,-0.378867328166962,1.58171769209559,0.244829252701804,1.30320603156749
137946,0.0189454,3.76388438232243,-0.0370134711265564,-29.0328159332275,-0.267301380634308,13.8547811508179,-0.233379259705544,2.00676655769348,-0.398093402385712,1.54716528369388,0.241069671783995,1.33279671214576
137950,0.0166673,3.78055168315768,-0.0370134711265564,-29.0328159332275,-0.267301380634308,13.8547811508179,-0.233379259705544,2.00676655769348,-0.398093402385712,1.54716528369388,0.241069671783995,1.33279671214576
137954,0.0177318,3.79828348383307,0.137547075748444,-29.3779697418213,-0.144315540790558,14.0531454086304,-0.257182955741882,2.03972554206848,-0.378867328166962,1.48895260061177,0.252819914170508,1.14360627566814
137958,0.0166671,3.81495058350265,0.137547075748444,-29.3779697418213,-0.144315540790558,14.0531454086304,-0.257182955741882,2.03972554206848,-0.378867328166962,1.48895260061177,0.252819914170508,1.14360627566814
137960,0.016667,3.83161758258939,0.0859723687171936,-29.5525302886963,-0.295072376728058,14.1523275375366,-0.269084811210632,2.06627583503723,-0.410910785198212,1.5987952350125,0.135884483730157,1.08134101272701
137964,0.0166664,3.84828398190439,-0.263148725032806,-29.5763339996338,-0.521207630634308,14.1047201156616,-0.245281115174294,2.08550190925598,-0.353232562541962,1.70669280075834,0.117572592593992,0.893610495206139
137968,0.0171335,3.8654174823314,-0.263148725032806,-29.5763339996338,-0.521207630634308,14.1047201156616,-0.245281115174294,2.08550190925598,-0.353232562541962,1.70669280075834,0.117572592593992,0.893610495206139
137972,0.016667,3.88208448141813,-0.263148725032806,-29.5525302886963,-0.620389759540558,14.1523275375366,-0.185771837830544,2.02049946784973,-0.366049945354462,1.5751842923794,0.23338500795267,0.872199967281922
137974,0.0202514,3.90233588218689,-0.215541303157806,-29.627908706665,-0.671964466571808,14.3506917953491,-0.197673693299294,2.03972554206848,-0.366049945354462,1.47744631766023,0.21152831872211,1.11992144465198
137978,0.0166681,3.91900398209691,-0.215541303157806,-29.627908706665,-0.671964466571808,14.3506917953491,-0.197673693299294,2.03972554206848,-0.366049945354462,1.47744631766023,0.21152831872211,1.11992144465198
137980,0.0166672,3.93567118234932,-0.163966596126556,-29.6993198394775,-0.469632923603058,14.2277059555054,-0.215068712830544,2.04613423347473,-0.353232562541962,1.56506155762326,0.283471485057415,0.869722438174775
137984,0.0166669,3.95233808271587,-0.187770307064056,-29.9214878082275,-0.493436634540558,14.3268880844116,-0.191265001893044,2.06627583503723,-0.334006488323212,1.69133327440567,0.203997203673204,1.20878132726915
137988,0.0166665,3.96900458261371,-0.187770307064056,-29.9214878082275,-0.493436634540558,14.3268880844116,-0.191265001893044,2.06627583503723,-0.334006488323212,1.69133327440567,0.203997203673204,1.20878132726915
137992,0.0166672,3.98567178286612,-0.140162885189056,-29.627908706665,-0.521207630634308,14.5490560531616,-0.233379259705544,2.11205220222473,-0.385276019573212,1.51151729514475,0.192237293981068,1.25824281705777
137994,0.0166662,4.00233798287809,-0.140162885189056,-29.627908706665,-0.521207630634308,14.5490560531616,-0.233379259705544,2.11205220222473,-0.385276019573212,1.51151729514475,0.192237293981068,1.25824281705777
137998,0.0166668,4.0190047826618,-0.0885881781578064,-29.6001377105713,-0.295072376728058,14.6006307601929,-0.226970568299294,2.06627583503723,-0.378867328166962,1.49495364269957,0.249763317414604,1.0814101700811
138002,0.0166662,4.03567098267376,-0.0885881781578064,-29.4295444488525,-0.445829212665558,13.9539632797241,-0.269084811210632,1.98754036426544,-0.391684710979462,1.39382427013563,0.106829557809888,1.44330319034042
138006,0.016667,4.0523379817605,-0.0885881781578064,-29.4295444488525,-0.445829212665558,13.9539632797241,-0.269084811210632,1.98754036426544,-0.391684710979462,1.39382427013563,0.106829557809888,1.44330319034042
138008,0.0171832,4.06952118128538,-0.0885881781578064,-29.4295444488525,-0.445829212665558,13.9539632797241,-0.269084811210632,1.98754036426544,-0.391684710979462,1.39382427013563,0.106829557809888,1.44330319034042
138012,0.0166673,4.08618848212063,-0.140162885189056,-29.5763339996338,-0.370450794696808,13.8309774398804,-0.274577975273132,1.96099007129669,-0.417319476604462,1.38194486102653,-0.115207949696453,1.62827850057055
138014,0.0199803,4.1061687823385,-0.140162885189056,-29.5763339996338,-0.370450794696808,13.8309774398804,-0.274577975273132,1.96099007129669,-0.417319476604462,1.38194486102653,-0.115207949696453,1.62827850057055
138020,0.0166712,4.12283998169005,-0.140162885189056,-29.5525302886963,-0.469632923603058,13.8785848617554,-0.292888522148132,2.00676655769348,-0.385276019573212,1.30503082201983,-0.183049268050573,1.62032632610755
138024,0.0301468,4.15298678167164,-0.140162885189056,-29.5525302886963,-0.469632923603058,13.8785848617554,-0.292888522148132,2.00676655769348,-0.385276019573212,1.30503082201983,-0.183049268050573,1.62032632610755
138028,0.0184271,4.17141388170421,-0.140162885189056,-29.5287265777588,-0.445829212665558,13.8309774398804,-0.257182955741882,1.93535530567169,-0.417319476604462,1.30568077574372,-0.220799980903807,1.51015590000632
138030,0.0166678,4.18808168172836,-0.0370134711265564,-29.8223056793213,-0.168119251728058,14.0531454086304,-0.257182955741882,2.05345845222473,-0.404502093791962,0.987850478840863,-0.125503179168285,2.00064094637492
138034,0.0166675,4.20474918186665,-0.0370134711265564,-29.8223056793213,-0.168119251728058,14.0531454086304,-0.257182955741882,2.05345845222473,-0.404502093791962,0.987850478840863,-0.125503179168285,2.00064094637492
138038,0.0166668,4.22141598165035,-0.0370134711265564,-29.7746982574463,-0.469632923603058,13.7794027328491,-0.226970568299294,2.02049946784973,-0.404502093791962,0.629299775840289,-0.444878162854475,1.81997333178065
138040,0.016667,4.23808298073709,-0.0370134711265564,-29.7746982574463,-0.469632923603058,13.7794027328491,-0.226970568299294,2.02049946784973,-0.404502093791962,0.629299775840289,-0.444878162854475,1.81997333178065
138044,0.0166672,4.2547501809895,-0.0370134711265564,-29.7746982574463,-0.469632923603058,13.7794027328491,-0.226970568299294,2.02049946784973,-0.404502093791962,0.629299775840289,-0.444878162854475,1.81997333178065
138046,0.0166684,4.27141858078539,-0.0647844672203064,-29.6993198394775,-0.445829212665558,13.4818563461304,-0.274577975273132,2.00035786628723,-0.385276019573212,0.126604871371497,-0.609430043448614,2.298023935904
138050,0.0166654,4.28808397985995,-0.0647844672203064,-29.6993198394775,-0.445829212665558,13.4818563461304,-0.274577975273132,2.00035786628723,-0.385276019573212,0.126604871371497,-0.609430043448614,2.298023935904
138054,0.0166666,4.30475058034062,-0.0647844672203064,-29.7270908355713,-0.418058216571808,13.4818563461304,-0.262676119804382,2.04613423347473,-0.372458636760712,-0.128391418658108,-0.89484900334554,2.18773877819826
138058,0.0166684,4.32141898013651,-0.0647844672203064,-29.6993198394775,-0.469632923603058,13.4342489242554,-0.245281115174294,2.03972554206848,-0.346823871135712,-0.0935181987004102,-0.896477760798629,2.11784356864024
138060,0.0166668,4.33808577992022,-0.0647844672203064,-29.6993198394775,-0.469632923603058,13.4342489242554,-0.245281115174294,2.03972554206848,-0.346823871135712,-0.0935181987004102,-0.896477760798629,2.11784356864024
138064,0.016666,4.35475178062916,-0.0370134711265564,-29.7746982574463,-0.295072376728058,13.5572347640991,-0.274577975273132,2.11205220222473,-0.372458636760712,-0.327027829656421,-0.936191840812881,2.27690918562458
138068,0.0166674,4.3714191801846,-0.0370134711265564,-29.7746982574463,-0.295072376728058,13.5572347640991,-0.274577975273132,2.11205220222473,-0.372458636760712,-0.327027829656421,-0.936191840812881,2.27690918562458
138070,0.0166669,4.38808608055115,-0.0370134711265564,-29.7746982574463,-0.295072376728058,13.5572347640991,-0.274577975273132,2.11205220222473,-0.372458636760712,-0.327027829656421,-0.936191840812881,2.27690918562458
138074,0.0166667,4.40475277975202,-0.163966596126556,-29.8738803863525,-0.545011341571808,13.7794027328491,-0.238872423768044,2.13860249519348,-0.301963031291962,-0.737274252489639,-1.15831340136931,2.51933254903859
138078,0.0166671,4.42141987942159,-0.163966596126556,-29.8738803863525,-0.545011341571808,13.7794027328491,-0.238872423768044,2.13860249519348,-0.301963031291962,-0.737274252489639,-1.15831340136931,2.51933254903859
138080,0.0166665,4.43808637931943,-0.0885881781578064,-29.7270908355713,-0.267301380634308,13.4342489242554,-0.286479830741882,2.13860249519348,-0.327597796916962,-0.822938700921691,-1.00679551387686,2.26079946491297
138084,0.0166672,4.45475357957184,-0.0885881781578064,-29.8738803863525,-0.469632923603058,13.6802206039429,-0.257182955741882,2.17064595222473,-0.366049945354462,-0.890050818342742,-1.07958574960949,2.40817777151956
138086,0.016668,4.47142157889903,-0.0885881781578064,-29.8738803863525,-0.469632923603058,13.6802206039429,-0.257182955741882,2.17064595222473,-0.366049945354462,-0.890050818342742,-1.07958574960949,2.40817777151956
138090,0.0166657,4.48808727972209,-0.0370134711265564,-29.7985019683838,-0.342679798603058,13.6564168930054,-0.286479830741882,2.17064595222473,-0.295554339885712,-1.25106824315072,-1.22849262367972,2.42736691788441
138094,0.0166672,4.50475447997451,-0.0370134711265564,-29.7985019683838,-0.342679798603058,13.6564168930054,-0.286479830741882,2.17064595222473,-0.295554339885712,-1.25106824315072,-1.22849262367972,2.42736691788441
138098,0.0166668,4.52142127975822,0.0105939507484436,-29.7985019683838,-0.342679798603058,13.8071737289429,-0.280986666679382,2.18437886238098,-0.327597796916962,-1.17301535871604,-1.14588509730723,2.34194013483443
138100,0.016667,4.53808827884495,0.0105939507484436,-29.7985019683838,-0.342679798603058,13.8071737289429,-0.280986666679382,2.18437886238098,-0.327597796916962,-1.17301535871604,-1.14588509730723,2.34194013483443
138104,0.0166674,4.5547556784004,0.0105939507484436,-29.8738803863525,-0.295072376728058,13.8071737289429,-0.280986666679382,2.19078755378723,-0.263510882854462,-1.17548307066899,-1.2009141024136,2.34777127456195
138106,0.0166678,4.57142347842455,0.0859723687171936,-29.7508945465088,-0.267301380634308,13.5056600570679,-0.274577975273132,2.16423726081848,-0.289145648479462,-1.26913629857288,-1.02332436618863,2.49680714307818
138110,0.0166672,4.58809067867696,0.0859723687171936,-29.7508945465088,-0.267301380634308,13.5056600570679,-0.274577975273132,2.16423726081848,-0.289145648479462,-1.26913629857288,-1.02332436618863,2.49680714307818
138114,0.016667,4.6047576777637,0.0343976616859436,-29.7985019683838,-0.394254505634308,13.4818563461304,-0.257182955741882,2.15141987800598,-0.276328265666962,-1.42930325097646,-1.07839866060273,2.44495294559727
138118,0.0166669,4.62142457813025,-0.0647844672203064,-29.5525302886963,-0.493436634540558,13.3350667953491,-0.245281115174294,2.12486958503723,-0.19301526248455,-1.50653598572975,-1.06313908134981,2.07967170085354
138120,0.016666,4.63809057883918,-0.0647844672203064,-29.5525302886963,-0.493436634540558,13.3350667953491,-0.245281115174294,2.12486958503723,-0.19301526248455,-1.50653598572975,-1.06313908134981,2.07967170085354
138124,0.0166683,4.65475887805223,-0.0370134711265564,-29.4771518707275,-0.342679798603058,13.5572347640991,-0.226970568299294,2.15141987800598,-0.18569104373455,-1.6804315894446,-0.94648362695145,2.64507048893265
138128,0.0166669,4.67142577841878,-0.0370134711265564,-29.4771518707275,-0.342679798603058,13.5572347640991,-0.226970568299294,2.15141987800598,-0.18569104373455,-1.6804315894446,-0.94648362695145,2.64507048893265
138132,0.0166664,4.68809217773378,-0.0370134711265564,-29.4771518707275,-0.342679798603058,13.5572347640991,-0.226970568299294,2.15141987800598,-0.18569104373455,-1.6804315894446,-0.94648362695145,2.64507048893265
138134,0.0166659,4.70475807785988,0.0105939507484436,-29.7270908355713,-0.243497669696808,13.3826742172241,-0.221477404236794,2.16423726081848,-0.14723889529705,-1.59239256041521,-0.837926480496519,2.40949623073403
138138,0.0166679,4.72142597846687,0.0105939507484436,-29.7270908355713,-0.243497669696808,13.3826742172241,-0.221477404236794,2.16423726081848,-0.14723889529705,-1.59239256041521,-0.837926480496519,2.40949623073403
138140,0.0166665,4.73809247836471,0.0105939507484436,-29.6001377105713,-0.295072376728058,13.4818563461304,-0.209575548768044,2.16423726081848,-0.12160412967205,-1.73972745223682,-0.828446806547861,2.49630045013284
138144,0.016667,4.75475947745144,0.0859723687171936,-29.5525302886963,-0.219693958759308,13.3826742172241,-0.203166857361794,2.17705464363098,-0.0959693640470505,-1.62419090375324,-0.746609456693864,2.36141615119299
138148,0.016667,4.77142647653818,0.0859723687171936,-29.5525302886963,-0.219693958759308,13.3826742172241,-0.203166857361794,2.17705464363098,-0.0959693640470505,-1.62419090375324,-0.746609456693864,2.36141615119299
138152,0.0166669,4.78809337690473,0.185154497623444,-29.7508945465088,-0.168119251728058,13.6088094711304,-0.197673693299294,2.17064595222473,-0.0511085242033005,-1.7103967833746,-0.531554136650573,2.21166635419449
138154,0.0166687,4.80476207658648,0.185154497623444,-29.7508945465088,-0.168119251728058,13.6088094711304,-0.197673693299294,2.17064595222473,-0.0511085242033005,-1.7103967833746,-0.531554136650573,2.21166635419449
138158,0.0166649,4.82142697647214,0.161350786685944,-29.627908706665,-0.144315540790558,13.5810384750366,-0.197673693299294,2.11846089363098,-0.0575172156095505,-1.69123597091859,-0.299933399069989,2.13639089749975
138162,0.0171158,4.83854277618229,0.161350786685944,-29.627908706665,-0.144315540790558,13.5810384750366,-0.197673693299294,2.11846089363098,-0.0575172156095505,-1.69123597091859,-0.299933399069989,2.13639089749975
138166,0.0166679,4.85521067678928,0.0621686577796936,-29.5287265777588,-0.168119251728058,13.4580526351929,-0.185771837830544,2.10564351081848,-0.0446998327970505,-1.76888402979194,-0.26967736429555,2.37739834055444
138168,0.0199453,4.87515597604215,0.185154497623444,-29.6001377105713,-0.144315540790558,13.4818563461304,-0.179363146424294,2.09923481941223,-0.0254737585783005,-1.64293605384169,-0.220150983886885,2.33761522567301
138174,0.016668,4.89182397536933,0.185154497623444,-29.6001377105713,-0.144315540790558,13.4818563461304,-0.179363146424294,2.09923481941223,-0.0254737585783005,-1.64293605384169,-0.220150983886885,2.33761522567301
138176,0.0188693,4.91069327481091,0.185154497623444,-29.5287265777588,-0.0689371153712273,13.4818563461304,-0.179363146424294,2.09191060066223,0.0322044640779495,-1.5611863950288,-0.133661432016811,2.29842927225048
138180,0.0166685,4.92736177518964,0.109776079654694,-29.5525302886963,-0.0927408263087273,13.4580526351929,-0.173869982361794,2.07909321784973,0.0514305382966995,-1.52857409286569,-0.0744970391057061,2.20451536134884
138182,0.0166656,4.94402737542987,0.109776079654694,-29.5525302886963,-0.0927408263087273,13.4580526351929,-0.173869982361794,2.07909321784973,0.0514305382966995,-1.52857409286569,-0.0744970391057061,2.20451536134884
138186,0.0166677,4.96069507487118,0.462864458560944,-29.4017734527588,0.105623431503773,13.4818563461304,-0.155559435486794,2.08550190925598,0.10361559689045,-1.40292060544057,0.0843102370737189,2.27179383107712
138190,0.0169617,4.97765677422285,0.212925493717194,-29.3779697418213,0.0580160096287727,13.4818563461304,-0.155559435486794,2.08550190925598,0.0972069054841995,-1.42773043432934,0.159120117455566,2.31275278919281
138194,0.020917,4.99857377447188,0.137547075748444,-29.2549839019775,0.0302450135350227,13.4342489242554,-0.138164415955544,2.07909321784973,0.1741112023592,-1.29074045926463,0.217851463213351,1.97147054816688
138198,0.0166692,5.01524297520518,0.137547075748444,-29.2549839019775,0.0302450135350227,13.4342489242554,-0.138164415955544,2.07909321784973,0.1741112023592,-1.29074045926463,0.217851463213351,1.97147054816688
138200,0.0166652,5.03190817497671,0.161350786685944,-29.23118019104,0.0818197205662727,13.4342489242554,-0.138164415955544,2.06627583503723,0.14206774532795,-1.28943990772646,0.220428741307321,1.99891905917601
138204,0.0166682,5.04857637546957,0.387486040592194,-29.0328159332275,0.133394420146942,13.3826742172241,-0.126262560486794,2.09923481941223,0.24460680782795,-1.46145960498641,0.586437558793153,2.20621532616705
138206,0.0167164,5.06529277563095,0.387486040592194,-29.0328159332275,0.133394420146942,13.3826742172241,-0.126262560486794,2.09923481941223,0.24460680782795,-1.46145960498641,0.586437558793153,2.20621532616705
138212,0.0166671,5.08195987530053,0.387486040592194,-28.9098300933838,0.157198131084442,13.3588705062866,-0.119853861629963,2.13127827644348,0.251015484333038,-1.18024681749257,0.605123538380861,1.4474104599844
138214,0.0179126,5.09987247548997,0.387486040592194,-28.9098300933838,0.157198131084442,13.3588705062866,-0.119853861629963,2.13127827644348,0.251015484333038,-1.18024681749257,0.605123538380861,1.4474104599844
138218,0.0166679,5.11654037609696,0.387486040592194,-28.8860263824463,0.0818197205662727,13.2834920883179,-0.0786551311612129,2.16423726081848,0.283058941364288,-1.11136875240739,0.577971539899855,1.18673376699811
138220,0.016666,5.1332063768059,0.387486040592194,-28.8860263824463,0.0818197205662727,13.2834920883179,-0.0786551311612129,2.16423726081848,0.283058941364288,-1.11136875240739,0.577971539899855,1.18673376699811
138224,0.0166674,5.14987377636135,0.387486040592194,-28.8860263824463,0.0818197205662727,13.2834920883179,-0.0786551311612129,2.16423726081848,0.283058941364288,-1.11136875240739,0.577971539899855,1.18673376699811
138230,0.0277373,5.17761107720435,-0.0885881781578064,-29.1081943511963,-0.0927408263087273,13.4064779281616,-0.0548514202237129,2.17705464363098,0.289467632770538,-1.10731128357531,0.607748447291935,1.14606657975956
138232,0.0182308,5.19584187678993,-0.0885881781578064,-29.1081943511963,-0.0927408263087273,13.4064779281616,-0.0548514202237129,2.17705464363098,0.289467632770538,-1.10731128357531,0.607748447291935,1.14606657975956
138234,0.0166682,5.21251007728279,-0.540858685970306,-29.1796054840088,-0.445829212665558,13.4818563461304,-0.00632847286760807,2.21001362800598,0.270241558551788,-0.983578336199043,0.668053622475517,1.19088508492722
138240,0.0166665,5.22917657718062,-0.540858685970306,-29.1796054840088,-0.445829212665558,13.4818563461304,-0.00632847286760807,2.21001362800598,0.270241558551788,-0.983578336199043,0.668053622475517,1.19088508492722
138242,0.0166673,5.24584387801588,-0.540858685970306,-29.1796054840088,-0.445829212665558,13.4818563461304,-0.00632847286760807,2.21001362800598,0.270241558551788,-0.983578336199043,0.668053622475517,1.19088508492722
138246,0.0166668,5.26251067779958,-0.263148725032806,-29.4771518707275,-0.418058216571808,13.7317953109741,-0.0365408733487129,2.27593159675598,0.270241558551788,-0.769956176314372,0.979437600682506,1.0990223178215
138248,0.0166671,5.27917777746916,-0.263148725032806,-29.4771518707275,-0.418058216571808,13.7317953109741,-0.0365408733487129,2.27593159675598,0.270241558551788,-0.769956176314372,0.979437600682506,1.0990223178215
138252,0.016667,5.2958447765559,-0.465480268001556,-29.2549839019775,-0.418058216571808,13.6088094711304,-0.00083530880510807,2.33452534675598,0.2381981164217,-0.757735824213361,0.761662661159452,0.930912153462657
138254,0.0166665,5.31251127645373,-0.540858685970306,-29.3541660308838,-0.445829212665558,13.7317953109741,0.00557338260114193,2.36107563972473,0.2381981164217,-0.726026712809161,0.707018351898683,0.963090941258356
138260,0.0166671,5.32917837612331,-0.540858685970306,-29.3541660308838,-0.445829212665558,13.7317953109741,0.00557338260114193,2.36107563972473,0.2381981164217,-0.726026712809161,0.707018351898683,0.963090941258356
138262,0.0166666,5.34584497660398,-0.489283978939056,-29.1081943511963,-0.493436634540558,13.2596883773804,0.0412789508700371,2.34825825691223,0.270241558551788,-0.609158732036759,0.790630362744411,-0.00710320423068927
138264,0.016667,5.36251197569072,-0.489283978939056,-29.1081943511963,-0.493436634540558,13.2596883773804,0.0412789508700371,2.34825825691223,0.270241558551788,-0.609158732036759,0.790630362744411,-0.00710320423068927
138270,0.0184088,5.3809207752347,-0.338527143001556,-29.4017734527588,-0.521207630634308,13.6088094711304,0.0531808063387871,2.45262837409973,0.24460680782795,-0.642672442795491,0.683461316713584,-0.0485132506242355
138272,0.0166672,5.39758797548711,-0.338527143001556,-29.4017734527588,-0.521207630634308,13.6088094711304,0.0531808063387871,2.45262837409973,0.24460680782795,-0.642672442795491,0.683461316713584,-0.0485132506242355
138276,0.0166672,5.41425517573953,-0.338527143001556,-29.4017734527588,-0.521207630634308,13.6088094711304,0.0531808063387871,2.45262837409973,0.24460680782795,-0.642672442795491,0.683461316713584,-0.0485132506242355
138278,0.0166672,5.43092237599194,-0.263148725032806,-29.6517124176025,-0.469632923603058,13.5056600570679,0.0586739704012871,2.55699849128723,0.263832867145538,-0.615006315542038,0.514448150199859,0.0574891813541273
138282,0.0166678,5.44759017601609,-0.112391889095306,-29.3779697418213,-0.318876087665558,13.4818563461304,0.0531808063387871,2.53136372566223,0.257424175739288,-0.570516552091191,0.482172461437376,-0.156909500472993
138286,0.0166673,5.46425747685134,-0.112391889095306,-29.3779697418213,-0.318876087665558,13.4818563461304,0.0531808063387871,2.53136372566223,0.257424175739288,-0.570516552091191,0.482172461437376,-0.156909500472993
138290,0.0166657,5.48092317767441,-0.314723432064056,-29.3779697418213,-0.545011341571808,13.2596883773804,0.0943795368075371,2.50481343269348,0.263832867145538,-0.757707878080831,0.357369132609118,-0.137371358052029
138292,0.0166672,5.49759037792683,-0.314723432064056,-29.3779697418213,-0.545011341571808,13.2596883773804,0.0943795368075371,2.50481343269348,0.263832867145538,-0.757707878080831,0.357369132609118,-0.137371358052029
138296,0.016667,5.51425737701356,-0.465480268001556,-29.4771518707275,-0.771146595478058,13.2081136703491,0.0943795368075371,2.55058979988098,0.257424175739288,-0.691978793766361,0.155968529333993,-0.177443699868153
138298,0.0166686,5.53092597611248,-0.437709271907806,-28.9574375152588,-0.671964466571808,12.6368246078491,0.0769845172762871,2.47185444831848,0.257424175739288,-0.874279689014258,0.00413849889427739,-0.323879723521123
138302,0.0166654,5.54759137518704,-0.437709271907806,-28.9574375152588,-0.671964466571808,12.6368246078491,0.0769845172762871,2.47185444831848,0.257424175739288,-0.874279689014258,0.00413849889427739,-0.323879723521123
138306,0.0166667,5.56425807438791,-0.465480268001556,-29.3065586090088,-0.695768177509308,12.9621419906616,0.100788228213787,2.57073140144348,0.24460680782795,-0.844114481630342,0.105169158487287,-0.157919316101105
138312,0.0204623,5.58472037501633,-0.513087689876556,-29.3303623199463,-0.747342884540558,12.6368246078491,0.0888863727450371,2.47917866706848,0.24460680782795,-1.29053834152655,-0.0393481061992534,-0.0061344895553646
138314,0.0166671,5.60138747468591,-0.314723432064056,-29.7508945465088,-0.545011341571808,12.4146566390991,0.118183247745037,2.53136372566223,0.276650249958038,-1.27289964350149,-0.290638192031017,-0.324725200871524
138316,0.0166674,5.61805487424135,-0.687648236751556,-29.6517124176025,-0.818754017353058,12.6130208969116,0.160297498106956,2.50481343269348,0.270241558551788,-1.18824874381671,-0.528559021255538,-0.113996905509998
138320,0.0166672,5.63472207449377,-0.687648236751556,-29.6517124176025,-0.818754017353058,12.6130208969116,0.160297498106956,2.50481343269348,0.270241558551788,-1.18824874381671,-0.528559021255538,-0.113996905509998
138324,0.0166666,5.65138867497444,-0.112391889095306,-29.8738803863525,-0.295072376728058,12.4900350570679,0.124591939151287,2.53136372566223,0.257424175739288,-1.43876641815143,-0.385645367363064,-0.0220439233959993
138326,0.0166675,5.66805617511272,-0.112391889095306,-29.8738803863525,-0.295072376728058,12.4900350570679,0.124591939151287,2.53136372566223,0.257424175739288,-1.43876641815143,-0.385645367363064,-0.0220439233959993
138330,0.0166671,5.6847232747823,-0.187770307064056,-30.34202003479,-0.394254505634308,13.1843099594116,0.201496228575706,2.57714009284973,0.263832867145538,-1.42821495292758,-0.697697301213388,-0.0117816225620821
138332,0.0166666,5.70138987526298,-0.362330853939056,-30.2190341949463,-0.418058216571808,12.9621419906616,0.196003064513206,2.61009907722473,0.276650249958038,-1.36381935515722,-0.783573692374797,0.142923438190028
138336,0.0166667,5.71805657446384,-0.362330853939056,-30.2190341949463,-0.418058216571808,12.9621419906616,0.196003064513206,2.61009907722473,0.276650249958038,-1.36381935515722,-0.783573692374797,0.142923438190028
138340,0.0166669,5.73472347483039,-0.489283978939056,-30.4927768707275,-0.620389759540558,13.1605062484741,0.285724759101868,2.63573384284973,0.270241558551788,-1.50134157380084,-0.858122735867723,0.852621406518687
138344,0.0166668,5.7513902746141,-0.187770307064056,-30.5919589996338,-0.295072376728058,13.2834920883179,0.214313611388206,2.64305806159973,0.2381981164217,-1.54370892099764,-0.704616905030636,0.84731636745548
138346,0.0166671,5.76805737428367,-0.187770307064056,-30.5919589996338,-0.295072376728058,13.2834920883179,0.214313611388206,2.64305806159973,0.2381981164217,-1.54370892099764,-0.704616905030636,0.84731636745548
138352,0.0180241,5.7860814742744,-0.263148725032806,-30.7903232574463,-0.318876087665558,12.9621419906616,0.273822903633118,2.56432271003723,0.251015484333038,-1.83865987187904,-0.708111094061414,1.58359390715153
138354,0.0166675,5.80274897441268,-0.263148725032806,-30.7903232574463,-0.318876087665558,12.9621419906616,0.273822903633118,2.56432271003723,0.251015484333038,-1.83865987187904,-0.708111094061414,1.58359390715153
138358,0.0166674,5.81941637396812,-0.263148725032806,-30.7903232574463,-0.318876087665558,12.9621419906616,0.273822903633118,2.56432271003723,0.251015484333038,-1.83865987187904,-0.708111094061414,1.58359390715153
138360,0.0166668,5.83608317375183,-0.437709271907806,-30.0484409332275,-0.469632923603058,13.0613241195679,0.362629055976868,2.58995747566223,0.263832867145538,-1.68681585320098,-1.12997611061794,1.27515627275793
138364,0.0166669,5.85275007411838,-0.437709271907806,-30.0484409332275,-0.469632923603058,13.0613241195679,0.362629055976868,2.58995747566223,0.263832867145538,-1.68681585320098,-1.12997611061794,1.27515627275793
138366,0.0166666,5.86941667459905,-0.437709271907806,-30.0484409332275,-0.469632923603058,13.0613241195679,0.362629055976868,2.58995747566223,0.263832867145538,-1.68681585320098,-1.12997611061794,1.27515627275793
138370,0.0166672,5.88608387485147,-0.739222943782806,-29.4017734527588,-0.620389759540558,12.7360067367554,0.434040188789368,2.45262837409973,0.289467632770538,-1.51924931509328,-1.17801666857627,1.3278758801452
138372,0.0166668,5.90275067463517,-0.739222943782806,-29.4017734527588,-0.620389759540558,12.7360067367554,0.434040188789368,2.45262837409973,0.289467632770538,-1.51924931509328,-1.17801666857627,1.3278758801452
138378,0.0166666,5.91941727511585,-0.790797650814056,-29.23118019104,-0.644193470478058,13.2834920883179,0.530170559883118,2.35466694831848,0.20615465939045,-1.40211376534238,-1.25540544303434,2.54061936883858
138380,0.0166674,5.93608467467129,-0.790797650814056,-29.23118019104,-0.644193470478058,13.2834920883179,0.530170559883118,2.35466694831848,0.20615465939045,-1.40211376534238,-1.25540544303434,2.54061936883858
138384,0.0166694,5.95275407470763,-0.790797650814056,-29.23118019104,-0.644193470478058,13.2834920883179,0.530170559883118,2.35466694831848,0.20615465939045,-1.40211376534238,-1.25540544303434,2.54061936883858
138386,0.0166638,5.96941787563264,-1.06454038619995,-28.8860263824463,-0.921903431415558,13.2834920883179,0.553974270820618,2.24297261238098,0.21897204220295,-1.11990658474215,-1.42061470688835,2.70347550951496
138392,0.0166663,5.98608417622745,-1.06454038619995,-28.8860263824463,-0.921903431415558,13.2834920883179,0.553974270820618,2.24297261238098,0.21897204220295,-1.11990658474215,-1.42061470688835,2.70347550951496
138394,0.0166665,6.00275067612529,-0.513087689876556,-28.9336338043213,-0.394254505634308,13.0375204086304,0.547565579414368,2.15782856941223,0.24460680782795,-0.917632441800418,-1.42258919134583,2.41212087817897
138398,0.0166676,6.01941827684641,-0.687648236751556,-28.1441440582275,-0.521207630634308,12.7122030258179,0.506366848945618,2.13127827644348,0.23178942501545,-0.576260211463167,-1.32594248233487,1.98651927193877
138400,0.0166668,6.03608507663012,-0.687648236751556,-28.1441440582275,-0.521207630634308,12.7122030258179,0.506366848945618,2.13127827644348,0.23178942501545,-0.576260211463167,-1.32594248233487,1.98651927193877
138404,0.0166671,6.05275217629969,-0.290919721126556,-28.4654941558838,-0.120511822402477,13.2358846664429,0.470661282539368,2.17064595222473,0.20615465939045,-0.738640588048848,-1.23894830168041,2.8653379862759
138406,0.0166666,6.06941877678037,-0.290919721126556,-28.4654941558838,-0.120511822402477,13.2358846664429,0.470661282539368,2.17064595222473,0.20615465939045,-0.738640588048848,-1.23894830168041,2.8653379862759
138410,0.0166672,6.08608597703278,-0.290919721126556,-28.4654941558838,-0.120511822402477,13.2358846664429,0.470661282539368,2.17064595222473,0.20615465939045,-0.738640588048848,-1.23894830168041,2.8653379862759
138412,0.0166671,6.10275307670236,-0.290919721126556,-28.3385410308838,-0.144315540790558,13.0851278305054,0.470661282539368,2.11205220222473,0.2125633507967,-0.721208787280561,-1.17550555968365,2.96506760340631
138418,0.016668,6.11942107602954,-0.362330853939056,-27.723611831665,-0.195890247821808,12.8113851547241,0.476154446601868,2.08550190925598,0.276650249958038,-0.693944419639315,-1.32013955917196,3.11067536307932
138420,0.0166669,6.13608797639608,-0.362330853939056,-27.723611831665,-0.195890247821808,12.8113851547241,0.476154446601868,2.08550190925598,0.276650249958038,-0.693944419639315,-1.32013955917196,3.11067536307932
138424,0.0166659,6.15275387652218,-0.362330853939056,-27.4974765777588,-0.120511822402477,12.8351888656616,0.464252591133118,2.00676655769348,0.251015484333038,-0.562959448001875,-1.05595696657069,2.56039953317712
138426,0.0166669,6.16942077688873,-0.362330853939056,-27.4974765777588,-0.120511822402477,12.8351888656616,0.464252591133118,2.00676655769348,0.251015484333038,-0.562959448001875,-1.05595696657069,2.56039953317712
138430,0.0166676,6.18608837760985,-0.640040814876556,-28.1163730621338,-0.0689371153712273,13.2834920883179,0.482563138008118,2.04613423347473,0.270241558551788,-0.253498339254594,-0.800979189705554,2.90970203227852
138436,0.021622,6.20771037787199,-0.640040814876556,-28.1163730621338,-0.0689371153712273,13.2834920883179,0.482563138008118,2.04613423347473,0.270241558551788,-0.253498339254594,-0.800979189705554,2.90970203227852
138438,0.0192371,6.22694747708738,-0.413905560970306,-28.390115737915,-0.0451334044337273,14.0531454086304,0.494464993476868,2.10564351081848,0.263832867145538,0.158710564862455,-0.667828475594079,2.78676477639232
138440,0.0166683,6.24361577630043,-0.413905560970306,-28.390115737915,-0.0451334044337273,14.0531454086304,0.494464993476868,2.10564351081848,0.263832867145538,0.158710564862455,-0.667828475594079,2.78676477639232
138444,0.0166665,6.26028227619827,-0.413905560970306,-28.390115737915,-0.0451334044337273,14.0531454086304,0.494464993476868,2.10564351081848,0.263832867145538,0.158710564862455,-0.667828475594079,2.78676477639232
138448,0.0166708,6.27695307694376,-0.814601361751556,-29.3779697418213,-0.418058216571808,14.5014486312866,0.523761868476868,2.10564351081848,0.276650249958038,0.624348710484585,-0.201905770155483,2.69672636239342
138452,0.0166637,6.29361677728593,-0.814601361751556,-29.3779697418213,-0.418058216571808,14.5014486312866,0.523761868476868,2.10564351081848,0.276650249958038,0.624348710484585,-0.201905770155483,2.69672636239342
138454,0.0166683,6.31028507649899,-0.715419232845306,-29.4295444488525,-0.445829212665558,14.4498739242554,0.518268704414368,2.13860249519348,0.283058941364288,0.657049351477015,-0.193111600936255,2.62599738924693
138458,0.0166655,6.32695057615638,-2.2904314994812,-31.2346591949463,-2.10018706321716,16.0169525146484,0.642780423164368,2.30156636238098,0.1869285851717,0.601149545371654,-0.0985706308343984,2.54676606988891
138460,0.0166675,6.34361807629466,-2.2904314994812,-31.2346591949463,-2.10018706321716,16.0169525146484,0.642780423164368,2.30156636238098,0.1869285851717,0.601149545371654,-0.0985706308343984,2.54676606988891
138466,0.0166666,6.36028467677534,-4.04000425338745,-34.0792045593262,-3.67916655540466,17.4055023193359,0.803913235664368,2.46544575691223,-0.0767432898283005,0.943529632091213,-0.65721442202988,3.90995882257354
138468,0.0166691,6.3769537769258,-4.04000425338745,-34.0792045593262,-3.67916655540466,17.4055023193359,0.803913235664368,2.46544575691223,-0.0767432898283005,0.943529632091213,-0.65721442202988,3.90995882257354
138472,0.0166642,6.39361797645688,-4.04000425338745,-34.0792045593262,-3.67916655540466,17.4055023193359,0.803913235664368,2.46544575691223,-0.0767432898283005,0.943529632091213,-0.65721442202988,3.90995882257354
138476,0.0183409,6.41195887699723,-4.49227476119995,-35.6383476257324,-3.97671294212341,17.3816986083984,0.661090970039368,2.43981099128723,-0.2250587195158,1.58209931888996,-1.58562296357565,2.07047798743424
138480,0.0168444,6.42880327627063,-4.49227476119995,-35.6383476257324,-3.97671294212341,17.3816986083984,0.661090970039368,2.43981099128723,-0.2250587195158,1.58209931888996,-1.58562296357565,2.07047798743424
138482,0.0166681,6.44547137618065,-4.66683530807495,-36.4040336608887,-4.10366630554199,17.2587127685547,0.511860013008118,2.61009907722473,-0.276328265666962,1.54312890935283,-2.38803681317964,2.97093202038905
138486,0.0166667,6.46213807538152,-3.6155047416687,-34.2259941101074,-2.97695708274841,15.6678304672241,0.226215466856956,2.20360493659973,-0.276328265666962,0.797606859966928,-0.93401148083763,4.01800506093466
138488,0.0166669,6.47880497574806,-3.6155047416687,-34.2259941101074,-2.97695708274841,15.6678304672241,0.226215466856956,2.20360493659973,-0.276328265666962,0.797606859966928,-0.93401148083763,4.01800506093466
138492,0.0166668,6.49547177553177,-5.99190855026245,-31.4568271636963,-5.35732841491699,14.9973592758179,0.243610486388206,1.96831429004669,-0.2378761023283,0.980702254739888,-1.92962139332468,1.98094147214736
138494,0.016667,6.51213877461851,-5.99190855026245,-31.4568271636963,-5.35732841491699,14.9973592758179,0.243610486388206,1.96831429004669,-0.2378761023283,0.980702254739888,-1.92962139332468,1.98094147214736
138498,0.0166668,6.52880557440221,-5.2896990776062,-29.6001377105713,-4.60354423522949,14.9219808578491,0.303119778633118,1.98754036426544,-0.18569104373455,-0.0524997670603834,-1.02611181310003,2.41090187430292
138502,0.0166672,6.54547277465463,-5.2896990776062,-29.6001377105713,-4.60354423522949,14.9219808578491,0.303119778633118,1.98754036426544,-0.18569104373455,-0.0524997670603834,-1.02611181310003,2.41090187430292
138506,0.0166669,6.56213967502117,-3.4409441947937,-26.4620151519775,-2.77462553977966,12.7360067367554,-0.161968126893044,1.43730843067169,-0.417319476604462,-0.165368598644025,-2.44490288021339,2.58816369212969
138508,0.0166674,6.57880707457662,-4.3137469291687,-22.1813144683838,-3.47683501243591,13.4064779281616,0.422138333320618,1.37139046192169,-0.269919574260712,-1.45489976399313,-0.85730513348067,3.00268080301651
138512,0.0166669,6.59547397494316,-5.64278745651245,-21.48703956604,-4.78207206726074,12.4384603500366,-0.126262560486794,1.17546761035919,-0.410910785198212,-1.49255216779657,-0.302069332460186,2.44188255693254
138518,0.0212311,6.61670507490635,-0.338527143001556,-18.8924350738525,0.482515513896942,14.6760091781616,0.511860013008118,1.35857307910919,-0.391684710979462,-2.04753823993623,-0.964747383976217,3.05400190867968
138520,0.0167261,6.63343117572367,-0.338527143001556,-18.8924350738525,0.482515513896942,14.6760091781616,0.511860013008118,1.35857307910919,-0.391684710979462,-2.04753823993623,-0.964747383976217,3.05400190867968
138522,0.0166679,6.65009907633066,-0.338527143001556,-18.8924350738525,0.482515513896942,14.6760091781616,0.511860013008118,1.35857307910919,-0.391684710979462,-2.04753823993623,-0.964747383976217,3.05400190867968
138526,0.0166698,6.6667688768357,2.3116192817688,-15.504373550415,3.36276459693909,12.7875814437866,-0.179363146424294,1.44371712207794,-0.295554339885712,-1.75720426183991,-0.826917395145563,2.10896125855298
138528,0.016666,6.68343487754464,2.3116192817688,-15.504373550415,3.36276459693909,12.7875814437866,-0.179363146424294,1.44371712207794,-0.295554339885712,-1.75720426183991,-0.826917395145563,2.10896125855298
138534,0.016669,6.70010387711227,-3.69088315963745,-15.060037612915,-2.17556548118591,16.7866058349609,-0.430217623710632,1.83006966114044,-0.597678363323212,-2.97934672347286,2.13801837355721,2.95361121531492
138536,0.0166641,6.71676797792315,-3.69088315963745,-15.060037612915,-2.17556548118591,16.7866058349609,-0.430217623710632,1.83006966114044,-0.597678363323212,-2.97934672347286,2.13801837355721,2.95361121531492
138538,0.0166669,6.7334348782897,-3.69088315963745,-15.060037612915,-2.17556548118591,16.7866058349609,-0.430217623710632,1.83006966114044,-0.597678363323212,-2.97934672347286,2.13801837355721,2.95361121531492
138542,0.0166671,6.75010197795928,11.166600227356,-12.8581943511963,11.8844928741455,13.1605062484741,-0.990520358085632,1.98113167285919,-0.269919574260712,-2.17911242562329,-3.34727883162395,2.27060628170659
138546,0.0166673,6.76676927879453,11.166600227356,-12.8581943511963,11.8844928741455,13.1605062484741,-0.990520358085632,1.98113167285919,-0.269919574260712,-2.17911242562329,-3.34727883162395,2.27060628170659
138548,0.0166666,6.7834358792752,0.661228716373444,-14.1673984527588,1.96231293678284,18.6750335693359,0.482563138008118,2.10564351081848,-0.20583264529705,-2.46551773203649,1.14077690121199,3.06296414076621
138552,0.016667,6.80010287836194,0.661228716373444,-14.1673984527588,1.96231293678284,18.6750335693359,0.482563138008118,2.10564351081848,-0.20583264529705,-2.46551773203649,1.14077690121199,3.06296414076621
138556,0.0166659,6.81676877848804,0.661228716373444,-14.1673984527588,1.96231293678284,18.6750335693359,0.482563138008118,2.10564351081848,-0.20583264529705,-2.46551773203649,1.14077690121199,3.06296414076621
138558,0.0166675,6.83343627862632,5.21170473098755,-14.044412612915,6.36996650695801,15.7194051742554,-0.102458842098713,1.85661995410919,-0.372458636760712,-0.664912462176966,-0.253850519077033,3.17084639853175
138562,0.016667,6.85010327771306,5.21170473098755,-14.044412612915,6.36996650695801,15.7194051742554,-0.102458842098713,1.85661995410919,-0.372458636760712,-0.664912462176966,-0.253850519077033,3.17084639853175
138566,0.016667,6.8667702767998,5.9139142036438,-14.5879306793213,6.87381172180176,14.7236166000366,0.0174752380698919,1.64696419239044,-0.1408302038908,-0.118736076914189,-1.01097562501108,2.95379310014214
138568,0.0166667,6.88343697600067,3.53751039505005,-14.8339023590088,4.96951484680176,14.3268880844116,-0.471416354179382,1.83647835254669,-0.359641253948212,1.33822134805051,-0.27585814145612,1.640554567813
138572,0.0166672,6.90010417625308,3.53751039505005,-14.8339023590088,4.96951484680176,14.3268880844116,-0.471416354179382,1.83647835254669,-0.359641253948212,1.33822134805051,-0.27585814145612,1.640554567813
138576,0.0166667,6.91677087545395,-0.640040814876556,-18.02756690979,0.383333384990692,17.9767913818359,-0.209575548768044,2.58354878425598,-0.340415179729462,-1.1333669799257,-0.303923171486116,0.235327775837048
138578,0.0166674,6.93343827500939,-0.640040814876556,-18.02756690979,0.383333384990692,17.9767913818359,-0.209575548768044,2.58354878425598,-0.340415179729462,-1.1333669799257,-0.303923171486116,0.235327775837048
138582,0.0166661,6.95010437443852,-0.640040814876556,-18.02756690979,0.383333384990692,17.9767913818359,-0.209575548768044,2.58354878425598,-0.340415179729462,-1.1333669799257,-0.303923171486116,0.235327775837048
138586,0.0166674,6.96677177399397,-4.66683530807495,-17.5078525543213,-4.05209159851074,17.9291839599609,-0.131755724549294,2.53777241706848,-0.450278460979462,-0.541393168860946,1.4319086936408,1.95348544835885
138590,0.0166667,6.98343847319484,2.6369366645813,-19.6581211090088,3.16440033912659,17.1595306396484,0.0348702594637871,3.02941060066223,-0.2122413367033,-1.58643155346101,-3.45296777077081,3.26488985912343
138592,0.0166683,7.00010677240789,2.6369366645813,-19.6581211090088,3.16440033912659,17.1595306396484,0.0348702594637871,3.02941060066223,-0.2122413367033,-1.58643155346101,-3.45296777077081,3.26488985912343
138598,0.0183173,7.0184240732342,1.91092348098755,-21.7131748199463,1.96231293678284,15.6916341781616,-0.316692233085632,2.66228413581848,-0.423728168010712,-0.0149291276997415,-0.789595640117379,2.03928042660872
138600,0.0166673,7.03509137406945,1.91092348098755,-21.7131748199463,1.96231293678284,15.6916341781616,-0.316692233085632,2.66228413581848,-0.423728168010712,-0.0149291276997415,-0.789595640117379,2.03928042660872
138602,0.0166678,7.0517591740936,0.911167681217194,-23.4905185699463,0.383333384990692,13.9063558578491,0.0824776813387871,2.11846089363098,-0.314780414104462,0.452501308607246,-0.551588091655896,0.883739416030282
138606,0.016667,7.06842617318034,3.7874493598938,-29.056619644165,2.86288666725159,13.2358846664429,0.153888806700706,2.38030171394348,-0.263510882854462,0.420619531993584,-2.271307513389,0.647856540452138
138610,0.0166673,7.08509347401559,3.7874493598938,-29.056619644165,2.86288666725159,13.2358846664429,0.153888806700706,2.38030171394348,-0.263510882854462,0.420619531993584,-2.271307513389,0.647856540452138
138612,0.0166663,7.1017597746104,2.0101056098938,-32.6668510437012,0.784029185771942,14.0531454086304,0.255512356758118,2.36748433113098,-0.21865002810955,1.13502757672895,-2.63204130738629,0.839931011805586
138618,0.016667,7.11842677369714,-1.23910093307495,-31.0600986480713,-3.07613921165466,13.9539632797241,-0.0786551311612129,1.73851692676544,-0.353232562541962,1.60964644770759,-1.9262512238282,-1.80753296155458
138620,0.0166668,7.13509357348084,-1.23910093307495,-31.0600986480713,-3.07613921165466,13.9539632797241,-0.0786551311612129,1.73851692676544,-0.353232562541962,1.60964644770759,-1.9262512238282,-1.80753296155458
138624,0.0166671,7.15176067315042,-1.26290464401245,-34.2259941101074,-3.32607817649841,14.3784627914429,0.219806775450706,2.54418110847473,-0.353232562541962,0.797302455174566,-2.25670433652775,1.80298098363019
138626,0.0166663,7.16842697374523,-1.26290464401245,-34.2259941101074,-3.32607817649841,14.3784627914429,0.219806775450706,2.54418110847473,-0.353232562541962,0.797302455174566,-2.25670433652775,1.80298098363019
138630,0.0166669,7.18509387411177,-1.26290464401245,-34.2259941101074,-3.32607817649841,14.3784627914429,0.219806775450706,2.54418110847473,-0.353232562541962,0.797302455174566,-2.25670433652775,1.80298098363019
138632,0.0166674,7.20176127366722,-0.715419232845306,-36.1064872741699,-3.20309233665466,14.8981771469116,0.678485989570618,2.28234028816223,-0.2378761023283,1.91396432710067,-3.45261598432411,-0.317053298661537
138638,0.016666,7.21842727437615,-0.715419232845306,-36.1064872741699,-3.20309233665466,14.8981771469116,0.678485989570618,2.28234028816223,-0.2378761023283,1.91396432710067,-3.45261598432411,-0.317053298661537
138640,0.0189871,7.23741437494755,0.760410845279694,-40.4109916687012,-2.69924712181091,17.3578948974609,0.530170559883118,2.96349263191223,-0.346823871135712,2.45556631489171,-2.41527224166607,-1.04093742552271
138644,0.016668,7.25408237427473,0.962742388248444,-36.1818656921387,-2.14779448509216,14.8743734359741,0.577777981758118,2.30889058113098,-0.301963031291962,2.43346672712499,-2.62617226793682,-0.199694527841685
138646,0.0166668,7.27074917405844,0.962742388248444,-36.1818656921387,-2.14779448509216,14.8743734359741,0.577777981758118,2.30889058113098,-0.301963031291962,2.43346672712499,-2.62617226793682,-0.199694527841685
138650,0.0166703,7.28741947375238,1.38724184036255,-39.8674736022949,-1.59634184837341,14.1285238265991,0.445942044258118,2.53777241706848,-0.308371722698212,3.6745623036083,-3.53643919058251,-2.73343035433965
138652,0.0166654,7.30408487282693,1.4864239692688,-36.6262016296387,-1.87405180931091,14.6760091781616,0.618976712226868,2.37389302253723,-0.263510882854462,2.75066820393067,-3.09560718365009,-0.789883168955677
138656,0.0166679,7.32075277343392,1.4864239692688,-36.6262016296387,-1.87405180931091,14.6760091781616,0.618976712226868,2.37389302253723,-0.263510882854462,2.75066820393067,-3.09560718365009,-0.789883168955677
138660,0.0166662,7.33741897344589,1.3356671333313,-37.7648124694824,-2.14779448509216,15.6916341781616,0.630878567695618,2.65587544441223,-0.321189105510712,3.0514619435307,-3.29373250089422,-2.63130469773015
138664,0.0166672,7.35408617369831,0.859592974185944,-37.7132377624512,-2.72701811790466,15.7908163070679,0.702289700508118,2.75383687019348,-0.308371722698212,2.68565780730467,-3.1306689447463,-1.01812913437586
138666,0.0166668,7.37075297348201,0.859592974185944,-37.7132377624512,-2.72701811790466,15.7908163070679,0.702289700508118,2.75383687019348,-0.308371722698212,2.68565780730467,-3.1306689447463,-1.01812913437586
138670,0.0166774,7.38743037357926,0.435093462467194,-34.2259941101074,-2.79842925071716,13.7555990219116,0.720600247383118,2.32170796394348,-0.353232562541962,2.09039280259405,-2.91088699534033,-2.12584756548671
138672,0.0166666,7.40409697405994,0.435093462467194,-34.2259941101074,-2.79842925071716,13.7555990219116,0.720600247383118,2.32170796394348,-0.353232562541962,2.09039280259405,-2.91088699534033,-2.12584756548671
138678,0.0182772,7.42237417399883,-0.0132097601890564,-33.9562187194824,-2.79842925071716,13.2081136703491,0.756305813789368,2.30156636238098,-0.327597796916962,1.78096108946696,-2.71420553207018,-2.15972102330348
138682,0.0179923,7.44036647491157,-0.0132097601890564,-33.9562187194824,-2.79842925071716,13.2081136703491,0.756305813789368,2.30156636238098,-0.327597796916962,1.78096108946696,-2.71420553207018,-2.15972102330348
138684,0.0166677,7.45703417435288,-0.0132097601890564,-33.9562187194824,-2.79842925071716,13.2081136703491,0.756305813789368,2.30156636238098,-0.327597796916962,1.78096108946696,-2.71420553207018,-2.15972102330348
138686,0.016673,7.47370717488229,-0.390101850032806,-34.2259941101074,-3.02456450462341,13.6802206039429,0.988849759101868,2.27593159675598,-0.314780414104462,1.09695845191964,-1.84189902776346,-0.332318085119642
138690,0.0166612,7.49036837555468,-0.390101850032806,-34.2259941101074,-3.02456450462341,13.6802206039429,0.988849759101868,2.27593159675598,-0.314780414104462,1.09695845191964,-1.84189902776346,-0.332318085119642
138694,0.0166671,7.50703547522426,-0.715419232845306,-34.3767509460449,-3.34988188743591,13.9301595687866,1.04286587238312,2.28234028816223,-0.334006488323212,1.07206088665503,-1.78492382493866,-0.298942170038326
138698,0.0166669,7.5237023755908,-0.187770307064056,-34.2021903991699,-2.52468657493591,13.0097494125366,1.04286587238312,2.18437886238098,-0.340415179729462,0.98297330021702,-2.64555535674466,0.20416022604939
138700,0.0166734,7.54037577472627,-0.187770307064056,-34.2021903991699,-2.52468657493591,13.0097494125366,1.04286587238312,2.18437886238098,-0.340415179729462,0.98297330021702,-2.64555535674466,0.20416022604939
138704,0.0172821,7.55765787512064,-1.0129656791687,-33.1151542663574,-2.94918608665466,12.6130208969116,1.06666958332062,1.85021126270294,-0.353232562541962,0.954464695896033,-2.86994597190608,-0.976937770476187
138706,0.0166672,7.57432507537305,-1.0129656791687,-33.1151542663574,-2.94918608665466,12.6130208969116,1.06666958332062,1.85021126270294,-0.353232562541962,0.954464695896033,-2.86994597190608,-0.976937770476187
138710,0.0166678,7.59099287539721,-1.0129656791687,-33.1151542663574,-2.94918608665466,12.6130208969116,1.06666958332062,1.85021126270294,-0.353232562541962,0.954464695896033,-2.86994597190608,-0.976937770476187
138714,0.0166671,7.60765997506678,-0.814601361751556,-32.4446830749512,-2.60006499290466,13.3072957992554,1.01906216144562,1.89598762989044,-0.340415179729462,1.29486354230289,-2.16311783734064,1.81532775540525
138720,0.020133,7.62779297493398,-1.08834409713745,-32.7184257507324,-2.87380766868591,13.4580526351929,1.04286587238312,1.84380257129669,-0.327597796916962,1.20197493205117,-2.00346279469523,1.35799109273306
138722,0.0166673,7.64446027576923,-0.112391889095306,-32.7660331726074,-1.92165923118591,13.7317953109741,1.04835903644562,1.92894661426544,-0.353232562541962,1.48704530549798,-1.68637154417467,0.247155828563024
138726,0.0166675,7.66112777590752,-0.112391889095306,-32.7660331726074,-1.92165923118591,13.7317953109741,1.04835903644562,1.92894661426544,-0.353232562541962,1.48704530549798,-1.68637154417467,0.247155828563024
138728,0.0166668,7.67779457569122,-0.112391889095306,-32.7660331726074,-1.92165923118591,13.7317953109741,1.04835903644562,1.92894661426544,-0.353232562541962,1.48704530549798,-1.68637154417467,0.247155828563024
138732,0.0166668,7.69446137547493,0.510471880435944,-32.3455009460449,-1.39797759056091,15.1481161117554,1.04286587238312,2.06627583503723,-0.410910785198212,1.56800766226885,-2.13058855732538,0.0508777051157832
138734,0.0166672,7.71112857572734,0.510471880435944,-32.3455009460449,-1.39797759056091,15.1481161117554,1.04286587238312,2.06627583503723,-0.410910785198212,1.56800766226885,-2.13058855732538,0.0508777051157832
138738,0.0166667,7.72779527492821,2.41080141067505,-33.0873832702637,0.534090220928192,14.3030843734741,0.934833645820618,2.13860249519348,-0.23146741092205,1.49245667959827,-1.59146843737055,1.82825002745009
138742,0.0166684,7.7444636747241,2.56155824661255,-32.8929862976074,0.633272349834442,14.8981771469116,0.934833645820618,2.15782856941223,-0.23146741092205,1.54140270901962,-1.55489693932303,0.346381995529851
138746,0.0166816,7.76114527508616,2.56155824661255,-32.8929862976074,0.633272349834442,14.8981771469116,0.934833645820618,2.15782856941223,-0.23146741092205,1.54140270901962,-1.55489693932303,0.346381995529851
138748,0.0166519,7.77779717557132,2.51395082473755,-32.9167900085449,0.859407603740692,14.4260702133179,0.946735501289368,2.07909321784973,-0.17287366092205,1.46693316137138,-1.74844367303141,-0.69137568972371
138752,0.0166667,7.79446387477219,3.56131410598755,-34.0276298522949,1.83535981178284,12.9105672836304,0.881733059883118,1.84380257129669,0.1100242882967,1.74046511489457,-0.219550979779603,-0.294187406029094
138754,0.0166669,7.81113077513874,3.56131410598755,-34.0276298522949,1.83535981178284,12.9105672836304,0.881733059883118,1.84380257129669,0.1100242882967,1.74046511489457,-0.219550979779603,-0.294187406029094
138762,0.0223793,7.83351007476449,4.1365704536438,-32.8414115905762,2.61294770240784,13.2834920883179,0.666584134101868,1.98754036426544,0.283058941364288,0.160732880979275,-0.546826152725092,0.732067571418846
138764,0.0180706,7.85158067569137,4.1365704536438,-32.8414115905762,2.61294770240784,13.2834920883179,0.666584134101868,1.98754036426544,0.283058941364288,0.160732880979275,-0.546826152725092,0.732067571418846
138766,0.0166676,7.86824827641249,2.3116192817688,-29.3303623199463,1.41086030006409,13.5334310531616,0.637287259101868,1.88957893848419,0.19333727657795,-0.484044214311191,1.13684101801094,0.935896786131572
138770,0.0166675,7.88491577655077,2.3116192817688,-29.3303623199463,1.41086030006409,13.5334310531616,0.637287259101868,1.88957893848419,0.19333727657795,-0.484044214311191,1.13684101801094,0.935896786131572
138772,0.0166665,7.90158227644861,2.3116192817688,-29.3303623199463,1.41086030006409,13.5334310531616,0.637287259101868,1.88957893848419,0.19333727657795,-0.484044214311191,1.13684101801094,0.935896786131572
138776,0.0166671,7.91824937611818,-0.540858685970306,-28.2393589019775,-1.24722075462341,14.8743734359741,0.542072415351868,2.19078755378723,0.0907982140779495,-0.0326737682526343,2.0924126878737,-0.223213145761348
138780,0.0166664,7.93491577543318,-0.540858685970306,-28.2393589019775,-1.24722075462341,14.8743734359741,0.542072415351868,2.19078755378723,0.0907982140779495,-0.0326737682526343,2.0924126878737,-0.223213145761348
138784,0.0166669,7.95158267579973,2.6369366645813,-26.2120761871338,3.06521821022034,14.1761312484741,1.27540981769562,1.65978157520294,0.418556988239288,0.329754374959534,1.54388207146034,2.63957951752249
138786,0.0166669,7.96824957616627,2.6369366645813,-26.2120761871338,3.06521821022034,14.1761312484741,1.27540981769562,1.65978157520294,0.418556988239288,0.329754374959534,1.54388207146034,2.63957951752249
138790,0.0166686,7.98491817526519,-1.86593198776245,-24.7521152496338,-1.54873442649841,17.4055023193359,0.630878567695618,1.84380257129669,0.1612938195467,-1.25384107451191,1.35940493483706,0.107938803992956
138792,0.0166661,8.00158427469432,4.2635235786438,-22.6018466949463,4.96951484680176,14.8505697250366,1.22688686847687,1.88957893848419,0.392922222614288,-0.299303841955415,1.22765572600736,2.72797190788024
138796,0.0166663,8.01825057528913,4.2635235786438,-22.6018466949463,4.96951484680176,14.8505697250366,1.22688686847687,1.88957893848419,0.392922222614288,-0.299303841955415,1.22765572600736,2.72797190788024
138802,0.0229158,8.04116637445986,-2.4411883354187,-17.67844581604,-1.39797759056091,14.3506917953491,0.428547024726868,1.74492561817169,0.0907982140779495,-0.953538662148189,3.91229051037528,1.95710585084877
138804,0.017972,8.05913837440312,-2.4411883354187,-17.67844581604,-1.39797759056091,14.3506917953491,0.428547024726868,1.74492561817169,0.0907982140779495,-0.953538662148189,3.91229051037528,1.95710585084877
138808,0.0166683,8.07580667361617,-2.4411883354187,-17.67844581604,-1.39797759056091,14.3506917953491,0.428547024726868,1.74492561817169,0.0907982140779495,-0.953538662148189,3.91229051037528,1.95710585084877
138812,0.0166675,8.09247417375445,1.88711977005005,-15.155252456665,2.83908295631409,15.4178915023804,1.20308315753937,1.56182014942169,0.437783062458038,-3.23488393289666,0.869620671822008,4.27921697877935
138814,0.0166666,8.10914077423513,1.88711977005005,-15.155252456665,2.83908295631409,15.4178915023804,1.20308315753937,1.56182014942169,0.437783062458038,-3.23488393289666,0.869620671822008,4.27921697877935
138818,0.0166667,8.125807473436,-5.19051694869995,-14.6117343902588,-4.07986259460449,17.2309417724609,0.470661282539368,1.92894661426544,0.10361559689045,-2.50746649758941,3.62192664392571,3.56706042584438
138820,0.0166679,8.14247537404299,-3.56393003463745,-14.0682163238525,-2.47311186790466,15.2949056625366,1.04835903644562,1.41075813770294,0.367287456989288,-1.14852871872714,2.36250515305222,3.66444265517463
138824,0.0166661,8.15914147347212,-3.56393003463745,-14.0682163238525,-2.47311186790466,15.2949056625366,1.04835903644562,1.41075813770294,0.367287456989288,-1.14852871872714,2.36250515305222,3.66444265517463
138828,0.0166678,8.17580927349627,-6.21407651901245,-13.7984409332275,-5.18276786804199,15.7432088851929,0.506366848945618,1.49590218067169,0.2125633507967,-1.51603743429108,3.74847989337503,3.65030140179651
138832,0.0166664,8.19247567281127,0.835789263248444,-15.9249057769775,1.60922455787659,15.9891805648804,1.55556118488312,1.33934700489044,0.540322124958038,0.246726668472788,0.288672762615942,2.24000503884067
138834,0.0166667,8.20914237201214,0.835789263248444,-15.9249057769775,1.60922455787659,15.9891805648804,1.55556118488312,1.33934700489044,0.540322124958038,0.246726668472788,0.288672762615942,2.24000503884067
138838,0.0166897,8.22583207115531,-2.36580991744995,-16.2700595855713,-1.42178130149841,16.5366668701172,1.43562710285187,1.37139046192169,0.533913433551788,0.0453929762889729,1.86414101828906,2.19330794992257
138844,0.0214299,8.24726197123528,-6.31722593307495,-15.726541519165,-5.20657157897949,14.6006307601929,0.720600247383118,1.44371712207794,0.12925036251545,1.33757605819315,4.22043720421677,1.18419672030968
138846,0.0171328,8.26439477130771,-0.215541303157806,-16.964334487915,0.732454478740692,12.8629598617554,0.565876126289368,1.14891731739044,0.1997459679842,2.58161605650786,1.48086944477352,0.0243873535365551
138848,0.0166689,8.28106367215514,-9.11812877655029,-24.5299472808838,-8.48751640319824,19.7144622802734,0.565876126289368,2.89116597175598,0.2253807336092,-0.790355720300952,5.83698772848745,3.13896992329411
138852,0.0166661,8.29772977158427,-9.11812877655029,-24.5299472808838,-8.48751640319824,19.7144622802734,0.565876126289368,2.89116597175598,0.2253807336092,-0.790355720300952,5.83698772848745,3.13896992329411
138854,0.0166675,8.31439727172256,-9.16573619842529,-24.3315830230713,-8.51528739929199,19.4922943115234,0.518268704414368,2.81334614753723,0.21897204220295,-0.844324686988894,6.0459719700225,2.99837628259738
138860,0.0166663,8.33106357231736,-0.889979779720306,-25.9423007965088,-0.120511822402477,15.4694662094116,1.25709927082062,1.79711067676544,0.457009136676788,0.767056508768395,-0.265666787431178,1.49214831779189
138862,0.0166677,8.34773127175868,-0.889979779720306,-25.9423007965088,-0.120511822402477,15.4694662094116,1.25709927082062,1.79711067676544,0.457009136676788,0.767056508768395,-0.265666787431178,1.49214831779189
138866,0.0166665,8.36439777165651,1.73636293411255,-32.0995292663574,2.43838715553284,16.6120452880859,0.988849759101868,2.11205220222473,0.18051989376545,1.05870406676206,0.19697452927149,0.409857819102642
138868,0.0166677,8.38106547109783,1.73636293411255,-32.0995292663574,2.43838715553284,16.6120452880859,0.988849759101868,2.11205220222473,0.18051989376545,1.05870406676206,0.19697452927149,0.409857819102642
138872,0.0166659,8.39773137122393,-0.612269818782806,-31.8773593902588,0.256380259990692,17.4332733154297,1.45943081378937,2.11205220222473,0.463417828083038,0.40517465839929,-0.0284445277426423,0.120326934452836
138876,0.0166669,8.41439827159047,-4.56368589401245,-32.4724540710449,-4.12747001647949,15.7908163070679,0.392841458320618,2.24938130378723,0.251015484333038,0.136934484291412,3.1754247796386,0.890536929384655
138880,0.0166679,8.43106617219746,-4.56368589401245,-32.4724540710449,-4.12747001647949,15.7908163070679,0.392841458320618,2.24938130378723,0.251015484333038,0.136934484291412,3.1754247796386,0.890536929384655
138886,0.021035,8.45210117287934,-2.4649920463562,-33.8054618835449,-1.97323393821716,16.4374847412109,0.911029934883118,2.19719624519348,0.316017925739288,0.908549517087527,2.0873063638762,-0.980228044152326
138888,0.0216499,8.47375107370317,-1.58822202682495,-37.4434623718262,-1.02108550071716,17.6316375732422,0.946735501289368,2.49199604988098,0.15488512814045,1.44030111617961,1.87843093012778,-0.987553063038656
138890,0.0166681,8.49041917361319,-1.36605405807495,-33.8054618835449,-0.747342884540558,16.5604705810547,0.881733059883118,2.24297261238098,0.1741112023592,0.971571070609748,1.23689192283556,0.0456015654693963
138894,0.0179072,8.50832637399435,-1.36605405807495,-33.8054618835449,-0.747342884540558,16.5604705810547,0.881733059883118,2.24297261238098,0.1741112023592,0.971571070609748,1.23689192283556,0.0456015654693963
138898,0.0166669,8.5249932743609,-1.3382830619812,-34.3489799499512,-0.747342884540558,15.8661947250366,0.839618802070618,2.14501118659973,0.0843895226716995,1.36044636816433,1.76640309756806,-1.13879941017208
138900,0.0166671,8.54166037403047,-1.3144793510437,-34.6227226257324,-0.644193470478058,17.2071380615234,0.911029934883118,2.33452534675598,0.0257957726716995,1.59652097172056,1.56243330861522,-0.958824676468421
138904,0.0166662,8.55832657404244,-1.3144793510437,-34.6227226257324,-0.644193470478058,17.2071380615234,0.911029934883118,2.33452534675598,0.0257957726716995,1.59652097172056,1.56243330861522,-0.958824676468421
138906,0.0166671,8.57499367371202,-1.36605405807495,-32.8414115905762,-0.818754017353058,17.1079559326172,0.970539212226868,2.24938130378723,-0.0511085242033005,1.03664116286527,0.586754214335715,0.289993897900218
138910,0.0166671,8.59166077338159,-1.9651141166687,-31.4806308746338,-1.27102446556091,16.8857879638672,1.00075161457062,2.17064595222473,-0.10878674685955,1.44014110274697,0.463086843308144,-0.518301277852614
138914,0.0166672,8.608327973634,-1.9651141166687,-31.4806308746338,-1.27102446556091,16.8857879638672,1.00075161457062,2.17064595222473,-0.10878674685955,1.44014110274697,0.463086843308144,-0.518301277852614
138918,0.0166671,8.62499507330358,-2.21505308151245,-30.516580581665,-1.74709868431091,16.5128631591797,1.02455532550812,2.17064595222473,-0.23146741092205,2.12021491616501,0.102607837690392,-1.46598464500564
138920,0.0166673,8.64166237413883,-2.21505308151245,-30.516580581665,-1.74709868431091,16.5128631591797,1.02455532550812,2.17064595222473,-0.23146741092205,2.12021491616501,0.102607837690392,-1.46598464500564
138926,0.019262,8.66092437505722,-1.86593198776245,-31.0362949371338,-1.32259917259216,16.3383026123047,0.929340481758118,2.17705464363098,-0.276328265666962,1.89466400000477,0.0604167232583093,-1.12435061138616
138928,0.0184555,8.67937987484038,-1.9413104057312,-30.4412021636963,-1.44558501243591,16.6596527099609,0.911029934883118,2.23015522956848,-0.282736957073212,1.67091087229932,-0.348337802540381,-0.503822019962435
138932,0.0166677,8.69604757428169,-1.9413104057312,-30.4412021636963,-1.44558501243591,16.6596527099609,0.911029934883118,2.23015522956848,-0.282736957073212,1.67091087229932,-0.348337802540381,-0.503822019962435
138934,0.0166674,8.71271497383714,-1.9413104057312,-30.4412021636963,-1.44558501243591,16.6596527099609,0.911029934883118,2.23015522956848,-0.282736957073212,1.67091087229932,-0.348337802540381,-0.503822019962435
138938,0.0166667,8.72938167303801,-1.1875262260437,-29.89768409729,-0.771146595478058,16.1399383544922,0.922931790351868,2.09923481941223,-0.2250587195158,1.85341808149362,-0.528151025303798,-0.679650970467117
138942,0.0166685,8.74605017341673,-1.1875262260437,-29.89768409729,-0.771146595478058,16.1399383544922,0.922931790351868,2.09923481941223,-0.2250587195158,1.85341808149362,-0.528151025303798,-0.679650970467117
138946,0.0166656,8.76271577365696,-0.889979779720306,-30.8617343902588,-0.295072376728058,16.4612884521484,1.00716030597687,2.13127827644348,-0.19301526248455,1.57663789351134,-0.856878925616101,-0.649194581051341
138948,0.0166668,8.77938257344067,-0.889979779720306,-30.8617343902588,-0.295072376728058,16.4612884521484,1.00716030597687,2.13127827644348,-0.19301526248455,1.57663789351134,-0.856878925616101,-0.649194581051341
138952,0.0166668,8.79604937322438,-0.314723432064056,-31.3338413238525,0.0818197205662727,16.3621063232422,0.922931790351868,2.13127827644348,-0.24428479373455,1.84849339038937,-0.878027500420545,-0.87469742986072
138954,0.0166669,8.81271627359092,0.538242876529694,-31.405252456665,0.831636607646942,16.4890594482422,0.976947903633118,2.12486958503723,-0.250693500041962,1.84905006945698,-0.475040780441889,-1.13997111558115
138960,0.0166668,8.82938307337463,0.538242876529694,-31.405252456665,0.831636607646942,16.4890594482422,0.976947903633118,2.12486958503723,-0.250693500041962,1.84905006945698,-0.475040780441889,-1.13997111558115
138962,0.0166668,8.84604987315834,0.435093462467194,-31.7305698394775,0.784029185771942,16.5366668701172,1.07216274738312,2.12486958503723,-0.18569104373455,1.88003198222451,-0.45378046220999,-1.11196782800407
138966,0.0239921,8.87004197388887,-0.140162885189056,-32.1987113952637,0.331758677959442,17.1079559326172,0.893634915351868,2.25578999519348,-0.250693500041962,1.98159414681936,-0.403036532381599,-0.910459633497252
138970,0.0166682,8.88671017438173,0.0621686577796936,-32.3455009460449,0.430940806865692,17.0841522216797,1.00716030597687,2.22374653816223,-0.2250587195158,1.96675398767638,-0.802403277459996,-0.660611667424768
138972,0.016669,8.90337917394936,-0.0885881781578064,-32.2978935241699,0.331758677959442,17.0841522216797,0.965046048164368,2.27593159675598,-0.250693500041962,1.25806993716272,-0.860283858388817,-0.826723164623695
138976,0.016665,8.92004417441785,-0.0885881781578064,-32.2978935241699,0.331758677959442,17.0841522216797,0.965046048164368,2.27593159675598,-0.250693500041962,1.25806993716272,-0.860283858388817,-0.826723164623695
138980,0.0166679,8.93671207502484,-0.437709271907806,-32.3970756530762,-0.0689371153712273,17.1079559326172,1.04835903644562,2.18437886238098,-0.269919574260712,1.02888349139892,-1.27203210190429,-0.705771363294035
138984,0.016666,8.95337807573378,-0.437709271907806,-32.3970756530762,-0.0689371153712273,17.1079559326172,1.04835903644562,2.18437886238098,-0.269919574260712,1.02888349139892,-1.27203210190429,-0.705771363294035
138986,0.0166662,8.97004427574575,-0.489283978939056,-32.4208793640137,-0.0173624083399773,17.0841522216797,1.04835903644562,2.22374653816223,-0.263510882854462,0.996570073772219,-1.23448781545509,-0.708013093900001
138990,0.0166671,8.98671137541533,-0.314723432064056,-32.4208793640137,0.0818197205662727,17.1595306396484,0.941242337226868,2.24938130378723,-0.321189105510712,0.243318490873485,-1.16197428669119,0.0376972519330248
138994,0.0166664,9.00337777473032,-0.314723432064056,-32.4208793640137,0.0818197205662727,17.1595306396484,0.941242337226868,2.24938130378723,-0.321189105510712,0.243318490873485,-1.16197428669119,0.0376972519330248
138996,0.0166703,9.02004807442427,-0.314723432064056,-32.4208793640137,0.0818197205662727,17.1595306396484,0.941242337226868,2.24938130378723,-0.321189105510712,0.243318490873485,-1.16197428669119,0.0376972519330248
139000,0.0166646,9.03671267442405,-0.390101850032806,-31.976541519165,0.0302450135350227,16.7628021240234,1.05476772785187,2.15782856941223,-0.289145648479462,-0.129686107335657,-1.07366283201144,0.401568389315381
139002,0.0166688,9.05338147468865,-0.390101850032806,-31.976541519165,0.0302450135350227,16.7628021240234,1.05476772785187,2.15782856941223,-0.289145648479462,-0.129686107335657,-1.07366283201144,0.401568389315381
139010,0.0210524,9.07443387433887,-0.588466107845306,-29.8738803863525,-0.0689371153712273,15.6202230453491,0.929340481758118,1.99394905567169,-0.378867328166962,-0.663228310761217,-1.50915931470378,0.189842976348358
139012,0.0195556,9.0939894746989,-0.588466107845306,-29.8738803863525,-0.0689371153712273,15.6202230453491,0.929340481758118,1.99394905567169,-0.378867328166962,-0.663228310761217,-1.50915931470378,0.189842976348358
139014,0.0166683,9.11065777391195,-0.588466107845306,-29.8738803863525,-0.0689371153712273,15.6202230453491,0.929340481758118,1.99394905567169,-0.378867328166962,-0.663228310761217,-1.50915931470378,0.189842976348358
139018,0.0166667,9.12732447311282,0.312107622623444,-30.34202003479,0.708650767803192,15.7194051742554,1.01265347003937,1.94176399707794,-0.334006488323212,-0.699237687954082,-1.37066055127928,0.542009272565725
139020,0.0166672,9.14399167336524,0.359715044498444,-30.2706089019775,0.784029185771942,15.6440267562866,0.917438626289368,2.01409077644348,-0.366049945354462,-0.610364351767458,-1.18799098759259,0.366919283619265
139026,0.0166719,9.16066357307136,0.835789263248444,-29.9492588043213,1.13315033912659,15.5924520492554,0.922931790351868,1.99394905567169,-0.321189105510712,-0.770743900491355,-1.46077250896513,0.517954383871013
139028,0.0166631,9.1773266736418,0.859592974185944,-29.45334815979,1.41086030006409,15.0489339828491,0.893634915351868,2.04613423347473,-0.366049945354462,-0.664021062201296,-1.27401488632208,-0.305687635101122
139032,0.0166669,9.19399357400835,1.38724184036255,-29.627908706665,2.00992035865784,15.5924520492554,1.01265347003937,2.07909321784973,-0.334006488323212,-0.935795441318911,-1.33351650597025,-0.162079563806791
139034,0.0166662,9.21065977402031,1.38724184036255,-29.627908706665,2.00992035865784,15.5924520492554,1.01265347003937,2.07909321784973,-0.334006488323212,-0.935795441318911,-1.33351650597025,-0.162079563806791
139038,0.0166666,9.22732637450099,1.1373028755188,-29.3303623199463,2.00992035865784,15.3187093734741,1.01265347003937,1.96831429004669,-0.314780414104462,-0.683730557327524,-1.5142033451954,-0.940050200629908
139040,0.0166683,9.24399467371404,1.1373028755188,-29.3303623199463,2.00992035865784,15.3187093734741,1.01265347003937,1.96831429004669,-0.314780414104462,-0.683730557327524,-1.5142033451954,-0.940050200629908
139044,0.0166661,9.26066077314317,0.486668169498444,-30.9371128082275,1.38308930397034,16.4612884521484,0.929340481758118,2.21642231941223,-0.340415179729462,-0.902951464972261,-0.731345281383741,-0.63145170826791
139048,0.0166669,9.27732767350972,0.486668169498444,-30.9371128082275,1.38308930397034,16.4612884521484,0.929340481758118,2.21642231941223,-0.340415179729462,-0.902951464972261,-0.731345281383741,-0.63145170826791
139052,0.0166669,9.29399457387626,0.486668169498444,-30.9371128082275,1.38308930397034,16.4612884521484,0.929340481758118,2.21642231941223,-0.340415179729462,-0.902951464972261,-0.731345281383741,-0.63145170826791
139054,0.0166673,9.31066187471151,-0.390101850032806,-31.6551914215088,0.506319224834442,16.6874237060547,1.00075161457062,2.26952290534973,-0.321189105510712,-1.51540739103953,-0.996595585518309,-0.129277103074393
139060,0.0166665,9.32732837460935,-0.465480268001556,-31.1592807769775,0.430940806865692,15.8899984359741,0.899128079414368,2.23015522956848,-0.378867328166962,-1.08568298412173,-1.28668077348474,-0.572443795360262
139062,0.016667,9.34399537369609,-0.663844525814056,-31.2108554840088,0.105623431503773,15.9891805648804,1.01265347003937,2.19078755378723,-0.314780414104462,-1.03873159244061,-1.3877776480403,-0.5839143626724
139064,0.0166693,9.36066467314959,-1.4890398979187,-31.2346591949463,-0.568815052509308,15.1481161117554,0.983356595039368,2.13860249519348,-0.353232562541962,-0.626694012183565,-1.19426810972835,-1.79299552115996
139068,0.0166652,9.37732987292111,-1.4890398979187,-31.2346591949463,-0.568815052509308,15.1481161117554,0.983356595039368,2.13860249519348,-0.353232562541962,-0.626694012183565,-1.19426810972835,-1.79299552115996
139072,0.0166661,9.39399597235024,-1.4890398979187,-31.2346591949463,-0.568815052509308,15.1481161117554,0.983356595039368,2.13860249519348,-0.353232562541962,-0.626694012183565,-1.19426810972835,-1.79299552115996
139074,0.0166679,9.41066387295723,-1.2906756401062,-32.1749076843262,-0.370450794696808,16.0169525146484,1.00716030597687,2.28234028816223,-0.366049945354462,-1.29215650006794,-1.07285151355426,-1.30632011321124
139078,0.0166658,9.42732967250049,-1.2906756401062,-32.1749076843262,-0.370450794696808,16.0169525146484,1.00716030597687,2.28234028816223,-0.366049945354462,-1.29215650006794,-1.07285151355426,-1.30632011321124
139080,0.0166677,9.4439973719418,-1.3382830619812,-32.0995292663574,-0.493436634540558,15.9653768539429,0.946735501289368,2.24297261238098,-0.366049945354462,-1.37544688506472,-1.02480036682619,-1.38582607481285
139086,0.0166668,9.46066417172551,-1.1637225151062,-33.0873832702637,-0.342679798603058,15.8899984359741,0.934833645820618,2.36107563972473,-0.353232562541962,-1.28213316665812,-1.10762969507317,-0.807701634798915
139090,0.0166654,9.47732957080007,-1.1637225151062,-33.0873832702637,-0.342679798603058,15.8899984359741,0.934833645820618,2.36107563972473,-0.353232562541962,-1.28213316665812,-1.10762969507317,-0.807701634798915
139092,0.0186239,9.49595347046852,-1.21529722213745,-32.9882011413574,-0.370450794696808,15.7432088851929,0.958637356758118,2.32811665534973,-0.353232562541962,-1.25008152320993,-1.13397716706996,-0.826545686684731
139094,0.0166679,9.51262137107551,-0.612269818782806,-33.1865653991699,0.232576549053192,16.5366668701172,0.976947903633118,2.41966938972473,-0.353232562541962,-1.34626557118002,-1.16365535577802,-1.2157017500652
139098,0.0166718,9.5292931701988,-0.612269818782806,-33.1865653991699,0.232576549053192,16.5366668701172,0.976947903633118,2.41966938972473,-0.353232562541962,-1.34626557118002,-1.16365535577802,-1.2157017500652
139102,0.0166666,9.54595977067947,-0.437709271907806,-32.3970756530762,0.506319224834442,15.8899984359741,0.941242337226868,2.23015522956848,-0.346823871135712,-1.23506819892428,-1.08411121479592,-1.7483006926673
139106,0.0166667,9.56262646988034,-0.640040814876556,-32.3970756530762,0.307954967021942,15.6440267562866,0.875324368476868,2.36748433113098,-0.398093402385712,-0.993623093070354,-0.929283816666772,-2.17740435217942
139108,0.0166674,9.57929386943579,-0.640040814876556,-32.3970756530762,0.307954967021942,15.6440267562866,0.875324368476868,2.36748433113098,-0.398093402385712,-0.993623093070354,-0.929283816666772,-2.17740435217942
139112,0.0166747,9.59596856869757,-0.215541303157806,-32.0757255554199,0.708650767803192,15.5210409164429,0.893634915351868,2.36748433113098,-0.385276019573212,-1.20118763319562,-1.22354054363538,-1.82702759395656
139116,0.0166662,9.61263476870954,-0.215541303157806,-32.0757255554199,0.708650767803192,15.5210409164429,0.893634915351868,2.36748433113098,-0.385276019573212,-1.20118763319562,-1.22354054363538,-1.82702759395656
139118,0.0166673,9.62930206954479,-0.314723432064056,-31.532205581665,0.581697642803192,15.7908163070679,0.899128079414368,2.37389302253723,-0.378867328166962,-1.4030894657383,-1.34192077456436,-1.56824712065156
139122,0.0166669,9.64596896991134,-0.564662396907806,-31.1592807769775,0.430940806865692,15.1481161117554,0.893634915351868,2.37389302253723,-0.385276019573212,-1.20642270788469,-1.28218304066817,-2.04509404793424
139126,0.0166668,9.66263576969504,-0.564662396907806,-31.1592807769775,0.430940806865692,15.1481161117554,0.893634915351868,2.37389302253723,-0.385276019573212,-1.20642270788469,-1.28218304066817,-2.04509404793424
139130,0.0173748,9.6800105702132,-0.215541303157806,-31.310037612915,0.807832896709442,15.0489339828491,0.953144192695618,2.30889058113098,-0.372458636760712,-1.11811997511727,-1.46266808346518,-2.18273373075289
139132,0.018122,9.69813257083297,-0.437709271907806,-31.2346591949463,0.557893931865692,14.8743734359741,0.917438626289368,2.32811665534973,-0.398093402385712,-1.26435283197613,-1.06203838023424,-2.08089810311512
139134,0.0166697,9.71480227075517,-0.437709271907806,-31.2346591949463,0.557893931865692,14.8743734359741,0.917438626289368,2.32811665534973,-0.398093402385712,-1.26435283197613,-1.06203838023424,-2.08089810311512
139140,0.0166656,9.7314678709954,-0.390101850032806,-31.2584629058838,0.581697642803192,15.1481161117554,0.905536770820618,2.38671040534973,-0.404502093791962,-1.31680764138278,-1.12131413473531,-2.14015227185804
139142,0.0166665,9.74813437089324,-0.989161908626556,-31.9011631011963,-0.0927408263087273,16.0169525146484,0.965046048164368,2.49199604988098,-0.398093402385712,-1.35871549317086,-1.35400765872441,-2.25853461274556
139146,0.0166679,9.76480227150023,-0.989161908626556,-31.9011631011963,-0.0927408263087273,16.0169525146484,0.965046048164368,2.49199604988098,-0.398093402385712,-1.35871549317086,-1.35400765872441,-2.25853461274556
139148,0.0166664,9.78146867081523,-1.3144793510437,-31.4568271636963,-0.295072376728058,15.4694662094116,1.00716030597687,2.45262837409973,-0.410910785198212,-1.21427338607893,-1.33743578007293,-2.48934547743773
139152,0.016667,9.79813566990197,-1.36605405807495,-31.405252456665,-0.370450794696808,15.2711019515991,1.00716030597687,2.45903706550598,-0.398093402385712,-1.18778330974744,-1.42367762883401,-2.66614347949672
139154,0.0166668,9.81480246968567,-1.36605405807495,-31.405252456665,-0.370450794696808,15.2711019515991,1.00716030597687,2.45903706550598,-0.398093402385712,-1.18778330974744,-1.42367762883401,-2.66614347949672
139160,0.0166681,9.83147056959569,-1.2906756401062,-31.3814487457275,-0.418058216571808,15.4456624984741,1.10237514972687,2.43981099128723,-0.372458636760712,-1.39170843317422,-1.57644503951998,-2.42343326760034
139162,0.0166656,9.84813616983593,-1.2906756401062,-31.3814487457275,-0.418058216571808,15.4456624984741,1.10237514972687,2.43981099128723,-0.372458636760712,-1.39170843317422,-1.57644503951998,-2.42343326760034
139166,0.016667,9.86480316892266,-1.56441831588745,-31.3338413238525,-0.545011341571808,15.2711019515991,0.995258450508118,2.52495503425598,-0.404502093791962,-1.41922670813322,-1.48870920798768,-2.40227082721354
139172,0.0184583,9.88326146826148,-1.1637225151062,-31.0124912261963,-0.342679798603058,14.9973592758179,0.965046048164368,2.41966938972473,-0.353232562541962,-1.3115981189839,-1.60544161283754,-2.68061922739956
139174,0.0203051,9.90356656908989,-1.1637225151062,-31.0124912261963,-0.342679798603058,14.9973592758179,0.965046048164368,2.41966938972473,-0.353232562541962,-1.3115981189839,-1.60544161283754,-2.68061922739956
139176,0.0166678,9.92023436911404,-0.889979779720306,-31.2346591949463,-0.144315540790558,14.8743734359741,0.934833645820618,2.49199604988098,-0.372458636760712,-1.27615527736513,-1.88623841338167,-2.35769874555859
139180,0.0166668,9.93690116889775,-0.889979779720306,-31.2346591949463,-0.144315540790558,14.8743734359741,0.934833645820618,2.49199604988098,-0.372458636760712,-1.27615527736513,-1.88623841338167,-2.35769874555859
139182,0.0166687,9.95356986857951,-0.889979779720306,-31.2346591949463,-0.144315540790558,14.8743734359741,0.934833645820618,2.49199604988098,-0.372458636760712,-1.27615527736513,-1.88623841338167,-2.35769874555859
139186,0.0166652,9.97023506835103,-0.215541303157806,-30.8617343902588,0.557893931865692,14.6760091781616,0.922931790351868,2.41326069831848,-0.378867328166962,-1.20210201589066,-1.91174428621912,-2.42366093759357
139190,0.0166686,9.98690366744995,-0.215541303157806,-30.8617343902588,0.557893931865692,14.6760091781616,0.922931790351868,2.41326069831848,-0.378867328166962,-1.20210201589066,-1.91174428621912,-2.42366093759357
139194,0.0166652,10.0035688672215,-0.215541303157806,-30.8617343902588,0.557893931865692,14.6760091781616,0.922931790351868,2.41326069831848,-0.378867328166962,-1.20210201589066,-1.91174428621912,-2.42366093759357
139196,0.0170501,10.0206189677119,-0.0370134711265564,-30.46897315979,0.784029185771942,14.3030843734741,0.905536770820618,2.38671040534973,-0.391684710979462,-1.24822425552827,-1.8867141158745,-2.83639762197822
139200,0.0166664,10.0372853670269,-0.0370134711265564,-30.46897315979,0.784029185771942,14.3030843734741,0.905536770820618,2.38671040534973,-0.391684710979462,-1.24822425552827,-1.8867141158745,-2.83639762197822
139202,0.0166667,10.0539520662278,-0.0370134711265564,-30.46897315979,0.784029185771942,14.3030843734741,0.905536770820618,2.38671040534973,-0.391684710979462,-1.24822425552827,-1.8867141158745,-2.83639762197822
139206,0.0166667,10.0706187654287,-0.612269818782806,-31.0362949371338,0.383333384990692,14.9973592758179,0.983356595039368,2.46544575691223,-0.398093402385712,-1.50646165386214,-2.18270790097546,-2.65179785755367
139212,0.0176203,10.0882390663028,-0.612269818782806,-31.0362949371338,0.383333384990692,14.9973592758179,0.983356595039368,2.46544575691223,-0.398093402385712,-1.50646165386214,-2.18270790097546,-2.65179785755367
139214,0.0202075,10.108446566388,-0.965358197689056,-30.8895053863525,0.105623431503773,14.7474203109741,0.988849759101868,2.52495503425598,-0.404502093791962,-1.56484302306663,-1.88750251777389,-2.70406564714994
139216,0.0166677,10.1251142658293,-1.06454038619995,-30.9371128082275,0.0302450135350227,14.9497518539429,0.970539212226868,2.49840474128723,-0.404502093791962,-1.56916216221286,-1.8550075136033,-2.63005865369467
139222,0.016667,10.1417812649161,-1.26290464401245,-30.738748550415,-0.120511822402477,14.5490560531616,1.01906216144562,2.40685200691223,-0.385276019573212,-1.54937893003172,-1.98902688743456,-2.87059449431186
139224,0.0166671,10.1584483645856,-1.26290464401245,-30.738748550415,-0.120511822402477,14.5490560531616,1.01906216144562,2.40685200691223,-0.385276019573212,-1.54937893003172,-1.98902688743456,-2.87059449431186
139228,0.0166667,10.1751150637865,-1.58822202682495,-31.2108554840088,-0.521207630634308,14.6482381820679,1.02455532550812,2.44621968269348,-0.436545550823212,-1.56802015474628,-1.86554065796894,-2.61951696926037
139230,0.0166678,10.1917828638107,-1.58822202682495,-31.2108554840088,-0.521207630634308,14.6482381820679,1.02455532550812,2.44621968269348,-0.436545550823212,-1.56802015474628,-1.86554065796894,-2.61951696926037
139234,0.0166663,10.2084491644055,-1.5128436088562,-31.310037612915,-0.493436634540558,14.6244344711304,1.03096401691437,2.47917866706848,-0.353232562541962,-1.58158159939775,-1.97555622566794,-2.33811035832303
139236,0.0166677,10.2251168638468,-1.86593198776245,-31.1592807769775,-0.921903431415558,14.5014486312866,1.04835903644562,2.55058979988098,-0.398093402385712,-1.40345337554989,-2.09893168812754,-2.23093224051229
139242,0.0166659,10.2417827639729,-1.86593198776245,-31.1592807769775,-0.921903431415558,14.5014486312866,1.04835903644562,2.55058979988098,-0.398093402385712,-1.40345337554989,-2.09893168812754,-2.23093224051229
139244,0.0166667,10.2584494631737,-1.86593198776245,-31.1592807769775,-0.921903431415558,14.5014486312866,1.04835903644562,2.55058979988098,-0.398093402385712,-1.40345337554989,-2.09893168812754,-2.23093224051229
139246,0.0166686,10.2751180622727,-1.6636004447937,-30.8141269683838,-0.771146595478058,14.4260702133179,1.06666958332062,2.51854634284973,-0.372458636760712,-1.07671793544745,-2.17402483473175,-3.00749559920995
139250,0.016666,10.2917840629816,-1.1161150932312,-30.5919589996338,-0.445829212665558,14.3030843734741,1.03645718097687,2.42607808113098,-0.359641253948212,-1.08685659728832,-2.09304268819779,-2.87649157883576
139254,0.0166667,10.3084507621825,-1.1161150932312,-30.5919589996338,-0.445829212665558,14.3030843734741,1.03645718097687,2.42607808113098,-0.359641253948212,-1.08685659728832,-2.09304268819779,-2.87649157883576
139256,0.0166669,10.325117662549,0.0859723687171936,-31.2822666168213,0.708650767803192,14.2792806625366,0.911029934883118,2.47917866706848,-0.359641253948212,-1.15820040606375,-2.06800465823607,-2.87872115339398
139262,0.0166669,10.3417845629156,0.0859723687171936,-31.2822666168213,0.708650767803192,14.2792806625366,0.911029934883118,2.47917866706848,-0.359641253948212,-1.15820040606375,-2.06800465823607,-2.87872115339398
139266,0.0166672,10.358451763168,0.510471880435944,-32.7422294616699,1.45846772193909,14.3506917953491,0.887226223945618,2.52495503425598,-0.353232562541962,-1.54371746520249,-2.28348009366712,-2.73524424776834
139268,0.0166703,10.3751220628619,0.510471880435944,-32.7422294616699,1.45846772193909,14.3506917953491,0.887226223945618,2.52495503425598,-0.353232562541962,-1.54371746520249,-2.28348009366712,-2.73524424776834
139270,0.0166628,10.3917848635465,0.510471880435944,-32.7422294616699,1.45846772193909,14.3506917953491,0.887226223945618,2.52495503425598,-0.353232562541962,-1.54371746520249,-2.28348009366712,-2.73524424776834
139274,0.0166674,10.4084522631019,1.06192445755005,-32.8652153015137,2.03769135475159,13.9777669906616,0.827716946601868,2.53136372566223,-0.340415179729462,-2.17252630134888,-2.22849864174533,-2.02051193980402
139278,0.0166667,10.4251189623028,1.06192445755005,-32.8652153015137,2.03769135475159,13.9777669906616,0.827716946601868,2.53136372566223,-0.340415179729462,-2.17252630134888,-2.22849864174533,-2.02051193980402
139280,0.0166666,10.4417855627835,1.06192445755005,-32.8652153015137,2.03769135475159,13.9777669906616,0.827716946601868,2.53136372566223,-0.340415179729462,-2.17252630134888,-2.22849864174533,-2.02051193980402
139284,0.016667,10.4584525618702,0.736607134342194,-32.4446830749512,1.56161713600159,13.4342489242554,0.839618802070618,2.48558735847473,-0.346823871135712,-2.10153202846315,-2.2993435809107,-3.53861307627413
139288,0.0166674,10.4751199614257,0.736607134342194,-32.4446830749512,1.56161713600159,13.4342489242554,0.839618802070618,2.48558735847473,-0.346823871135712,-2.10153202846315,-2.2993435809107,-3.53861307627413
139292,0.0175986,10.4927185606211,0.212925493717194,-32.8414115905762,1.05777192115784,13.8785848617554,0.934833645820618,2.58354878425598,-0.276328265666962,-1.83826870384281,-2.13991324615891,-2.90425834084822
139296,0.0189069,10.5116254612803,0.212925493717194,-32.8414115905762,1.05777192115784,13.8785848617554,0.934833645820618,2.58354878425598,-0.276328265666962,-1.83826870384281,-2.13991324615891,-2.90425834084822
139298,0.0166683,10.5282937604934,-0.640040814876556,-32.4446830749512,0.256380259990692,14.1047201156616,1.04286587238312,2.59636616706848,-0.13442151248455,-2.07623430519855,-2.1381370850032,-2.90585636472751
139300,0.0166668,10.5449605602771,-0.640040814876556,-32.4446830749512,0.256380259990692,14.1047201156616,1.04286587238312,2.59636616706848,-0.13442151248455,-2.07623430519855,-2.1381370850032,-2.90585636472751
139306,0.016667,10.5616275593638,-0.640040814876556,-32.4446830749512,0.256380259990692,14.1047201156616,1.04286587238312,2.59636616706848,-0.13442151248455,-2.07623430519855,-2.1381370850032,-2.90585636472751
139308,0.0166665,10.5782940592617,-1.41366147994995,-32.0003471374512,-0.342679798603058,13.9777669906616,1.09596645832062,2.61009907722473,-0.1023780554533,-2.15210587497968,-2.26603341621893,-2.3827843930021
139312,0.0166665,10.5949605591595,-1.41366147994995,-32.0003471374512,-0.342679798603058,13.9777669906616,1.09596645832062,2.61009907722473,-0.1023780554533,-2.15210587497968,-2.26603341621893,-2.3827843930021
139314,0.0166678,10.6116283591837,-1.41366147994995,-32.0003471374512,-0.342679798603058,13.9777669906616,1.09596645832062,2.61009907722473,-0.1023780554533,-2.15210587497968,-2.26603341621893,-2.3827843930021
139320,0.0166663,10.6282946597785,-1.36605405807495,-31.57981300354,-0.318876087665558,13.6802206039429,1.03096401691437,2.57073140144348,-0.0895606726408005,-2.62637967472707,-2.19199368457491,-2.30333216076488
139322,0.0166667,10.6449613589793,-1.36605405807495,-31.57981300354,-0.318876087665558,13.6802206039429,1.03096401691437,2.57073140144348,-0.0895606726408005,-2.62637967472707,-2.19199368457491,-2.30333216076488
139326,0.0166674,10.6616287585348,-0.965358197689056,-31.9527378082275,0.00644130259752274,13.8309774398804,1.00716030597687,2.63573384284973,-0.17287366092205,-2.62196148402421,-2.01227266076883,-1.99103392089732
139328,0.0166665,10.6782952584326,-0.965358197689056,-31.9527378082275,0.00644130259752274,13.8309774398804,1.00716030597687,2.63573384284973,-0.17287366092205,-2.62196148402421,-2.01227266076883,-1.99103392089732
139334,0.0166662,10.6949614584446,-0.564662396907806,-30.8617343902588,0.482515513896942,12.7637777328491,0.911029934883118,2.45903706550598,-0.1408302038908,-2.61070938121968,-2.24720734945492,-2.43856957427673
139336,0.0189634,10.7139248587191,-0.564662396907806,-30.8617343902588,0.482515513896942,12.7637777328491,0.911029934883118,2.45903706550598,-0.1408302038908,-2.61070938121968,-2.24720734945492,-2.43856957427673
139338,0.0166682,10.730593059212,-0.390101850032806,-31.6789951324463,0.760225474834442,13.4064779281616,0.839618802070618,2.43981099128723,-0.18569104373455,-2.62162026849884,-2.2457728348617,-2.42146603344242
139342,0.0166672,10.7472602594644,-0.390101850032806,-31.6789951324463,0.760225474834442,13.4064779281616,0.839618802070618,2.43981099128723,-0.18569104373455,-2.62162026849884,-2.2457728348617,-2.42146603344242
139346,0.0166668,10.7639270592481,-0.390101850032806,-31.6789951324463,0.760225474834442,13.4064779281616,0.839618802070618,2.43981099128723,-0.18569104373455,-2.62162026849884,-2.2457728348617,-2.42146603344242
139348,0.0166666,10.7805936597288,-0.489283978939056,-31.0839023590088,0.633272349834442,13.0613241195679,0.834125638008118,2.47185444831848,-0.18569104373455,-2.78186728165995,-2.24971015605771,-2.41105391725806
139352,0.0166671,10.7972607593983,-0.465480268001556,-31.13547706604,0.708650767803192,13.5810384750366,0.827716946601868,2.49840474128723,-0.17287366092205,-2.93858633349314,-2.35217921007451,-2.45131954103685
139354,0.0166664,10.8139271587133,-0.465480268001556,-31.13547706604,0.708650767803192,13.5810384750366,0.827716946601868,2.49840474128723,-0.17287366092205,-2.93858633349314,-2.35217921007451,-2.45131954103685
139360,0.016667,10.8305941578001,-0.314723432064056,-32.0519218444824,0.807832896709442,14.0531454086304,0.786518216133118,2.61650776863098,-0.10878674685955,-2.86852399540024,-2.14269373037126,-2.19211911268052
139362,0.0166668,10.8472609575838,-0.314723432064056,-32.0519218444824,0.807832896709442,14.0531454086304,0.786518216133118,2.61650776863098,-0.10878674685955,-2.86852399540024,-2.14269373037126,-2.19211911268052
139366,0.0166673,10.863928258419,0.109776079654694,-30.7625522613525,1.43466401100159,11.2482748031616,0.690387845039368,1.58837044239044,-0.23146741092205,-4.96208115296137,-1.99464237930387,-2.27813178333788
139368,0.0166664,10.880594657734,0.109776079654694,-30.7625522613525,1.43466401100159,11.2482748031616,0.690387845039368,1.58837044239044,-0.23146741092205,-4.96208115296137,-1.99464237930387,-2.27813178333788
139374,0.0166675,10.8972621578723,0.212925493717194,-30.2428379058838,1.45846772193909,10.5778036117554,0.649189114570618,1.64696419239044,-0.1023780554533,-6.79696568840867,-1.8304602400371,-2.80671926169103
139376,0.0175583,10.91482045874,0.212925493717194,-30.2428379058838,1.45846772193909,10.5778036117554,0.649189114570618,1.64696419239044,-0.1023780554533,-6.79696568840867,-1.8304602400371,-2.80671926169103
139380,0.0166684,10.9314888585359,0.212925493717194,-30.2428379058838,1.45846772193909,10.5778036117554,0.649189114570618,1.64696419239044,-0.1023780554533,-6.79696568840867,-1.8304602400371,-2.80671926169103
139382,0.0166662,10.9481550585479,0.486668169498444,-30.3935947418213,1.78378510475159,10.1810750961304,0.613483548164368,1.57463753223419,-0.10878674685955,-7.46046914348662,-1.20825125199981,-2.41053959813001
139386,0.0166672,10.9648222588003,0.585850298404694,-30.9371128082275,1.91073822975159,10.4270467758179,0.595173001289368,1.48308479785919,-0.0959693640470505,-7.72693317313707,-1.30821818549199,-2.6616127423608
139388,0.0166669,10.9814891591668,0.585850298404694,-30.9371128082275,1.91073822975159,10.4270467758179,0.595173001289368,1.48308479785919,-0.0959693640470505,-7.72693317313707,-1.30821818549199,-2.6616127423608
139392,0.0166671,10.9981562588364,0.387486040592194,-30.5403842926025,1.60922455787659,10.4270467758179,0.559467434883118,1.50231087207794,-0.0190650671720505,-8.20707649558146,-0.846711415235876,-2.3456464857184
139394,0.0166667,11.0148229580373,0.462864458560944,-30.9847202301025,1.81155610084534,10.7007894515991,0.530170559883118,1.50963509082794,-0.1023780554533,-8.17492279309646,-0.747028436159712,-2.36719920765961
139398,0.0166681,11.0314910579473,0.462864458560944,-30.9847202301025,1.81155610084534,10.7007894515991,0.530170559883118,1.50963509082794,-0.1023780554533,-8.17492279309646,-0.747028436159712,-2.36719920765961
139402,0.0166663,11.0481573585421,0.335911333560944,-30.8141269683838,1.73617768287659,10.5778036117554,0.518268704414368,1.37871468067169,-0.0254737585783005,-8.29587810857095,-0.318777897439905,-1.21876045397466
139404,0.0166669,11.0648242589086,0.609654009342194,-29.6517124176025,1.91073822975159,10.2286825180054,0.422138333320618,1.20842659473419,0.0843895226716995,-9.39447111888998,-0.0698650379451761,-1.59500870076114
139408,0.0166744,11.0814986582845,0.562046587467194,-29.9214878082275,1.83535981178284,10.5539999008179,0.440448880195618,1.31279671192169,0.0514305382966995,-9.3993952057136,-0.111298575956456,-1.8149229337737
139412,0.0166675,11.0981661584228,0.411289751529694,-30.8379306793213,1.41086030006409,11.2958822250366,0.416645169258118,1.65337288379669,0.1356590539217,-7.61945142227667,0.0419016930169047,-1.27512118620405
139414,0.0166665,11.1148326583207,0.411289751529694,-30.8379306793213,1.41086030006409,11.2958822250366,0.416645169258118,1.65337288379669,0.1356590539217,-7.61945142227667,0.0419016930169047,-1.27512118620405
139418,0.0166676,11.1315002590418,0.411289751529694,-30.8379306793213,1.41086030006409,11.2958822250366,0.416645169258118,1.65337288379669,0.1356590539217,-7.61945142227667,0.0419016930169047,-1.27512118620405
139422,0.016667,11.1481672581285,-0.362330853939056,-31.5560092926025,0.407137095928192,12.2162923812866,0.464252591133118,2.01409077644348,0.2125633507967,-5.84140878674268,-0.166705411621285,-1.65290710567728
139424,0.0166667,11.1648339573294,-0.362330853939056,-31.5560092926025,0.407137095928192,12.2162923812866,0.464252591133118,2.01409077644348,0.2125633507967,-5.84140878674268,-0.166705411621285,-1.65290710567728
139428,0.0166666,11.1815005578101,-0.889979779720306,-32.6668510437012,-0.318876087665558,14.3784627914429,0.452350735664368,2.40044331550598,0.1869285851717,-4.97114119474957,-0.877436516041986,1.66659962860185
139432,0.0166697,11.1981702577323,-1.6397967338562,-33.5594902038574,-1.14803862571716,14.9735555648804,0.452350735664368,2.45262837409973,0.20615465939045,-3.18304685323044,-1.195085094124,1.16676007567773
139434,0.0166645,11.2148347571492,-1.6397967338562,-33.5594902038574,-1.14803862571716,14.9735555648804,0.452350735664368,2.45262837409973,0.20615465939045,-3.18304685323044,-1.195085094124,1.16676007567773
139440,0.0182428,11.2330775577575,-1.6397967338562,-34.3489799499512,-1.12026762962341,16.2391204833984,0.297626614570618,2.68151021003723,0.18051989376545,-1.99223858239692,-1.3096138461439,1.62452663526272
139442,0.0166665,11.2497440576553,-1.6397967338562,-34.3489799499512,-1.12026762962341,16.2391204833984,0.297626614570618,2.68151021003723,0.18051989376545,-1.99223858239692,-1.3096138461439,1.62452663526272
139446,0.0166665,11.2664105575532,-1.6397967338562,-34.3489799499512,-1.12026762962341,16.2391204833984,0.297626614570618,2.68151021003723,0.18051989376545,-1.99223858239692,-1.3096138461439,1.62452663526272
139448,0.016667,11.2830775566399,-1.7905535697937,-32.5200614929199,-1.29482817649841,15.4178915023804,0.106281392276287,2.38030171394348,0.1741112023592,-1.75337961503647,-1.25535530652591,1.53809180575347
139452,0.0166671,11.2997446563095,-1.6636004447937,-33.1627616882324,-1.22341704368591,14.9497518539429,-0.0246390197426081,2.45262837409973,0.0843895226716995,-1.41439887185551,-1.03380218099381,1.37429312381047
139456,0.016666,11.3164106570184,-1.6636004447937,-33.1627616882324,-1.22341704368591,14.9497518539429,-0.0246390197426081,2.45262837409973,0.0843895226716995,-1.41439887185551,-1.03380218099381,1.37429312381047
139460,0.0166663,11.3330769576132,-1.54061460494995,-32.1511039733887,-1.09646391868591,14.9219808578491,-0.119853861629963,2.19078755378723,0.000161007046699524,-0.894977271020622,-1.72869106723898,0.74754418014842
139462,0.0166677,11.3497446570545,-1.54061460494995,-32.1511039733887,-1.09646391868591,14.9219808578491,-0.119853861629963,2.19078755378723,0.000161007046699524,-0.894977271020622,-1.72869106723898,0.74754418014842
139466,0.0166672,11.366411857307,-1.54061460494995,-32.1511039733887,-1.09646391868591,14.9219808578491,-0.119853861629963,2.19078755378723,0.000161007046699524,-0.894977271020622,-1.72869106723898,0.74754418014842
139468,0.017832,11.3842438571155,-0.989161908626556,-31.2584629058838,-0.521207630634308,14.7474203109741,-0.274577975273132,2.31529927253723,-0.0126563757658005,-1.41336119062664,-1.08611580034066,1.30268704414835
139472,0.0166665,11.4009103570133,-1.1875262260437,-30.6633701324463,-0.747342884540558,16.1637420654297,-0.269084811210632,2.48558735847473,-0.0382911413908005,-2.33471815869465,-0.42379692784321,3.69589574718033
139476,0.0166668,11.4175771567971,-1.1875262260437,-30.6633701324463,-0.747342884540558,16.1637420654297,-0.269084811210632,2.48558735847473,-0.0382911413908005,-2.33471815869465,-0.42379692784321,3.69589574718033
139480,0.0166678,11.4342449568212,-1.8381609916687,-29.0328159332275,-1.44558501243591,16.4890594482422,-0.0841482952237129,2.51854634284973,0.00656969845294952,-2.41734480941021,-1.11730752742126,3.97316356020948
139482,0.0166666,11.4509115573019,-1.8381609916687,-29.0328159332275,-1.44558501243591,16.4890594482422,-0.0841482952237129,2.51854634284973,0.00656969845294952,-2.41734480941021,-1.11730752742126,3.97316356020948
139486,0.016667,11.4675785563886,-1.8381609916687,-29.0328159332275,-1.44558501243591,16.4890594482422,-0.0841482952237129,2.51854634284973,0.00656969845294952,-2.41734480941021,-1.11730752742126,3.97316356020948
139488,0.0166664,11.4842449557036,-1.9651141166687,-26.88254737854,-1.47335600852966,15.5448446273804,-0.179363146424294,2.01409077644348,-0.0126563757658005,-1.837904298681,0.166871062141944,1.79931550363675
139492,0.0166673,11.5009122565389,-1.9651141166687,-26.88254737854,-1.47335600852966,15.5448446273804,-0.179363146424294,2.01409077644348,-0.0126563757658005,-1.837904298681,0.166871062141944,1.79931550363675
139498,0.0166663,11.5175785571337,-3.21480894088745,-26.4342441558838,-2.54849028587341,14.7989950180054,0.118183247745037,1.73210823535919,0.0193870812654495,-1.0921561951576,-1.16391549067194,2.18388438666818
139500,0.0179269,11.5355054568499,-3.5917010307312,-25.8907260894775,-2.97695708274841,15.2711019515991,0.112690083682537,2.02049946784973,-0.0446998327970505,-1.9057106469806,-1.72143402223073,4.03011016853027
139502,0.0166677,11.5521731562912,-3.5917010307312,-25.8907260894775,-2.97695708274841,15.2711019515991,0.112690083682537,2.02049946784973,-0.0446998327970505,-1.9057106469806,-1.72143402223073,4.03011016853027
139506,0.0166671,11.5688402559608,-3.6155047416687,-23.16916847229,-3.02456450462341,15.1203451156616,-0.0429495647549629,2.13127827644348,-0.23146741092205,-2.15134918961087,-0.225811537076489,3.2907479760531
139508,0.016667,11.5855072550476,-4.1153826713562,-21.3640537261963,-3.47683501243591,14.6760091781616,0.267414212226868,1.56822884082794,-0.257102191448212,-2.60831843024094,-1.01964987508771,3.84685165811055
139514,0.0166671,11.6021743547171,-4.1153826713562,-21.3640537261963,-3.47683501243591,14.6760091781616,0.267414212226868,1.56822884082794,-0.257102191448212,-2.60831843024094,-1.01964987508771,3.84685165811055
139516,0.016668,11.6188423540443,-1.4652361869812,-19.535135269165,-0.818754017353058,14.9973592758179,0.0769845172762871,1.68633186817169,-0.314780414104462,-2.23044448190534,-0.555726563032042,3.70619742636689
139520,0.0166661,11.6355084534734,-1.4652361869812,-19.535135269165,-0.818754017353058,14.9973592758179,0.0769845172762871,1.68633186817169,-0.314780414104462,-2.23044448190534,-0.555726563032042,3.70619742636689
139522,0.0166676,11.6521760541946,-4.06380796432495,-19.48752784729,-3.32607817649841,15.3940877914429,0.374530911445618,1.69914925098419,-0.308371722698212,-1.7649874759944,0.0724553013051037,3.24193301358412
139526,0.0179167,11.670092754066,-1.36605405807495,-18.5472812652588,-0.596586048603058,15.1203451156616,0.357135891914368,1.60118782520294,-0.282736957073212,-1.74652353707697,-1.51295890798696,3.30416341219654
139530,0.0166716,11.6867643538862,-1.36605405807495,-18.5472812652588,-0.596586048603058,15.1203451156616,0.357135891914368,1.60118782520294,-0.282736957073212,-1.74652353707697,-1.51295890798696,3.30416341219654
139534,0.0166628,11.7034271545708,-4.2899432182312,-16.6667881011963,-3.57601714134216,14.6998128890991,-0.0301321838051081,1.86943733692169,-0.417319476604462,-1.83063998828354,0.426024736580335,3.95342334994552
139540,0.0230744,11.7265015542507,-0.0132097601890564,-17.7776279449463,0.708650767803192,14.9735555648804,0.177692517638206,1.47026741504669,-0.263510882854462,-0.936987125538292,-1.52884471128437,2.69387636771175
139542,0.0187744,11.7452759537846,-0.0132097601890564,-17.7776279449463,0.708650767803192,14.9735555648804,0.177692517638206,1.47026741504669,-0.263510882854462,-0.936987125538292,-1.52884471128437,2.69387636771175
139544,0.0166678,11.7619437538087,1.7879376411438,-17.9283847808838,2.53756928443909,15.9653768539429,0.309528470039368,1.48308479785919,-0.17287366092205,-0.34528624651897,-3.49444338179068,3.57157900093266
139548,0.0166671,11.7786108534783,1.7879376411438,-17.9283847808838,2.53756928443909,15.9653768539429,0.309528470039368,1.48308479785919,-0.17287366092205,-0.34528624651897,-3.49444338179068,3.57157900093266
139550,0.0166671,11.7952779531479,1.7879376411438,-17.9283847808838,2.53756928443909,15.9653768539429,0.309528470039368,1.48308479785919,-0.17287366092205,-0.34528624651897,-3.49444338179068,3.57157900093266
139554,0.0166665,11.8119444530457,6.2392315864563,-20.2294101715088,6.97299385070801,16.3383026123047,-0.161968126893044,1.78429329395294,-0.301963031291962,0.282530458776963,-2.99923559505953,2.56721829655833
139558,0.0166684,11.8286128528416,6.2392315864563,-20.2294101715088,6.97299385070801,16.3383026123047,-0.161968126893044,1.78429329395294,-0.301963031291962,0.282530458776963,-2.99923559505953,2.56721829655833
139562,0.0166653,11.845278153196,-3.69088315963745,-20.201639175415,-3.50063872337341,17.7030487060547,-0.250774264335632,2.48558735847473,-0.436545550823212,0.382315175108898,2.47083909600639,2.06649065183657
139564,0.0166679,11.861946053803,-3.69088315963745,-20.201639175415,-3.50063872337341,17.7030487060547,-0.250774264335632,2.48558735847473,-0.436545550823212,0.382315175108898,2.47083909600639,2.06649065183657
139568,0.0166671,11.8786131534725,1.8355450630188,-20.4515781402588,2.03769135475159,16.7350311279297,-0.376201510429382,2.24938130378723,-0.410910785198212,0.581575648397934,0.314336436651906,1.89187834367823
139570,0.0166671,11.8952802531421,-1.06454038619995,-25.4463901519775,-0.945707142353058,17.3578948974609,0.309528470039368,2.44621968269348,-0.1792823523283,-0.358863419669823,-2.36463799664016,2.48090891419879
139574,0.0166669,11.9119471535087,-1.06454038619995,-25.4463901519775,-0.945707142353058,17.3578948974609,0.309528470039368,2.44621968269348,-0.1792823523283,-0.358863419669823,-2.36463799664016,2.48090891419879
139580,0.020112,11.9320591539145,5.33865785598755,-29.1081943511963,5.21945381164551,14.5490560531616,0.273822903633118,1.59477913379669,-0.257102191448212,1.14593975895734,-2.92624919721666,-0.339321322211709
139582,0.0169786,11.9490377530456,5.33865785598755,-29.1081943511963,5.21945381164551,14.5490560531616,0.273822903633118,1.59477913379669,-0.257102191448212,1.14593975895734,-2.92624919721666,-0.339321322211709
139584,0.0166818,11.9657195527107,5.33865785598755,-29.1081943511963,5.21945381164551,14.5490560531616,0.273822903633118,1.59477913379669,-0.257102191448212,1.14593975895734,-2.92624919721666,-0.339321322211709
139590,0.0166657,11.9823852535337,1.26028871536255,-30.294412612915,0.407137095928192,15.9653768539429,-0.0429495647549629,2.61650776863098,-0.359641253948212,0.187295773012556,-2.31349431313722,0.99296123811104
139592,0.0166758,11.9990610536188,1.26028871536255,-30.294412612915,0.407137095928192,15.9653768539429,-0.0429495647549629,2.61650776863098,-0.359641253948212,0.187295773012556,-2.31349431313722,0.99296123811104
139596,0.0166666,12.0157276540995,1.2880597114563,-33.2381401062012,0.181001842021942,17.1079559326172,0.0412789508700371,2.76665425300598,-0.353232562541962,0.413723895450761,-2.42200710495249,0.997676915999964
139598,0.0166673,12.0323949549347,0.510471880435944,-33.1151542663574,-0.644193470478058,14.7236166000366,0.0824776813387871,2.03972554206848,-0.314780414104462,0.720690244859282,-2.55038926971313,-0.332919368294718
139602,0.016667,12.0490619540215,0.510471880435944,-33.1151542663574,-0.644193470478058,14.7236166000366,0.0824776813387871,2.03972554206848,-0.314780414104462,0.720690244859282,-2.55038926971313,-0.332919368294718
139604,0.0166674,12.0657293535769,0.486668169498444,-35.1424369812012,-0.894132435321808,15.5210409164429,0.106281392276287,2.29515767097473,-0.308371722698212,1.38122187487121,-1.64460710477556,-1.16750677156769
139608,0.0166663,12.0823956541717,0.486668169498444,-35.1424369812012,-0.894132435321808,15.5210409164429,0.106281392276287,2.29515767097473,-0.308371722698212,1.38122187487121,-1.64460710477556,-1.16750677156769
139612,0.0166669,12.0990625545383,0.486668169498444,-35.1424369812012,-0.894132435321808,15.5210409164429,0.106281392276287,2.29515767097473,-0.308371722698212,1.38122187487121,-1.64460710477556,-1.16750677156769
139616,0.0166669,12.1157294549048,0.387486040592194,-33.0873832702637,-1.27102446556091,15.2949056625366,0.243610486388206,2.25578999519348,-0.378867328166962,1.19038618413931,-2.21623160987875,-0.737748150695355
139620,0.0205811,12.1363105550408,0.387486040592194,-33.0873832702637,-1.27102446556091,15.2949056625366,0.243610486388206,2.25578999519348,-0.378867328166962,1.19038618413931,-2.21623160987875,-0.737748150695355
139624,0.0166683,12.1529788542539,1.06192445755005,-33.7340507507324,-0.545011341571808,14.3784627914429,0.165790662169456,2.13127827644348,-0.372458636760712,1.72162567361221,-2.58219024254414,-1.94518080611111
139626,0.0166668,12.1696456540376,0.887363970279694,-37.1697196960449,-0.695768177509308,13.9063558578491,0.226215466856956,2.09923481941223,-0.301963031291962,2.17919257708526,-2.71661706901817,-3.22881686678203
139628,0.0166686,12.1863142531365,0.887363970279694,-37.1697196960449,-0.695768177509308,13.9063558578491,0.226215466856956,2.09923481941223,-0.301963031291962,2.17919257708526,-2.71661706901817,-3.22881686678203
139632,0.0166656,12.2029798533767,0.562046587467194,-35.7851371765137,-1.02108550071716,14.8227987289429,0.321430325508118,2.13860249519348,-0.366049945354462,2.28214346180028,-2.50271722557404,-2.69753798548312
139636,0.0166673,12.219647154212,0.562046587467194,-35.7851371765137,-1.02108550071716,14.8227987289429,0.321430325508118,2.13860249519348,-0.366049945354462,2.28214346180028,-2.50271722557404,-2.69753798548312
139638,0.0166666,12.2363137546927,0.538242876529694,-35.7851371765137,-1.04488921165466,14.6760091781616,0.350727200508118,2.07909321784973,-0.334006488323212,2.27933147605286,-2.57813199333284,-2.78193228247009
139644,0.0166676,12.2529813554138,-0.413905560970306,-34.5989189147949,-1.92165923118591,14.3784627914429,0.416645169258118,2.03331685066223,-0.359641253948212,2.36306331735201,-2.473859990757,-2.32330782681193
139646,0.0166657,12.2696470562369,-0.413905560970306,-34.5989189147949,-1.92165923118591,14.3784627914429,0.416645169258118,2.03331685066223,-0.359641253948212,2.36306331735201,-2.473859990757,-2.32330782681193
139648,0.0166674,12.2863144557923,-0.390101850032806,-35.9081230163574,-1.97323393821716,15.0211629867554,0.565876126289368,2.07909321784973,-0.366049945354462,2.34702845845563,-2.67890526986788,-1.83800160439248
139654,0.0166674,12.3029818553478,-0.465480268001556,-37.0229301452637,-2.14779448509216,15.1957235336304,0.601581692695618,2.14501118659973,-0.346823871135712,2.42821062563098,-2.49773137189847,-1.3565931137018
139656,0.0166664,12.3196482546628,-0.465480268001556,-37.0229301452637,-2.14779448509216,15.1957235336304,0.601581692695618,2.14501118659973,-0.346823871135712,2.42821062563098,-2.49773137189847,-1.3565931137018
139662,0.0189478,12.3385960552841,-0.965358197689056,-36.1064872741699,-2.60006499290466,15.4694662094116,0.666584134101868,2.13860249519348,-0.372458636760712,2.34044930178195,-2.18284743111767,-1.67216313840448
139664,0.0166673,12.3552633561194,-0.965358197689056,-36.1064872741699,-2.60006499290466,15.4694662094116,0.666584134101868,2.13860249519348,-0.372458636760712,2.34044930178195,-2.18284743111767,-1.67216313840448
139666,0.0166675,12.3719308562577,-0.937587201595306,-36.4040336608887,-2.60006499290466,15.3464803695679,0.696796536445618,2.05986714363098,-0.378867328166962,2.31911567168274,-2.44170313988952,-2.07419805052843
139670,0.0166672,12.3885980565101,-0.913783490657806,-36.4794120788574,-2.37392973899841,15.5448446273804,0.696796536445618,2.11846089363098,-0.391684710979462,2.38361623721929,-2.67233696529811,-1.64638645129214
139674,0.0166665,12.4052645564079,-0.913783490657806,-36.4794120788574,-2.37392973899841,15.5448446273804,0.696796536445618,2.11846089363098,-0.391684710979462,2.38361623721929,-2.67233696529811,-1.64638645129214
139676,0.0166675,12.4219320565462,-1.1637225151062,-35.4399833679199,-2.67544341087341,15.1957235336304,0.756305813789368,1.92162239551544,-0.372458636760712,2.18183007942216,-1.76098466958374,-0.946548827845228
139680,0.0166664,12.4385984558612,-1.1637225151062,-35.4399833679199,-2.67544341087341,15.1957235336304,0.756305813789368,1.92162239551544,-0.372458636760712,2.18183007942216,-1.76098466958374,-0.946548827845228
139682,0.0166692,12.4552676565945,-1.6636004447937,-35.6383476257324,-3.00076079368591,14.7474203109741,0.834125638008118,1.83647835254669,-0.366049945354462,2.1586492307238,-1.88670779263661,-1.22756503767642
139688,0.0166664,12.4719340559095,-0.715419232845306,-35.3646049499512,-2.14779448509216,14.7751913070679,0.744403958320618,1.88225471973419,-0.378867328166962,1.80016158808481,-1.84455080863781,-0.629305374110731
139690,0.016666,12.4886000566185,-0.715419232845306,-35.3646049499512,-2.14779448509216,14.7751913070679,0.744403958320618,1.88225471973419,-0.378867328166962,1.80016158808481,-1.84455080863781,-0.629305374110731
139692,0.0166669,12.505266956985,-1.1399188041687,-35.4122123718262,-2.37392973899841,14.3268880844116,0.846027493476868,1.73210823535919,-0.314780414104462,1.23701028364039,-2.08485123977187,0.164204520201903
139696,0.016667,12.5219339560717,-0.790797650814056,-35.4399833679199,-1.94943022727966,13.7794027328491,0.810321927070618,1.61400520801544,-0.359641253948212,1.08654073745223,-2.1647263215873,0.14226135601744
139700,0.016667,12.5386009551585,-0.790797650814056,-35.4399833679199,-1.94943022727966,13.7794027328491,0.810321927070618,1.61400520801544,-0.359641253948212,1.08654073745223,-2.1647263215873,0.14226135601744
139702,0.0166668,12.5552677549422,-1.6159930229187,-35.2654228210449,-3.02456450462341,14.4776449203491,0.803913235664368,1.83647835254669,-0.372458636760712,0.685160628652031,-1.56932281169674,0.424647174915164
139706,0.016667,12.5719347540289,-1.1399188041687,-34.7219047546387,-2.27474761009216,13.5572347640991,0.827716946601868,1.61400520801544,-0.327597796916962,0.344165746086405,-1.99557688545314,0.316524810235974
139710,0.0166669,12.5886016543955,-1.1399188041687,-34.7219047546387,-2.27474761009216,13.5572347640991,0.827716946601868,1.61400520801544,-0.327597796916962,0.344165746086405,-1.99557688545314,0.316524810235974
139714,0.0166669,12.605268554762,-0.663844525814056,-34.6981010437012,-1.67172026634216,14.5252523422241,0.834125638008118,1.81084358692169,-0.372458636760712,-0.045455034034685,-1.28877468435458,1.6069069545397
139716,0.0166672,12.6219357550144,-0.989161908626556,-34.5235404968262,-1.99703764915466,14.4022665023804,0.869831204414368,1.73210823535919,-0.372458636760712,-0.0744469625244448,-1.17158866121573,1.49436643705875
139720,0.016667,12.6386027541012,-0.989161908626556,-34.5235404968262,-1.99703764915466,14.4022665023804,0.869831204414368,1.73210823535919,-0.372458636760712,-0.0744469625244448,-1.17158866121573,1.49436643705875
139722,0.0166666,12.6552693545818,-0.814601361751556,-34.5473442077637,-1.82247710227966,14.2277059555054,0.875324368476868,1.71196663379669,-0.366049945354462,-0.246956638818675,-1.34892707981013,0.22855705101947
139726,0.016667,12.6719363536686,-0.814601361751556,-34.5473442077637,-1.82247710227966,14.2277059555054,0.875324368476868,1.71196663379669,-0.366049945354462,-0.246956638818675,-1.34892707981013,0.22855705101947
139730,0.0166675,12.6886038538069,-0.814601361751556,-34.5473442077637,-1.82247710227966,14.2277059555054,0.875324368476868,1.71196663379669,-0.366049945354462,-0.246956638818675,-1.34892707981013,0.22855705101947
139734,0.016666,12.7052698545158,-0.640040814876556,-35.3646049499512,-1.72329497337341,15.2949056625366,0.834125638008118,1.89598762989044,-0.353232562541962,-0.527261815435602,-1.29090305923055,0.407968206330057
139736,0.0166678,12.7219376545399,-0.640040814876556,-35.3646049499512,-1.72329497337341,15.2949056625366,0.834125638008118,1.89598762989044,-0.353232562541962,-0.527261815435602,-1.29090305923055,0.407968206330057
139740,0.0166665,12.7386041544378,-0.513087689876556,-35.2416191101074,-1.42178130149841,14.9219808578491,0.869831204414368,1.77788460254669,-0.340415179729462,0.0225325729819513,-1.24256631630846,1.14653923433906
139742,0.0166678,12.7552719544619,-0.465480268001556,-36.1540946960449,-1.34640288352966,15.6440267562866,0.846027493476868,1.88957893848419,-0.398093402385712,-0.116493040913291,-1.32774494092897,1.00934000396508
139748,0.0185516,12.7738235536963,0.312107622623444,-38.2091484069824,-0.719571888446808,16.8342132568359,0.834125638008118,2.13860249519348,-0.346823871135712,0.109208957340319,-1.21909637057356,-0.033665781739535
139750,0.0166677,12.7904912531376,0.335911333560944,-37.1697196960449,-0.747342884540558,16.4612884521484,0.834125638008118,2.05986714363098,-0.378867328166962,-0.211479588900448,-1.12573115698193,1.31954105926679
139754,0.0166671,12.8071583528072,0.335911333560944,-37.1697196960449,-0.747342884540558,16.4612884521484,0.834125638008118,2.05986714363098,-0.378867328166962,-0.211479588900448,-1.12573115698193,1.31954105926679
139756,0.016667,12.8238253518939,0.760410845279694,-37.1697196960449,-0.219693958759308,16.6596527099609,0.803913235664368,1.96831429004669,-0.308371722698212,-0.201299484955825,-1.22427055213445,-0.228504146873839
139760,0.0166671,12.8404924515635,0.859592974185944,-38.1337699890137,-0.120511822402477,16.4136810302734,0.780109524726868,2.02690815925598,-0.2378761023283,0.118471389692108,-1.05536908746255,-0.190195900789252
139764,0.0166664,12.8571588508785,0.859592974185944,-38.1337699890137,-0.120511822402477,16.4136810302734,0.780109524726868,2.02690815925598,-0.2378761023283,0.118471389692108,-1.05536908746255,-0.190195900789252
139768,0.016667,12.8738258499652,1.43484926223755,-37.4156913757324,0.581697642803192,15.7194051742554,0.738910794258118,1.90880501270294,-0.1151954382658,0.312227304727751,-0.402738332607288,-0.683788558269514
139770,0.0166663,12.89049215056,1.43484926223755,-37.4156913757324,0.581697642803192,15.7194051742554,0.738910794258118,1.90880501270294,-0.1151954382658,0.312227304727751,-0.402738332607288,-0.683788558269514
139774,0.0166674,12.9071595501155,2.3354229927063,-36.4278373718262,1.38308930397034,14.7236166000366,0.732502102851868,1.46385872364044,0.10361559689045,0.458154785294195,-0.0184472350791296,-0.319626055816939
139776,0.016667,12.9238265492022,2.56155824661255,-36.4040336608887,1.73617768287659,18.2029266357422,0.684894680976868,2.21001362800598,0.15488512814045,-1.10959611943917,0.117914336069706,2.01412011403161
139780,0.0166667,12.9404932484031,2.56155824661255,-36.4040336608887,1.73617768287659,18.2029266357422,0.684894680976868,2.21001362800598,0.15488512814045,-1.10959611943917,0.117914336069706,2.01412011403161
139784,0.0166669,12.9571601487696,2.4385724067688,-31.0839023590088,1.78378510475159,15.7432088851929,0.661090970039368,1.50231087207794,0.354470074176788,-0.406340387493874,0.466693160134342,0.4735867824284
139788,0.0166678,12.9738279487938,2.4385724067688,-31.0839023590088,1.78378510475159,15.7432088851929,0.661090970039368,1.50231087207794,0.354470074176788,-0.406340387493874,0.466693160134342,0.4735867824284
139790,0.0166676,12.9904955495149,2.73611879348755,-31.976541519165,2.26382660865784,15.0965414047241,0.642780423164368,1.54167854785919,0.328835308551788,-0.19869908473891,0.699943308837893,1.50477996621989
139794,0.0166882,13.0071837492287,2.73611879348755,-29.056619644165,2.51376557350159,14.6006307601929,0.613483548164368,1.47026741504669,0.302285015583038,-0.335071023306795,0.797144095824681,1.51921044076323
139796,0.0166664,13.0238501485437,2.73611879348755,-29.056619644165,2.51376557350159,14.6006307601929,0.613483548164368,1.47026741504669,0.302285015583038,-0.335071023306795,0.797144095824681,1.51921044076323
139800,0.0166671,13.0405172482133,0.811985552310944,-25.3987827301025,0.883211314678192,14.6006307601929,0.768207669258118,1.39153206348419,0.335243999958038,-1.37828645950558,1.19596678802751,1.41229338846026
139804,0.0166669,13.0571841485798,1.6609845161438,-24.2601718902588,1.93454194068909,13.8309774398804,0.810321927070618,1.38512337207794,0.270241558551788,-0.806761040154347,0.621214413855897,2.48035885659278
139808,0.0166667,13.0738508477807,1.6609845161438,-24.2601718902588,1.93454194068909,13.8309774398804,0.810321927070618,1.38512337207794,0.270241558551788,-0.806761040154347,0.621214413855897,2.48035885659278
139810,0.0166671,13.0905179474503,1.06192445755005,-19.93186378479,1.56161713600159,14.9219808578491,0.810321927070618,1.45653450489044,0.276650249958038,-0.835240657440364,1.38359966164639,0.865463831799458
139814,0.0166672,13.1071851477027,1.06192445755005,-19.93186378479,1.56161713600159,14.9219808578491,0.810321927070618,1.45653450489044,0.276650249958038,-0.835240657440364,1.38359966164639,0.865463831799458
139816,0.0166669,13.1238520480692,1.06192445755005,-19.93186378479,1.56161713600159,14.9219808578491,0.810321927070618,1.45653450489044,0.276650249958038,-0.835240657440364,1.38359966164639,0.865463831799458
139820,0.0166665,13.1405185479671,0.712803423404694,-18.8408603668213,1.35928559303284,13.8547811508179,0.738910794258118,1.19469368457794,0.263832867145538,-0.249367592983291,1.54446790506421,0.117520068382816
139824,0.0166673,13.1571858488023,0.712803423404694,-18.8408603668213,1.35928559303284,13.8547811508179,0.738910794258118,1.19469368457794,0.263832867145538,-0.249367592983291,1.54446790506421,0.117520068382816
139828,0.0166669,13.1738527491689,0.109776079654694,-19.4597568511963,0.732454478740692,15.5924520492554,0.798420071601868,1.50231087207794,0.295876324176788,-1.13010201050483,1.56216875653871,1.36342030910669
139830,0.0166663,13.1905190497637,0.736607134342194,-19.1146030426025,1.58542084693909,14.9497518539429,0.934833645820618,1.29997932910919,0.23178942501545,-1.36399717092445,1.71164002383468,3.16294139593615
139834,0.0166695,13.2071885503829,0.736607134342194,-19.1146030426025,1.58542084693909,14.9497518539429,0.934833645820618,1.29997932910919,0.23178942501545,-1.36399717092445,1.71164002383468,3.16294139593615
139836,0.0166646,13.2238531503826,0.335911333560944,-21.5386142730713,1.13315033912659,15.8423910140991,0.905536770820618,1.39794075489044,0.276650249958038,-1.66371735203307,1.44684165484816,1.91206279692887
139842,0.0166671,13.2405202500522,-1.6636004447937,-20.8721103668213,-0.846525013446808,15.0965414047241,0.857929348945618,1.33934700489044,0.335243999958038,-1.71933830966481,1.96212742156149,2.16423997970326
139844,0.0166671,13.2571873497218,-1.6636004447937,-20.8721103668213,-0.846525013446808,15.0965414047241,0.857929348945618,1.33934700489044,0.335243999958038,-1.71933830966481,1.96212742156149,2.16423997970326
139848,0.0166674,13.2738547492772,-1.26290464401245,-25.7915439605713,-0.568815052509308,17.6554412841797,0.780109524726868,2.03331685066223,0.309609234333038,-0.714430730907988,2.10077231225653,2.24339413078298
139850,0.0166665,13.2905212491751,-1.26290464401245,-25.7915439605713,-0.568815052509308,17.6554412841797,0.780109524726868,2.03331685066223,0.309609234333038,-0.714430730907988,2.10077231225653,2.24339413078298
139854,0.0166671,13.3071883488446,-1.26290464401245,-25.7915439605713,-0.568815052509308,17.6554412841797,0.780109524726868,2.03331685066223,0.309609234333038,-0.714430730907988,2.10077231225653,2.24339413078298
139856,0.0166665,13.3238548487425,-2.73873472213745,-26.1128940582275,-2.04861235618591,17.3063201904297,0.672992825508118,2.28874897956848,0.316017925739288,0.903470106343015,1.4016916978483,-0.603773048517274
139862,0.0166671,13.3405219484121,-1.06454038619995,-27.1761264801025,-0.144315540790558,17.6038665771484,1.19118130207062,2.03331685066223,0.380104839801788,0.803847491873591,0.196106277836407,-0.319553501604471
139864,0.0166671,13.3571890480816,-1.06454038619995,-27.1761264801025,-0.144315540790558,17.6038665771484,1.19118130207062,2.03331685066223,0.380104839801788,0.803847491873591,0.196106277836407,-0.319553501604471
139868,0.0166665,13.3738555479795,-0.314723432064056,-27.0531406402588,0.331758677959442,16.3621063232422,1.00075161457062,1.94176399707794,0.309609234333038,0.673307118310846,1.73063478531752,-0.65071739265472
139872,0.0200918,13.3939473479986,-0.314723432064056,-27.0531406402588,0.331758677959442,16.3621063232422,1.00075161457062,1.94176399707794,0.309609234333038,0.673307118310846,1.73063478531752,-0.65071739265472
139874,0.01734,13.4112873487175,-0.413905560970306,-30.69114112854,0.256380259990692,17.6038665771484,0.827716946601868,2.22374653816223,0.322426617145538,-0.242715936812909,2.77672766792162,0.447709197679326
139878,0.0166687,13.4279560483992,-0.763026654720306,-28.5131015777588,-0.0451334044337273,15.8423910140991,1.23329555988312,1.75865852832794,0.424965679645538,0.969372042339135,0.536838414228484,-0.74366638384729
139882,0.0166699,13.4446259476244,-0.763026654720306,-28.5131015777588,-0.0451334044337273,15.8423910140991,1.23329555988312,1.75865852832794,0.424965679645538,0.969372042339135,0.536838414228484,-0.74366638384729
139884,0.0166642,13.4612901471555,-2.3380389213562,-30.2428379058838,-1.74709868431091,16.1161346435547,0.846027493476868,2.04613423347473,0.360878765583038,1.05133211878242,1.95182196017941,-2.24347274807456
139888,0.0166686,13.4779587462544,-0.215541303157806,-29.7270908355713,0.534090220928192,16.5128631591797,1.01906216144562,1.92162239551544,0.367287456989288,0.241008100385545,0.62196382115817,0.75693046803747
139890,0.016671,13.494629746303,-0.215541303157806,-29.7270908355713,0.534090220928192,16.5128631591797,1.01906216144562,1.92162239551544,0.367287456989288,0.241008100385545,0.62196382115817,0.75693046803747
139894,0.016667,13.5112967453897,-1.1161150932312,-32.5676689147949,-0.445829212665558,16.7866058349609,0.899128079414368,2.09923481941223,0.24460680782795,0.0758284677157258,2.40276906164622,0.28595828554257
139898,0.0166672,13.5279639456421,-1.1161150932312,-32.5676689147949,-0.445829212665558,16.7866058349609,0.899128079414368,2.09923481941223,0.24460680782795,0.0758284677157258,2.40276906164622,0.28595828554257
139902,0.0166664,13.5446303449571,-1.4652361869812,-31.9527378082275,-0.921903431415558,16.4890594482422,0.881733059883118,2.12486958503723,0.283058941364288,0.860498376196356,1.85187402282163,-1.32900895854275
139904,0.0166674,13.5612977445126,-1.4652361869812,-31.9527378082275,-0.921903431415558,16.4890594482422,0.881733059883118,2.12486958503723,0.283058941364288,0.860498376196356,1.85187402282163,-1.32900895854275
139908,0.0166667,13.5779644437134,-1.41366147994995,-33.2143363952637,-0.997281849384308,16.8104095458984,0.881733059883118,2.21001362800598,0.283058941364288,-0.118886290846531,1.28444217020148,0.109534533504541
139914,0.0193586,13.5973230432719,-1.41366147994995,-33.2143363952637,-0.997281849384308,16.8104095458984,0.881733059883118,2.21001362800598,0.283058941364288,-0.118886290846531,1.28444217020148,0.109534533504541
139916,0.0198868,13.6172098424286,-0.790797650814056,-31.310037612915,-0.168119251728058,15.7432088851929,0.750812649726868,2.01409077644348,0.1997459679842,-0.582734030245226,1.8219448523734,0.028671773851159
139918,0.016671,13.6338808424771,-0.965358197689056,-31.8773593902588,-0.370450794696808,16.0645599365234,1.04835903644562,2.01409077644348,0.316017925739288,-0.399095681198925,1.65389344487951,-1.27636663092275
139922,0.0166647,13.6505455430597,-0.965358197689056,-31.8773593902588,-0.370450794696808,16.0645599365234,1.04835903644562,2.01409077644348,0.316017925739288,-0.399095681198925,1.65389344487951,-1.27636663092275
139924,0.0166677,13.667213242501,-1.0129656791687,-32.5954399108887,-0.342679798603058,16.2906951904297,1.07216274738312,1.95458137989044,0.335243999958038,-0.54403295143573,0.633451848912208,-0.800139763836511
139930,0.0166662,13.683879442513,-1.2906756401062,-32.7938041687012,-0.719571888446808,16.3144989013672,0.922931790351868,2.07268452644348,0.276650249958038,-0.685959561585061,0.753620275440515,-0.526896926790418
139932,0.0166676,13.7005470432341,-1.26290464401245,-32.9643974304199,-0.719571888446808,16.4890594482422,0.863422513008118,2.19078755378723,0.2381981164217,-0.758601035755205,0.859509330510815,-0.474726811918818
139936,0.0166666,13.7172136437148,-0.862208783626556,-32.6946220397949,-0.243497669696808,16.1161346435547,0.899128079414368,2.07268452644348,0.309609234333038,-1.25471671600826,1.18388691175757,-0.183192802496739
139938,0.0166669,13.7338805440813,-0.862208783626556,-32.6946220397949,-0.243497669696808,16.1161346435547,0.899128079414368,2.07268452644348,0.309609234333038,-1.25471671600826,1.18388691175757,-0.183192802496739
139942,0.0166669,13.7505474444479,-0.862208783626556,-32.6946220397949,-0.243497669696808,16.1161346435547,0.899128079414368,2.07268452644348,0.309609234333038,-1.25471671600826,1.18388691175757,-0.183192802496739
139946,0.0166684,13.7672158442438,-0.663844525814056,-31.9249668121338,-0.0173624083399773,15.7908163070679,0.946735501289368,2.02690815925598,0.348061382770538,-1.59865862891177,1.41729254635062,-0.562690304377005
139950,0.0166654,13.7838812433183,-0.663844525814056,-31.9249668121338,-0.0173624083399773,15.7908163070679,0.946735501289368,2.02690815925598,0.348061382770538,-1.59865862891177,1.41729254635062,-0.562690304377005
139956,0.0216039,13.8054851423949,-0.663844525814056,-31.1116733551025,0.105623431503773,15.8185873031616,0.899128079414368,2.13860249519348,0.348061382770538,-1.30262925132628,1.08314576714394,-0.804954164115691
139958,0.0200591,13.8255442418158,-0.663844525814056,-31.1116733551025,0.105623431503773,15.8185873031616,0.899128079414368,2.13860249519348,0.348061382770538,-1.30262925132628,1.08314576714394,-0.804954164115691
139962,0.0166681,13.8422123417258,-0.540858685970306,-31.0124912261963,0.133394420146942,15.7194051742554,0.875324368476868,2.08550190925598,0.348061382770538,-1.27984135776997,1.16916331999015,-0.866030819467487
139964,0.0166666,13.8588789422065,-0.163966596126556,-30.2190341949463,0.458711802959442,14.5252523422241,0.851520657539368,1.96099007129669,0.392922222614288,-1.83139619665549,1.35490497755537,-0.849338153040977
139968,0.0166676,13.8755465429276,-0.163966596126556,-30.2190341949463,0.458711802959442,14.5252523422241,0.851520657539368,1.96099007129669,0.392922222614288,-1.83139619665549,1.35490497755537,-0.849338153040977
139970,0.0166667,13.8922132421285,-0.215541303157806,-30.5403842926025,0.506319224834442,15.0211629867554,0.881733059883118,2.03972554206848,0.335243999958038,-2.16050059594973,1.63824693467846,-0.622465873955393
139974,0.0166679,13.9088811427355,0.109776079654694,-30.8379306793213,0.934786021709442,15.1957235336304,0.839618802070618,2.13127827644348,0.386513531208038,-1.94703394161324,1.41940682689961,-0.389918812698763
139976,0.0166664,13.9255475420505,0.109776079654694,-30.8379306793213,0.934786021709442,15.1957235336304,0.839618802070618,2.13127827644348,0.386513531208038,-1.94703394161324,1.41940682689961,-0.389918812698763
139982,0.0166697,13.9422172419727,2.3354229927063,-25.6685581207275,4.59262275695801,11.3236532211304,1.23329555988312,0.533682942390442,0.309609234333038,-2.83123555590393,5.73018662852321,-7.18931763545252
139984,0.0166646,13.9588818419725,2.3354229927063,-25.6685581207275,4.59262275695801,11.3236532211304,1.23329555988312,0.533682942390442,0.309609234333038,-2.83123555590393,5.73018662852321,-7.18931763545252
139988,0.0166677,13.9755495414138,2.3354229927063,-25.6685581207275,4.59262275695801,11.3236532211304,1.23329555988312,0.533682942390442,0.309609234333038,-2.83123555590393,5.73018662852321,-7.18931763545252
139990,0.0166666,13.9922161418945,3.3113751411438,-26.9063510894775,4.66800117492676,12.7637777328491,0.929340481758118,1.23406136035919,0.341652691364288,-3.54449033932708,7.48381357684382,-11.7024914489531
139996,0.0223436,14.0145597420633,2.58536195755005,-26.31125831604,3.83883881568909,11.9425497055054,1.00716030597687,0.998770833015442,0.367287456989288,-3.52572734728026,6.85856892795374,-10.0314167243747
139998,0.0166774,14.0312371421605,2.58536195755005,-26.31125831604,3.83883881568909,11.9425497055054,1.00716030597687,0.998770833015442,0.367287456989288,-3.52572734728026,6.85856892795374,-10.0314167243747
140002,0.0166693,14.047906441614,2.9860577583313,-25.0020542144775,4.21573066711426,11.2720785140991,1.03645718097687,0.756156086921692,0.328835308551788,-5.07401905965051,6.63387460368647,-10.5568872655196
140004,0.0166888,14.0645952410996,3.3113751411438,-24.8790683746338,4.49344062805176,10.8991537094116,1.16188442707062,0.638053059577942,0.367287456989288,-5.0305110859872,6.78827970741086,-10.8553206856112
140008,0.0166641,14.0812593419105,3.3113751411438,-24.8790683746338,4.49344062805176,10.8991537094116,1.16188442707062,0.638053059577942,0.367287456989288,-5.0305110859872,6.78827970741086,-10.8553206856112
140012,0.0166679,14.0979272425175,1.73636293411255,-23.7642612457275,3.03744721412659,10.6016073226929,1.14998257160187,0.710379719734192,0.354470074176788,-5.00439975841345,7.35311066158537,-11.8688933183055
140016,0.0166669,14.114594142884,1.73636293411255,-23.7642612457275,3.03744721412659,10.6016073226929,1.14998257160187,0.710379719734192,0.354470074176788,-5.00439975841345,7.35311066158537,-11.8688933183055
140018,0.0166681,14.131262242794,1.8355450630188,-22.9231967926025,3.06521821022034,10.0303182601929,1.11427700519562,0.631644368171692,0.341652691364288,-5.81821982051685,7.15401633291097,-12.6141972424376
140022,0.0166662,14.147928442806,2.56155824661255,-22.28049659729,3.94198822975159,9.21305751800537,1.18568813800812,0.349661946296692,0.348061382770538,-5.82648131498534,6.67664610854109,-13.5503519910558
140024,0.0166676,14.1645960435271,2.56155824661255,-22.28049659729,3.94198822975159,9.21305751800537,1.18568813800812,0.349661946296692,0.348061382770538,-5.82648131498534,6.67664610854109,-13.5503519910558
140028,0.0166664,14.1812624428421,2.68851137161255,-21.4632358551025,4.01736640930176,9.26066493988037,1.17378628253937,0.409171223640442,0.335243999958038,-5.409631397,6.86918052134359,-16.3871930108139
140032,0.0166683,14.1979307420552,2.68851137161255,-21.4632358551025,4.01736640930176,9.26066493988037,1.17378628253937,0.409171223640442,0.335243999958038,-5.409631397,6.86918052134359,-16.3871930108139
140036,0.0192683,14.2171990424395,2.9622540473938,-20.1302280426025,4.26730537414551,8.46720790863037,1.17927944660187,0.251700520515442,0.263832867145538,-5.46247266716801,8.34823758574272,-19.1082862956464
140040,0.0166671,14.233866142109,2.9622540473938,-20.1302280426025,4.26730537414551,8.46720790863037,1.17927944660187,0.251700520515442,0.263832867145538,-5.46247266716801,8.34823758574272,-19.1082862956464
140042,0.016668,14.2505341414362,2.9622540473938,-20.1302280426025,4.26730537414551,8.46720790863037,1.17927944660187,0.251700520515442,0.263832867145538,-5.46247266716801,8.34823758574272,-19.1082862956464
140046,0.0166667,14.2672008406371,3.71207094192505,-19.7334995269775,4.86636543273926,8.26884365081787,1.23970425128937,0.212332859635353,0.316017925739288,-4.86931110368358,9.21573181584256,-21.3762145154782
140050,0.0166668,14.2838676404208,3.71207094192505,-19.7334995269775,4.86636543273926,8.26884365081787,1.23970425128937,0.212332859635353,0.316017925739288,-4.86931110368358,9.21573181584256,-21.3762145154782
140052,0.0166672,14.3005348406732,4.0889630317688,-19.70969581604,5.27102851867676,8.31645107269287,1.22139370441437,0.0612708441913128,0.302285015583038,-4.59560463017362,9.38267486429649,-21.7258290653629
140056,0.0166664,14.3172012399882,4.01358461380005,-19.0154209136963,5.29483222961426,8.04270839691162,1.31660854816437,-0.0696495622396469,0.289467632770538,-4.49612809362307,10.1003610151757,-23.0479835284023
140058,0.016667,14.3338682390749,4.01358461380005,-19.0154209136963,5.29483222961426,8.04270839691162,1.31660854816437,-0.0696495622396469,0.289467632770538,-4.49612809362307,10.1003610151757,-23.0479835284023
140062,0.0166671,14.3505353387445,4.53726625442505,-18.91623878479,5.87008857727051,7.87211513519287,1.27540981769562,-0.194161280989647,0.289467632770538,-4.22347042918337,11.0636499935442,-23.7002361350598
140064,0.0166672,14.3672025389969,5.4616436958313,-19.3883457183838,6.82223701477051,8.21726894378662,1.19758999347687,-0.495369791984558,0.270241558551788,-4.10044384508266,12.6994044896383,-23.1073553665465
140068,0.0166667,14.3838692381978,5.4616436958313,-19.3883457183838,6.82223701477051,8.21726894378662,1.19758999347687,-0.495369791984558,0.270241558551788,-4.10044384508266,12.6994044896383,-23.1073553665465
140072,0.0166681,14.4005373381078,6.2868390083313,-20.1778354644775,7.50064277648926,9.28446865081787,1.01265347003937,-0.154793605208397,0.16770251095295,-5.0235746161487,13.0379180269061,-20.8034673451648
140074,0.0166671,14.4172044377774,6.03690004348755,-20.1302280426025,7.14755439758301,9.21305751800537,0.965046048164368,-0.279305338859558,0.14206774532795,-5.00536774229358,13.0318964157648,-20.7476411370688
140078,0.0166662,14.4338706377894,5.9139142036438,-19.9556674957275,7.04837226867676,9.03849697113037,0.970539212226868,-0.390084147453308,0.19333727657795,-4.95730895615809,12.8617368710771,-20.7417041029872
140082,0.016667,14.4505376368761,3.7636456489563,-18.3727207183838,5.24325752258301,7.12626552581787,0.839618802070618,-0.482552409172058,0.295876324176788,-4.88190992940661,10.7699220490233,-26.4382248725858
140086,0.0166667,14.467204336077,3.7636456489563,-18.3727207183838,5.24325752258301,7.12626552581787,0.839618802070618,-0.482552409172058,0.295876324176788,-4.88190992940661,10.7699220490233,-26.4382248725858
140090,0.0166668,14.4838711358607,0.486668169498444,-25.5931797027588,0.732454478740692,12.1647176742554,0.607074856758118,2.24297261238098,0.348061382770538,-3.68965402792778,7.12301246106199,-18.3673821683234
140092,0.0166681,14.5005392357707,0.486668169498444,-25.5931797027588,0.732454478740692,12.1647176742554,0.607074856758118,2.24297261238098,0.348061382770538,-3.68965402792778,7.12301246106199,-18.3673821683234
140096,0.0166661,14.5172053351998,0.486668169498444,-25.5931797027588,0.732454478740692,12.1647176742554,0.607074856758118,2.24297261238098,0.348061382770538,-3.68965402792778,7.12301246106199,-18.3673821683234
140098,0.0166667,14.5338720344007,-0.0370134711265564,-27.6482334136963,0.557893931865692,13.9063558578491,0.756305813789368,2.04613423347473,0.386513531208038,-3.39335605338727,2.99285394595852,-5.85618967008424
140102,0.016667,14.5505390334874,-0.0370134711265564,-27.6482334136963,0.557893931865692,13.9063558578491,0.756305813789368,2.04613423347473,0.386513531208038,-3.39335605338727,2.99285394595852,-5.85618967008424
140106,0.016667,14.5672060325742,-0.540858685970306,-28.8860263824463,0.157198131084442,15.0727376937866,0.744403958320618,2.25578999519348,0.386513531208038,-3.23206716758511,2.67459780140577,-5.84230205297215
140110,0.0166666,14.5838726330549,6.18765687942505,-26.5850009918213,8.40121650695801,12.7122030258179,0.618976712226868,0.297476887702942,-0.0446998327970505,-2.43713659741512,10.4746589678892,-9.63479196123535
140112,0.0166673,14.6005399338901,6.18765687942505,-26.5850009918213,8.40121650695801,12.7122030258179,0.618976712226868,0.297476887702942,-0.0446998327970505,-2.43713659741512,10.4746589678892,-9.63479196123535
140116,0.0166667,14.617206633091,6.33841371536255,-27.2515048980713,7.37368965148926,13.1843099594116,0.720600247383118,0.913626790046692,-0.0575172156095505,-2.65044282810793,12.7069999154542,-11.1746073410754
140118,0.016667,14.6338736321777,2.88687562942505,-31.7781772613525,3.06521821022034,14.6244344711304,0.0650826618075371,2.21001362800598,-0.0254737585783005,-2.24530501095671,8.50273370050372,-6.441981174813
140124,0.0166661,14.6505397316068,2.88687562942505,-31.7781772613525,3.06521821022034,14.6244344711304,0.0650826618075371,2.21001362800598,-0.0254737585783005,-2.24530501095671,8.50273370050372,-6.441981174813
140126,0.0166672,14.6672069318593,6.53677797317505,-30.0206699371338,7.90133857727051,15.5448446273804,0.392841458320618,1.25420296192169,-0.0831519812345505,-1.93783915595034,11.8080656204909,-4.68389736654198
140130,0.016667,14.683873930946,6.53677797317505,-30.0206699371338,7.90133857727051,15.5448446273804,0.392841458320618,1.25420296192169,-0.0831519812345505,-1.93783915595034,11.8080656204909,-4.68389736654198
140132,0.0166671,14.7005410306156,7.2627911567688,-30.1476230621338,8.47659492492676,15.7432088851929,0.338825345039368,1.22124397754669,-0.0126563757658005,-1.7013681884905,13.3024454529154,-5.28251964860621
140136,0.0166665,14.7172075305134,7.98880434036255,-30.6157627105713,9.20260810852051,15.1203451156616,-0.114360697567463,1.28624641895294,-0.0190650671720505,-0.805189619976863,16.6263110507124,-5.57531783117114
140138,0.0166671,14.733874630183,7.98880434036255,-30.6157627105713,9.20260810852051,15.1203451156616,-0.114360697567463,1.28624641895294,-0.0190650671720505,-0.805189619976863,16.6263110507124,-5.57531783117114
140144,0.0166672,14.7505418304354,8.76242542266846,-30.072244644165,10.8093585968018,15.3187093734741,0.00557338260114193,0.768973469734192,0.1100242882967,-0.910000223286359,18.1593304199042,-5.1948674125917
140146,0.0166668,14.7672086302191,8.76242542266846,-30.072244644165,10.8093585968018,15.3187093734741,0.00557338260114193,0.768973469734192,0.1100242882967,-0.910000223286359,18.1593304199042,-5.1948674125917
140150,0.0166665,14.7838751301169,8.76242542266846,-30.072244644165,10.8093585968018,15.3187093734741,0.00557338260114193,0.768973469734192,0.1100242882967,-0.910000223286359,18.1593304199042,-5.1948674125917
140152,0.0166669,14.8005420304835,10.6389513015747,-29.00901222229,11.860689163208,14.8981771469116,-0.406413912773132,0.920035481452942,0.309609234333038,-0.178269259863408,22.7399651250726,-7.25738258528281
140156,0.0166674,14.8172094300389,10.5397691726685,-28.8582553863525,11.9360675811768,15.1719198226929,-0.400005221366882,1.01158821582794,0.328835308551788,-0.229220332378422,22.4607559846149,-7.19502751059116
140160,0.0166669,14.8338763304055,10.5397691726685,-28.8582553863525,11.9360675811768,15.1719198226929,-0.400005221366882,1.01158821582794,0.328835308551788,-0.229220332378422,22.4607559846149,-7.19502751059116
140166,0.0263446,14.8602209296077,11.0158433914185,-27.6720371246338,12.638277053833,13.9301595687866,-0.477825045585632,0.585868000984192,0.392922222614288,-1.2491176142671,23.9656789139336,-7.28793810652574
140168,0.0208394,14.8810603301972,11.0158433914185,-27.6720371246338,12.638277053833,13.9301595687866,-0.477825045585632,0.585868000984192,0.392922222614288,-1.2491176142671,23.9656789139336,-7.28793810652574
140170,0.0166695,14.8977298308164,10.4128160476685,-27.8465976715088,12.2613849639893,13.7794027328491,-0.388103365898132,0.500723958015442,0.328835308551788,-1.4349911418787,23.8998935403267,-6.45205244600849
140176,0.0166636,14.9143934305757,10.4128160476685,-27.8465976715088,12.2613849639893,13.7794027328491,-0.388103365898132,0.500723958015442,0.328835308551788,-1.4349911418787,23.8998935403267,-6.45205244600849
140178,0.0166671,14.9310605302453,10.5913438796997,-27.8942050933838,12.3883380889893,13.8785848617554,-0.411907076835632,0.441214680671692,0.367287456989288,-1.54776802889543,23.9863412150898,-6.43569832720466
140182,0.0166691,14.9477296303958,10.8135118484497,-27.99338722229,12.3883380889893,14.0055379867554,-0.418315768241882,0.618826985359192,0.399330914020538,-1.99623689840031,25.4725094414167,-6.19269196340736
140184,0.0166648,14.9643944296986,10.8135118484497,-27.99338722229,12.3883380889893,14.0055379867554,-0.418315768241882,0.618826985359192,0.399330914020538,-1.99623689840031,25.4725094414167,-6.19269196340736
140188,0.0166684,14.9810628294945,10.214451789856,-28.8582553863525,11.860689163208,14.5014486312866,-0.495220065116882,0.906302571296692,0.341652691364288,-1.43805053776132,24.9591676381113,-6.69430072558891
140192,0.0166697,14.9977325294167,10.214451789856,-28.8582553863525,11.860689163208,14.5014486312866,-0.495220065116882,0.906302571296692,0.341652691364288,-1.43805053776132,24.9591676381113,-6.69430072558891
140196,0.0166636,15.014396129176,9.94070911407471,-29.500955581665,11.686128616333,14.4022665023804,-0.465923190116882,0.926444172859192,0.295876324176788,-2.00695510475434,24.5593249876257,-4.80461038893084
140198,0.0166677,15.0310638286173,9.94070911407471,-29.500955581665,11.686128616333,14.4022665023804,-0.465923190116882,0.926444172859192,0.295876324176788,-2.00695510475434,24.5593249876257,-4.80461038893084
140202,0.0166666,15.047730429098,9.94070911407471,-29.500955581665,11.686128616333,14.4022665023804,-0.465923190116882,0.926444172859192,0.295876324176788,-2.00695510475434,24.5593249876257,-4.80461038893084
140206,0.0167721,15.0645025297999,9.88913440704346,-30.294412612915,11.6107501983643,15.1957235336304,-0.454021334648132,1.02440559864044,0.335243999958038,-2.28152758165128,24.2532493379342,-2.80257776925143
140210,0.0182306,15.0827331300825,9.88913440704346,-30.294412612915,11.6107501983643,15.1957235336304,-0.454021334648132,1.02440559864044,0.335243999958038,-2.28152758165128,24.2532493379342,-2.80257776925143
140212,0.0166679,15.0994010306895,9.88913440704346,-30.294412612915,11.6107501983643,15.1957235336304,-0.454021334648132,1.02440559864044,0.335243999958038,-2.28152758165128,24.2532493379342,-2.80257776925143
140216,0.0166673,15.1160683315247,8.81400012969971,-31.8257846832275,10.257905960083,15.8899984359741,-0.495220065116882,1.39153206348419,0.348061382770538,-1.86880193089159,24.0524656945282,-2.81896695713601
140218,0.0166691,15.1327374316752,8.81400012969971,-31.8257846832275,10.257905960083,15.8899984359741,-0.495220065116882,1.39153206348419,0.348061382770538,-1.86880193089159,24.0524656945282,-2.81896695713601
140222,0.0166658,15.1494032312185,8.81400012969971,-31.8257846832275,10.257905960083,15.8899984359741,-0.495220065116882,1.39153206348419,0.348061382770538,-1.86880193089159,24.0524656945282,-2.81896695713601
140226,0.0193209,15.1687241308391,7.29056215286255,-33.6824760437012,8.50039863586426,17.2825164794922,-0.519023776054382,1.94817268848419,0.328835308551788,-1.95724923448487,21.8800377853348,-1.6285414340444
140230,0.0166662,15.1853903308511,7.29056215286255,-33.6824760437012,8.50039863586426,17.2825164794922,-0.519023776054382,1.94817268848419,0.328835308551788,-1.95724923448487,21.8800377853348,-1.6285414340444
140232,0.0166676,15.2020579315722,6.14004945755005,-33.5832939147949,6.97299385070801,17.1079559326172,-0.423808932304382,2.13860249519348,0.418556988239288,-1.58064667230182,19.6534291749516,-1.31660786891062
140234,0.0166666,15.2187245320529,5.1363263130188,-32.7660331726074,5.69552803039551,15.9177694320679,-0.435710787773132,2.02049946784973,0.399330914020538,-1.39691223703009,18.2343176460835,-1.63706399404576
140238,0.016667,15.2353915311396,5.1363263130188,-32.7660331726074,5.69552803039551,15.9177694320679,-0.435710787773132,2.02049946784973,0.399330914020538,-1.39691223703009,18.2343176460835,-1.63706399404576
140244,0.0166666,15.2520581316203,0.986546099185944,-33.1627616882324,1.26010346412659,15.1719198226929,-0.388103365898132,2.27593159675598,0.322426617145538,-0.884878673005938,10.5360905366482,-1.30964920178026
140248,0.0166672,15.2687253318727,0.685032427310944,-33.0635795593262,0.958589732646942,15.4932699203491,-0.346904635429382,2.30889058113098,0.354470074176788,-1.04874137264737,9.84159757823714,-0.4989637593575
140250,0.0174599,15.2861852310598,-2.08809995651245,-30.5403842926025,-1.84628081321716,13.7794027328491,-0.299297213554382,2.06627583503723,0.328835308551788,-1.14594868789711,4.02147064566366,0.620823528053365
140252,0.0166678,15.3028530310839,-1.71517515182495,-31.2346591949463,-1.54873442649841,14.2039022445679,-0.161968126893044,2.09923481941223,0.309609234333038,-0.972834744487577,3.51838273355622,0.555047660289293
140256,0.0166671,15.3195201307535,-1.71517515182495,-31.2346591949463,-1.54873442649841,14.2039022445679,-0.161968126893044,2.09923481941223,0.309609234333038,-0.972834744487577,3.51838273355622,0.555047660289293
140258,0.0166672,15.3361873310059,-2.4411883354187,-30.3935947418213,-2.39773344993591,14.8505697250366,-0.203166857361794,2.23015522956848,0.316017925739288,-1.5952164238562,2.22960680727739,4.62196629347527
140264,0.0166668,15.3528541307896,-2.54037046432495,-29.2073764801025,-2.04861235618591,13.7079916000366,-0.119853861629963,2.03972554206848,0.386513531208038,-1.04317095421724,0.440721093899641,2.31436493027382
140266,0.0166675,15.3695216309279,-2.54037046432495,-29.2073764801025,-2.04861235618591,13.7079916000366,-0.119853861629963,2.03972554206848,0.386513531208038,-1.04317095421724,0.440721093899641,2.31436493027382
140270,0.016667,15.3861886300147,-2.1396746635437,-27.1761264801025,-1.57253813743591,14.0055379867554,-0.155559435486794,1.85661995410919,0.399330914020538,-1.86814516027041,-0.682051749474475,4.98641096523752
140272,0.0166676,15.4028562307358,-1.54061460494995,-26.9817295074463,-0.969510853290558,13.4342489242554,-0.203166857361794,1.81084358692169,0.399330914020538,-1.58309017851532,-0.506594714285387,2.69348315255913
140276,0.0166662,15.4195224307477,-0.687648236751556,-24.2839756011963,-0.267301380634308,13.7317953109741,-0.245281115174294,1.90239632129669,0.412148296833038,-1.88707080021372,0.0815171479382839,3.85012091289425
140278,0.0177537,15.4372761305422,0.835789263248444,-24.2363681793213,1.38308930397034,13.2596883773804,-0.215068712830544,1.69274055957794,0.450600445270538,-1.60042542267259,0.241286667597466,2.18422350201236
140284,0.0166671,15.4539432302117,0.835789263248444,-24.2363681793213,1.38308930397034,13.2596883773804,-0.215068712830544,1.69274055957794,0.450600445270538,-1.60042542267259,0.241286667597466,2.18422350201236
140288,0.0167112,15.4706544298679,2.53775453567505,-22.2051181793213,3.21597504615784,12.6883993148804,-0.352397799491882,1.33934700489044,0.360878765583038,-1.68253742454438,-0.0957752876875245,3.4446251317873
140290,0.0178209,15.488475330174,2.53775453567505,-22.2051181793213,3.21597504615784,12.6883993148804,-0.352397799491882,1.33934700489044,0.360878765583038,-1.68253742454438,-0.0957752876875245,3.4446251317873
140292,0.0166677,15.5051430296153,2.53775453567505,-22.2051181793213,3.21597504615784,12.6883993148804,-0.352397799491882,1.33934700489044,0.360878765583038,-1.68253742454438,-0.0957752876875245,3.4446251317873
140296,0.0166676,15.5218106303364,2.0101056098938,-22.1575107574463,2.41061615943909,14.0055379867554,-0.465923190116882,1.67992317676544,0.289467632770538,-2.70764525079521,-0.0558651156607894,4.42804046448711
140300,0.0166667,15.5384773295373,2.0101056098938,-22.1575107574463,2.41061615943909,14.0055379867554,-0.465923190116882,1.67992317676544,0.289467632770538,-2.70764525079521,-0.0558651156607894,4.42804046448711
140304,0.0166679,15.5551452301443,1.71255922317505,-21.3164463043213,2.06149506568909,13.6088094711304,-0.299297213554382,1.60759651660919,0.399330914020538,-2.51573337446735,-0.188036518690814,4.72621729279629
140306,0.0166659,15.5718111302704,2.0101056098938,-23.0699863433838,2.68832612037659,15.0211629867554,-0.245281115174294,1.75865852832794,0.386513531208038,-1.46481982877452,0.255644052364221,3.27498817595395
140310,0.0166674,15.5884785298258,2.0101056098938,-23.0699863433838,2.68832612037659,15.0211629867554,-0.245281115174294,1.75865852832794,0.386513531208038,-1.46481982877452,0.255644052364221,3.27498817595395
140312,0.0166673,15.6051458306611,2.03787660598755,-23.4191074371338,2.71212983131409,14.9973592758179,-0.191265001893044,1.65337288379669,0.367287456989288,-1.25164122792371,0.212534066224537,3.25724400846366
140316,0.0166667,15.6218125298619,0.887363970279694,-24.5299472808838,1.66079926490784,15.9653768539429,-0.274577975273132,1.92894661426544,0.354470074176788,-0.425561382815886,1.09565595930093,2.72367796118055
140320,0.0166679,15.6384804304689,0.887363970279694,-24.5299472808838,1.66079926490784,15.9653768539429,-0.274577975273132,1.92894661426544,0.354470074176788,-0.425561382815886,1.09565595930093,2.72367796118055
140324,0.0166664,15.6551468297839,1.0103497505188,-24.6053256988525,1.71237397193909,16.0645599365234,-0.292888522148132,1.94176399707794,0.373696148395538,-0.373565133096605,0.963475167170312,2.66157226019807
140328,0.0212056,15.676352430135,-0.390101850032806,-25.3710117340088,0.307954967021942,17.0841522216797,-0.250774264335632,2.40044331550598,0.335243999958038,-0.114020104558754,0.614409999519704,3.22905003078372
140330,0.0166665,15.6930189300328,-0.390101850032806,-25.3710117340088,0.307954967021942,17.0841522216797,-0.250774264335632,2.40044331550598,0.335243999958038,-0.114020104558754,0.614409999519704,3.22905003078372
140334,0.0166684,15.7096873298287,-0.362330853939056,-25.3987827301025,0.383333384990692,16.0883636474609,-0.161968126893044,2.18437886238098,0.348061382770538,0.704183000861047,0.950044178180702,0.809520242256852
140338,0.0166665,15.7263538297266,-1.1399188041687,-26.3350620269775,-0.342679798603058,16.3144989013672,-0.114360697567463,2.30889058113098,0.373696148395538,1.01681283722319,1.23569998212646,0.599005946274796
140340,0.0166672,15.743021029979,-1.1399188041687,-26.3350620269775,-0.342679798603058,16.3144989013672,-0.114360697567463,2.30889058113098,0.373696148395538,1.01681283722319,1.23569998212646,0.599005946274796
140344,0.0166667,15.7596877291799,-1.06454038619995,-27.8942050933838,-0.394254505634308,16.4374847412109,-0.161968126893044,2.49840474128723,0.354470074176788,0.682741032189777,1.58409123258002,1.82412803866438
140346,0.0166686,15.7763563282788,-1.04073667526245,-26.6326084136963,-0.394254505634308,15.5210409164429,-0.119853861629963,2.27593159675598,0.360878765583038,0.824997236234101,2.03462130411348,0.532889603531888
140350,0.0166671,15.7930234279484,-1.04073667526245,-26.6326084136963,-0.394254505634308,15.5210409164429,-0.119853861629963,2.27593159675598,0.360878765583038,0.824997236234101,2.03462130411348,0.532889603531888
140354,0.0166669,15.8096903283149,-1.0129656791687,-30.4412021636963,-0.469632923603058,16.5882415771484,-0.0365408733487129,2.57714009284973,0.399330914020538,0.0222485612779652,1.07329100182707,2.24424150689576
140356,0.0166665,15.8263568282127,-1.0129656791687,-30.4412021636963,-0.469632923603058,16.5882415771484,-0.0365408733487129,2.57714009284973,0.399330914020538,0.0222485612779652,1.07329100182707,2.24424150689576
140362,0.0166674,15.8430242277682,-0.465480268001556,-29.9730625152588,-0.0173624083399773,15.6440267562866,-0.0301321838051081,2.43340229988098,0.322426617145538,0.440139590593029,1.38749049840428,-0.166882843150705
140364,0.0166664,15.8596906270832,-0.465480268001556,-29.9730625152588,-0.0173624083399773,15.6440267562866,-0.0301321838051081,2.43340229988098,0.322426617145538,0.440139590593029,1.38749049840428,-0.166882843150705
140368,0.0166668,15.8763574268669,0.411289751529694,-29.45334815979,1.03396821022034,14.5252523422241,-0.0905569866299629,2.21642231941223,0.1869285851717,0.161729369848015,1.43808995112377,1.88780962522417
140370,0.0166659,15.893023326993,0.486668169498444,-29.8223056793213,1.10934662818909,14.6760091781616,-0.0841482952237129,2.23015522956848,0.20615465939045,0.32293853682697,1.55442581366308,1.23834943017704
140374,0.0166683,15.909691626206,0.486668169498444,-29.8223056793213,1.10934662818909,14.6760091781616,-0.0841482952237129,2.23015522956848,0.20615465939045,0.32293853682697,1.55442581366308,1.23834943017704
140376,0.0166665,15.9263581261039,0.538242876529694,-30.2190341949463,1.13315033912659,14.8227987289429,-0.0960501506924629,2.26952290534973,0.18051989376545,0.435702597124985,1.58548067016456,0.660838849577552
140382,0.0166678,15.943025926128,0.359715044498444,-31.0600986480713,0.934786021709442,14.6760091781616,-0.0301321838051081,2.30889058113098,0.295876324176788,0.630056829305676,0.871080501200249,-0.141660988988339
140384,0.0166652,15.9596911258996,0.359715044498444,-31.0600986480713,0.934786021709442,14.6760091781616,-0.0301321838051081,2.30889058113098,0.295876324176788,0.630056829305676,0.871080501200249,-0.141660988988339
140386,0.016668,15.9763591252267,0.359715044498444,-31.0600986480713,0.934786021709442,14.6760091781616,-0.0301321838051081,2.30889058113098,0.295876324176788,0.630056829305676,0.871080501200249,-0.141660988988339
140390,0.0166664,15.9930255245417,0.486668169498444,-31.7027988433838,1.05777192115784,15.9177694320679,0.0467721149325371,2.53136372566223,0.373696148395538,-0.190572243390425,0.988793141035414,1.39292759632342
140394,0.0166689,16.0096944253892,0.486668169498444,-31.7027988433838,1.05777192115784,15.9177694320679,0.0467721149325371,2.53136372566223,0.373696148395538,-0.190572243390425,0.988793141035414,1.39292759632342
140398,0.016665,16.0263594258577,0.538242876529694,-30.7903232574463,1.13315033912659,15.5686483383179,0.0824776813387871,2.56432271003723,0.386513531208038,-0.346067070401016,1.35900980582271,0.301456428031452
140400,0.0166681,16.0430275257677,0.538242876529694,-30.7903232574463,1.13315033912659,15.5686483383179,0.0824776813387871,2.56432271003723,0.386513531208038,-0.346067070401016,1.35900980582271,0.301456428031452
140404,0.0166658,16.0596933253109,0.387486040592194,-30.46897315979,0.982393443584442,14.7474203109741,0.141986951231956,2.50481343269348,0.348061382770538,-0.398652273735284,1.52373394079964,-0.0740131076487371
140406,0.0166679,16.0763612259179,0.0105939507484436,-29.6517124176025,0.633272349834442,14.5490560531616,0.231708630919456,2.45903706550598,0.380104839801788,-0.693849226903289,1.62634467551366,-0.740260264080554
140412,0.0199123,16.0962735265493,0.0105939507484436,-29.6517124176025,0.633272349834442,14.5490560531616,0.231708630919456,2.45903706550598,0.380104839801788,-0.693849226903289,1.62634467551366,-0.740260264080554
140414,0.0166672,16.1129407268018,-0.715419232845306,-29.4017734527588,0.00644130259752274,14.8743734359741,0.350727200508118,2.51854634284973,0.373696148395538,-1.28440079066954,0.759311691365247,-0.037216313563127
140418,0.0166675,16.12960822694,-0.715419232845306,-29.4017734527588,0.00644130259752274,14.8743734359741,0.350727200508118,2.51854634284973,0.373696148395538,-1.28440079066954,0.759311691365247,-0.037216313563127
140420,0.016667,16.1462752260268,-0.715419232845306,-29.4017734527588,0.00644130259752274,14.8743734359741,0.350727200508118,2.51854634284973,0.373696148395538,-1.28440079066954,0.759311691365247,-0.037216313563127
140426,0.016667,16.1629422251135,-0.437709271907806,-29.3779697418213,0.256380259990692,14.8981771469116,0.333332180976868,2.61009907722473,0.276650249958038,-1.35959109165013,1.14204621839677,-0.194151275303354
140428,0.0166667,16.1796089243144,-0.437709271907806,-29.3779697418213,0.256380259990692,14.8981771469116,0.333332180976868,2.61009907722473,0.276650249958038,-1.35959109165013,1.14204621839677,-0.194151275303354
140432,0.0166674,16.1962763238698,-0.0885881781578064,-29.278787612915,0.708650767803192,14.8505697250366,0.297626614570618,2.59636616706848,0.1356590539217,-1.49887041319258,0.993161986624408,-0.180117266110786
140434,0.0166667,16.2129430230707,-0.0885881781578064,-28.9852085113525,0.784029185771942,14.7236166000366,0.285724759101868,2.55699849128723,0.14206774532795,-1.46332956937974,0.823935227720379,-0.527764067015415
140438,0.0166665,16.2296095229685,-0.0885881781578064,-28.9852085113525,0.784029185771942,14.7236166000366,0.285724759101868,2.55699849128723,0.14206774532795,-1.46332956937974,0.823935227720379,-0.527764067015415
140440,0.0166678,16.2462773229927,-0.0885881781578064,-28.9852085113525,0.784029185771942,14.7236166000366,0.285724759101868,2.55699849128723,0.14206774532795,-1.46332956937974,0.823935227720379,-0.527764067015415
140446,0.0166709,16.2629482224584,0.0105939507484436,-28.9574375152588,0.784029185771942,14.4260702133179,0.279316067695618,2.57073140144348,0.11643297970295,-1.41528259449405,0.301457432060237,-0.74182486852006
140448,0.0166629,16.2796111218631,0.0105939507484436,-28.9574375152588,0.784029185771942,14.4260702133179,0.279316067695618,2.57073140144348,0.11643297970295,-1.41528259449405,0.301457432060237,-0.74182486852006
140454,0.0205674,16.3001785222441,0.212925493717194,-29.4017734527588,1.01016449928284,14.8981771469116,0.267414212226868,2.66228413581848,0.10361559689045,-1.46519915803513,0.238885502127964,-0.969189650960637
140456,0.0219286,16.3221071213484,0.212925493717194,-29.4017734527588,1.01016449928284,14.8981771469116,0.267414212226868,2.66228413581848,0.10361559689045,-1.46519915803513,0.238885502127964,-0.969189650960637
140460,0.0166688,16.338775921613,0.284336626529694,-28.8860263824463,1.08554291725159,14.0531454086304,0.250019192695618,2.55058979988098,0.1869285851717,-1.58338397363217,0.381537231267068,-1.27104695535147
140464,0.0166686,16.3554445207119,0.284336626529694,-28.8860263824463,1.08554291725159,14.0531454086304,0.250019192695618,2.55058979988098,0.1869285851717,-1.58338397363217,0.381537231267068,-1.27104695535147
140466,0.0166655,16.3721100203693,0.260532915592194,-29.1319980621338,0.883211314678192,14.1761312484741,0.250019192695618,2.61009907722473,0.1612938195467,-1.4065924484426,0.461086076903329,-1.36783215519211
140470,0.0166688,16.3887788206339,0.161350786685944,-29.1319980621338,0.883211314678192,14.5490560531616,0.255512356758118,2.63573384284973,0.1612938195467,-1.61594804356026,0.368012099782121,-1.19736958574849
140472,0.0166668,16.4054456204176,0.161350786685944,-29.1319980621338,0.883211314678192,14.5490560531616,0.255512356758118,2.63573384284973,0.1612938195467,-1.61594804356026,0.368012099782121,-1.19736958574849
140476,0.016668,16.4221136197448,0.0343976616859436,-28.8582553863525,0.760225474834442,14.3784627914429,0.291217923164368,2.70165181159973,0.251015484333038,-1.51076765801531,0.304958985149835,-1.26340311668775
140480,0.0166711,16.4387847203761,0.0343976616859436,-28.8582553863525,0.760225474834442,14.3784627914429,0.291217923164368,2.70165181159973,0.251015484333038,-1.51076765801531,0.304958985149835,-1.26340311668775
140482,0.0166624,16.455447120592,-0.0132097601890564,-28.8582553863525,0.657076060771942,14.5252523422241,0.267414212226868,2.66869282722473,0.21897204220295,-1.49569039652293,0.440725477142454,-1.26322557653722
140486,0.0166671,16.4721142202616,0.0105939507484436,-28.5884799957275,0.760225474834442,14.5490560531616,0.243610486388206,2.68883442878723,0.0972069054841995,-1.2106261203243,0.65664509304129,-1.49786348536999
140490,0.0166673,16.4887815210968,0.0105939507484436,-28.5884799957275,0.760225474834442,14.5490560531616,0.243610486388206,2.68883442878723,0.0972069054841995,-1.2106261203243,0.65664509304129,-1.49786348536999
140496,0.0187456,16.5075271204114,-0.0647844672203064,-27.99338722229,0.609468638896942,14.2515096664429,0.261921048164368,2.61009907722473,0.0907982140779495,-1.45903459574609,0.536518002308666,-1.54855742890722
140498,0.019609,16.5271361209452,-0.0647844672203064,-27.99338722229,0.609468638896942,14.2515096664429,0.261921048164368,2.61009907722473,0.0907982140779495,-1.45903459574609,0.536518002308666,-1.54855742890722
140500,0.0166691,16.5438052210957,-0.0647844672203064,-27.99338722229,0.609468638896942,14.2515096664429,0.261921048164368,2.61009907722473,0.0907982140779495,-1.45903459574609,0.536518002308666,-1.54855742890722
140504,0.0166662,16.5604714211077,-0.263148725032806,-27.818826675415,0.581697642803192,14.2277059555054,0.267414212226868,2.58995747566223,0.000161007046699524,-1.14126206820825,0.193049984352361,-1.65796558018047
140506,0.0166665,16.5771379210055,-0.263148725032806,-27.818826675415,0.581697642803192,14.2277059555054,0.267414212226868,2.58995747566223,0.000161007046699524,-1.14126206820825,0.193049984352361,-1.65796558018047
140512,0.0166669,16.593804821372,-0.0885881781578064,-28.1163730621338,0.633272349834442,14.4260702133179,0.255512356758118,2.65587544441223,-0.0446998327970505,-0.699293816049681,-0.21544778194956,-1.75834016274741
140514,0.0166678,16.6104726213962,-0.0885881781578064,-28.1163730621338,0.633272349834442,14.4260702133179,0.255512356758118,2.65587544441223,-0.0446998327970505,-0.699293816049681,-0.21544778194956,-1.75834016274741
140518,0.0166657,16.6271383222193,-0.0132097601890564,-28.21555519104,0.557893931865692,14.3268880844116,0.238117322325706,2.55699849128723,-0.0959693640470505,-0.608726941317634,-0.2032503878427,-1.67709633076179
140520,0.0166691,16.6438074223697,-0.140162885189056,-29.5287265777588,0.657076060771942,14.9735555648804,0.238117322325706,2.73461079597473,-0.13442151248455,-0.383736760542167,-0.351477036354962,-0.471541513165902
140524,0.016665,16.6604724228382,-0.140162885189056,-29.5287265777588,0.657076060771942,14.9735555648804,0.238117322325706,2.73461079597473,-0.13442151248455,-0.383736760542167,-0.351477036354962,-0.471541513165902
140526,0.0166688,16.6771412231028,-0.0885881781578064,-29.45334815979,0.732454478740692,15.0727376937866,0.231708630919456,2.75383687019348,-0.2250587195158,-0.0651960763310458,-0.685255957044689,-2.08765330923596
140530,0.0166657,16.6938069239259,-0.0885881781578064,-29.45334815979,0.732454478740692,15.0727376937866,0.231708630919456,2.75383687019348,-0.2250587195158,-0.0651960763310458,-0.685255957044689,-2.08765330923596
140536,0.0176377,16.7114446237683,-0.112391889095306,-29.9730625152588,0.732454478740692,14.3506917953491,0.255512356758118,2.68883442878723,-0.257102191448212,0.10668289689441,-0.980096246588866,-2.08524001365457
140538,0.0191163,16.7305609229952,-0.112391889095306,-29.9730625152588,0.732454478740692,14.3506917953491,0.255512356758118,2.68883442878723,-0.257102191448212,0.10668289689441,-0.980096246588866,-2.08524001365457
140540,0.0166683,16.7472292222083,-0.112391889095306,-29.9730625152588,0.732454478740692,14.3506917953491,0.255512356758118,2.68883442878723,-0.257102191448212,0.10668289689441,-0.980096246588866,-2.08524001365457
140546,0.0166665,16.7638957221061,0.212925493717194,-30.960916519165,1.08554291725159,14.4776449203491,0.201496228575706,2.76665425300598,-0.250693500041962,-0.0399417481302386,-1.07368904343393,-1.67849928836093
140548,0.0166686,16.780564321205,0.212925493717194,-30.960916519165,1.08554291725159,14.4776449203491,0.201496228575706,2.76665425300598,-0.250693500041962,-0.0399417481302386,-1.07368904343393,-1.67849928836093
140552,0.0166658,16.7972301207483,0.284336626529694,-29.9730625152588,1.10934662818909,13.8785848617554,0.207904919981956,2.70165181159973,-0.250693500041962,-0.141540119497163,-1.21375368747402,-2.06482471549744
140554,0.0166671,16.8138972204179,0.284336626529694,-29.9730625152588,1.10934662818909,13.8785848617554,0.207904919981956,2.70165181159973,-0.250693500041962,-0.141540119497163,-1.21375368747402,-2.06482471549744
140558,0.0166665,16.8305637203157,0.284336626529694,-29.9730625152588,1.10934662818909,13.8785848617554,0.207904919981956,2.70165181159973,-0.250693500041962,-0.141540119497163,-1.21375368747402,-2.06482471549744
140560,0.0166673,16.8472310211509,0.161350786685944,-29.9492588043213,0.982393443584442,14.2515096664429,0.226215466856956,2.80602192878723,-0.21865002810955,0.110406300159188,-1.17742606408853,-2.31021459914591
140566,0.0166665,16.8638975210488,0.185154497623444,-29.7270908355713,0.883211314678192,14.0769491195679,0.226215466856956,2.68151021003723,-0.18569104373455,-0.0420808702114146,-1.25546553473052,-2.11723024664842
140568,0.0166677,16.8805652204901,0.185154497623444,-29.7270908355713,0.883211314678192,14.0769491195679,0.226215466856956,2.68151021003723,-0.18569104373455,-0.0420808702114146,-1.25546553473052,-2.11723024664842
140572,0.016667,16.8972322195768,0.109776079654694,-29.8223056793213,1.05777192115784,13.3350667953491,0.226215466856956,2.62291646003723,-0.1792823523283,-0.472219446874698,-1.20528730278095,-1.96222479473969
140578,0.0194012,16.9166334196925,0.109776079654694,-29.8223056793213,1.05777192115784,13.3350667953491,0.226215466856956,2.62291646003723,-0.1792823523283,-0.472219446874698,-1.20528730278095,-1.96222479473969
140580,0.0198091,16.9364425204694,-0.0647844672203064,-30.0484409332275,1.05777192115784,13.0613241195679,0.231708630919456,2.61009907722473,-0.1408302038908,-0.495525711029766,-0.997129281422901,-2.6372211531916
140584,0.0166693,16.9531118199229,-0.0647844672203064,-30.0484409332275,1.05777192115784,13.0613241195679,0.231708630919456,2.61009907722473,-0.1408302038908,-0.495525711029766,-0.997129281422901,-2.6372211531916
140586,0.0166653,16.9697771202773,-0.0647844672203064,-30.0484409332275,1.05777192115784,13.0613241195679,0.231708630919456,2.61009907722473,-0.1408302038908,-0.495525711029766,-0.997129281422901,-2.6372211531916
140590,0.0166694,16.9864465203136,0.185154497623444,-28.21555519104,1.41086030006409,11.7441854476929,0.141986951231956,2.12486958503723,-0.16005627810955,0.262194560500382,-0.0271475038444443,-6.64002780454312
140592,0.0166651,17.0031116195023,0.185154497623444,-28.21555519104,1.41086030006409,11.7441854476929,0.141986951231956,2.12486958503723,-0.16005627810955,0.262194560500382,-0.0271475038444443,-6.64002780454312
140596,0.0166679,17.0197795201093,0.435093462467194,-26.8547763824463,1.28390717506409,11.0261068344116,0.106281392276287,1.94176399707794,-0.1792823523283,0.399792401633437,-0.111399822750131,-10.1938234386378
140598,0.0166657,17.0364452209324,0.435093462467194,-26.8547763824463,1.28390717506409,11.0261068344116,0.106281392276287,1.94176399707794,-0.1792823523283,0.399792401633437,-0.111399822750131,-10.1938234386378
140604,0.016667,17.0531122200191,0.260532915592194,-26.3866367340088,1.18472504615784,10.9229574203491,0.118183247745037,1.89598762989044,-0.2250587195158,0.408197524367863,-0.160800333058774,-10.2007441184471
140606,0.0166667,17.06977891922,0.0621686577796936,-27.0293369293213,0.807832896709442,11.3950643539429,0.153888806700706,2.16423726081848,-0.257102191448212,-0.869922996037751,-0.635535001913757,-10.1287733232685
140610,0.0166676,17.0864465199411,0.0621686577796936,-27.0293369293213,0.807832896709442,11.3950643539429,0.153888806700706,2.16423726081848,-0.257102191448212,-0.869922996037751,-0.635535001913757,-10.1287733232685
140612,0.0166668,17.1031133197248,-0.612269818782806,-27.4022617340088,0.133394420146942,11.7441854476929,0.207904919981956,2.02690815925598,-0.250693500041962,-0.7588139561966,-1.59546709956897,-9.67419881367808
140618,0.0194289,17.1225422192365,-0.838405072689056,-27.6958408355713,0.0580160096287727,11.8433675765991,0.207904919981956,2.09191060066223,-0.250693500041962,-0.686421017409975,-1.68188958006268,-9.673304163652
140620,0.017941,17.1404832191765,-0.838405072689056,-27.6958408355713,0.0580160096287727,11.8433675765991,0.207904919981956,2.09191060066223,-0.250693500041962,-0.686421017409975,-1.68188958006268,-9.673304163652
140624,0.0166713,17.1571545191109,-1.26290464401245,-28.5369052886963,-0.370450794696808,12.2638998031616,0.189594373106956,2.36748433113098,-0.282736957073212,-1.51164510609667,-2.59927751411568,-6.83855450650029
140626,0.0166726,17.1738271191716,-1.26290464401245,-28.5369052886963,-0.370450794696808,12.2638998031616,0.189594373106956,2.36748433113098,-0.282736957073212,-1.51164510609667,-2.59927751411568,-6.83855450650029
140630,0.0166616,17.1904887184501,-1.4652361869812,-29.1319980621338,-0.719571888446808,12.7122030258179,0.148395642638206,2.58354878425598,-0.257102191448212,-1.78394653724013,-3.40303215812169,-5.31949773410407
140632,0.0167023,17.2071910183877,-1.41366147994995,-29.278787612915,-0.771146595478058,12.8351888656616,0.124591939151287,2.56432271003723,-0.24428479373455,-1.70826035093688,-3.47009612524922,-4.9961648154941
140636,0.0166432,17.2238342184573,-1.41366147994995,-29.278787612915,-0.771146595478058,12.8351888656616,0.124591939151287,2.56432271003723,-0.24428479373455,-1.70826035093688,-3.47009612524922,-4.9961648154941
140640,0.0166731,17.2405073177069,-2.04049253463745,-28.6360874176025,-1.44558501243591,12.5138387680054,0.160297498106956,2.34093403816223,-0.24428479373455,-1.23176695790321,-4.28216737822399,-4.66467011116111
140644,0.0166617,17.2571690175682,-2.04049253463745,-28.6360874176025,-1.44558501243591,12.5138387680054,0.160297498106956,2.34093403816223,-0.24428479373455,-1.23176695790321,-4.28216737822399,-4.66467011116111
140646,0.0166671,17.2738361172378,-2.1158709526062,-28.56467628479,-1.49715971946716,12.3908529281616,0.177692517638206,2.34825825691223,-0.1994239538908,-1.12538778358921,-4.33088913733375,-4.78513044664459
140650,0.0166667,17.2905028164387,-2.6395525932312,-28.0687656402588,-1.97323393821716,11.8949422836304,0.184101209044456,2.11205220222473,-0.21865002810955,-0.257774581638535,-5.05573743400593,-4.87224258756931
140652,0.0166909,17.307193716988,-2.6395525932312,-28.0687656402588,-1.97323393821716,11.8949422836304,0.184101209044456,2.11205220222473,-0.21865002810955,-0.257774581638535,-5.05573743400593,-4.87224258756931
140658,0.0203229,17.3275166172534,-2.19124937057495,-29.4295444488525,-1.47335600852966,12.5892171859741,0.0412789508700371,2.23015522956848,-0.263510882854462,-1.02071440123201,-4.14046694224812,-1.6319377482699
140662,0.0168408,17.3443574178964,-2.19124937057495,-29.4295444488525,-1.47335600852966,12.5892171859741,0.0412789508700371,2.23015522956848,-0.263510882854462,-1.02071440123201,-4.14046694224812,-1.6319377482699
140666,0.0166679,17.3610253185034,-1.08834409713745,-30.46897315979,-0.219693958759308,13.1089315414429,-0.167461290955544,2.24297261238098,-0.301963031291962,-1.23326074484955,-3.57981305941455,1.31017813368234
140668,0.0166667,17.3776920177042,-1.08834409713745,-30.46897315979,-0.219693958759308,13.1089315414429,-0.167461290955544,2.24297261238098,-0.301963031291962,-1.23326074484955,-3.57981305941455,1.31017813368234
140670,0.0166699,17.3943619169295,-1.08834409713745,-30.46897315979,-0.219693958759308,13.1089315414429,-0.167461290955544,2.24297261238098,-0.301963031291962,-1.23326074484955,-3.57981305941455,1.31017813368234
140674,0.0166643,17.4110262170434,-0.862208783626556,-32.0757255554199,-0.144315540790558,14.1523275375366,-0.304790377616882,2.33452534675598,-0.282736957073212,-0.794132374562869,-2.24810553412297,1.88498795328433
140678,0.0166665,17.4276927169412,-0.862208783626556,-32.1511039733887,-0.295072376728058,13.9063558578491,-0.411907076835632,2.35466694831848,-0.308371722698212,-0.765500988572881,-2.08682272615959,2.08853440767729
140680,0.0166675,17.4443602170795,-0.862208783626556,-32.1511039733887,-0.295072376728058,13.9063558578491,-0.411907076835632,2.35466694831848,-0.308371722698212,-0.765500988572881,-2.08682272615959,2.08853440767729
140684,0.0166667,17.4610269162804,-1.1637225151062,-32.4446830749512,-0.671964466571808,14.6006307601929,-0.435710787773132,2.52495503425598,-0.314780414104462,-0.082322604934508,-2.03477216139991,1.95986740308424
140686,0.0166672,17.4776941165328,-1.1637225151062,-32.4446830749512,-0.671964466571808,14.6006307601929,-0.435710787773132,2.52495503425598,-0.314780414104462,-0.082322604934508,-2.03477216139991,1.95986740308424
140692,0.0166672,17.4943613167852,-0.763026654720306,-33.0873832702637,-0.0173624083399773,14.8981771469116,-0.388103365898132,2.36107563972473,-0.1994239538908,0.313124544107082,-2.69734736852587,1.13497110929222
140694,0.0166669,17.5110282171518,-1.21529722213745,-32.7184257507324,-0.620389759540558,14.8227987289429,-0.447612643241882,2.44621968269348,-0.295554339885712,0.10942610788141,-2.56791086070002,2.9881802610473
140700,0.0219758,17.5330040175468,-0.965358197689056,-32.4724540710449,-0.342679798603058,14.7236166000366,-0.400005221366882,2.34093403816223,-0.276328265666962,0.100413772718935,-2.70674898533515,3.17099554852806
140702,0.01755,17.5505540184677,-2.23885679244995,-31.2584629058838,-1.64791655540466,14.9973592758179,-0.388103365898132,2.56432271003723,-0.282736957073212,0.396063345935977,-2.29260798897619,1.99237908270934
140706,0.016668,17.5672220177948,-2.23885679244995,-31.2584629058838,-1.64791655540466,14.9973592758179,-0.388103365898132,2.56432271003723,-0.282736957073212,0.396063345935977,-2.29260798897619,1.99237908270934
140708,0.0166678,17.583889817819,-0.989161908626556,-30.8379306793213,-0.219693958759308,14.6482381820679,-0.423808932304382,2.27593159675598,-0.301963031291962,0.649759142851407,-2.70477876299642,1.68334542783209
140712,0.0166667,17.6005565170199,-1.88973569869995,-30.8617343902588,-1.47335600852966,15.5210409164429,-0.269084811210632,2.49840474128723,-0.21865002810955,-0.0684027400802756,-0.964161691695609,3.39385110300773
140714,0.0166663,17.6172228176147,-1.88973569869995,-30.8617343902588,-1.47335600852966,15.5210409164429,-0.269084811210632,2.49840474128723,-0.21865002810955,-0.0684027400802756,-0.964161691695609,3.39385110300773
140718,0.0166671,17.6338899172843,-0.465480268001556,-29.4771518707275,0.133394420146942,14.8505697250366,-0.257182955741882,2.05986714363098,-0.2122413367033,0.897356159060809,-2.48577734555864,0.245241835671245
140722,0.0166671,17.6505570169538,-0.513087689876556,-29.5763339996338,-0.0451334044337273,15.5210409164429,-0.418315768241882,2.49199604988098,-0.289145648479462,0.354364610042638,-2.15763008194396,2.94077781695225
140726,0.0166669,17.6672239173204,-0.513087689876556,-29.5763339996338,-0.0451334044337273,15.5210409164429,-0.418315768241882,2.49199604988098,-0.289145648479462,0.354364610042638,-2.15763008194396,2.94077781695225
140728,0.0166667,17.6838906165212,-0.215541303157806,-29.7270908355713,0.407137095928192,16.0169525146484,-0.400005221366882,2.38671040534973,-0.24428479373455,0.250336859989558,-2.39230386380826,3.25689924605689
140732,0.0166675,17.7005581166595,-0.814601361751556,-27.0769443511963,-0.267301380634308,14.6760091781616,-0.489726901054382,2.29515767097473,-0.308371722698212,1.11157850238972,-1.17587322069845,0.138854901872852
140736,0.0166664,17.7172245159745,-0.814601361751556,-27.0769443511963,-0.267301380634308,14.6760091781616,-0.489726901054382,2.29515767097473,-0.308371722698212,1.11157850238972,-1.17587322069845,0.138854901872852
140742,0.024732,17.7419565152377,-1.8381609916687,-26.9539585113525,-1.47335600852966,15.0727376937866,-0.328594088554382,2.06627583503723,-0.308371722698212,0.62519528296388,-0.483350635249393,2.54013019395039
140744,0.0170524,17.7590089160949,-1.8381609916687,-26.9539585113525,-1.47335600852966,15.0727376937866,-0.328594088554382,2.06627583503723,-0.308371722698212,0.62519528296388,-0.483350635249393,2.54013019395039
140746,0.0166682,17.7756771165878,-3.01644468307495,-27.10471534729,-2.72701811790466,15.9891805648804,-0.161968126893044,2.47185444831848,-0.269919574260712,0.412924030795437,-1.69740246315775,2.83661665235101
140750,0.016668,17.7923451159149,-3.01644468307495,-27.10471534729,-2.72701811790466,15.9891805648804,-0.161968126893044,2.47185444831848,-0.269919574260712,0.412924030795437,-1.69740246315775,2.83661665235101
140752,0.0166683,17.809013415128,-3.01644468307495,-27.10471534729,-2.72701811790466,15.9891805648804,-0.161968126893044,2.47185444831848,-0.269919574260712,0.412924030795437,-1.69740246315775,2.83661665235101
140756,0.0166648,17.8256782144308,-3.9170184135437,-27.4736728668213,-3.62759184837341,16.4136810302734,-0.0484427288174629,2.45903706550598,-0.276328265666962,0.266015664400264,-0.310091871018248,3.18838464226267
140760,0.0166666,17.8423448149115,-3.9170184135437,-27.4736728668213,-3.62759184837341,16.4136810302734,-0.0484427288174629,2.45903706550598,-0.276328265666962,0.266015664400264,-0.310091871018248,3.18838464226267
140764,0.0166669,17.859011715278,-1.21529722213745,-27.4498691558838,-0.671964466571808,16.3383026123047,-0.0548514202237129,1.98113167285919,-0.23146741092205,0.42402193736906,-1.5264725312044,2.43792904825261
140768,0.0166685,17.8756802156568,-3.1156268119812,-26.6564121246338,-2.79842925071716,15.5448446273804,-0.143657580018044,2.05986714363098,-0.314780414104462,0.596113237662942,-1.94767132728029,2.40901591115188
140770,0.016665,17.8923452161253,-3.1156268119812,-26.6564121246338,-2.79842925071716,15.5448446273804,-0.143657580018044,2.05986714363098,-0.314780414104462,0.596113237662942,-1.94767132728029,2.40901591115188
140774,0.0166675,17.9090127162635,-4.3137469291687,-26.3866367340088,-4.20284843444824,16.0407562255859,-0.245281115174294,2.34093403816223,-0.417319476604462,-0.210053074459624,-0.255178290487444,3.72925091419525
140776,0.0166672,17.9256799165159,-4.3137469291687,-26.3866367340088,-4.20284843444824,16.0407562255859,-0.245281115174294,2.34093403816223,-0.417319476604462,-0.210053074459624,-0.255178290487444,3.72925091419525
140784,0.0212244,17.9469043165445,-3.06405210494995,-26.08909034729,-2.79842925071716,15.3702840805054,-0.269084811210632,2.03972554206848,-0.430136859416962,-0.246061477082846,-0.138059210138499,2.84506059592492
140786,0.019505,17.9664093162864,-3.06405210494995,-26.08909034729,-2.79842925071716,15.3702840805054,-0.269084811210632,2.03972554206848,-0.430136859416962,-0.246061477082846,-0.138059210138499,2.84506059592492
140788,0.0166683,17.9830776154995,-3.06405210494995,-26.08909034729,-2.79842925071716,15.3702840805054,-0.269084811210632,2.03972554206848,-0.430136859416962,-0.246061477082846,-0.138059210138499,2.84506059592492
140792,0.0166668,17.9997444152832,-4.2661395072937,-25.9899082183838,-4.23061943054199,15.3940877914429,-0.150066271424294,2.13127827644348,-0.372458636760712,0.358322684873056,-0.248550461346922,3.20375542134118
140794,0.0166666,18.0164110157639,-4.2661395072937,-25.9899082183838,-4.23061943054199,15.3940877914429,-0.150066271424294,2.13127827644348,-0.372458636760712,0.358322684873056,-0.248550461346922,3.20375542134118
140800,0.0166671,18.0330781154335,0.859592974185944,-25.64475440979,1.45846772193909,14.5252523422241,0.0586739704012871,1.42449104785919,-0.17287366092205,0.828820426788404,-3.21278065240758,2.46673696435826
140802,0.016667,18.0497451145202,-2.06429624557495,-24.85129737854,-1.99703764915466,15.2195272445679,-0.382610201835632,2.05986714363098,-0.410910785198212,0.840964674039371,-0.128393200898968,2.32372753422642
140806,0.016667,18.0664121136069,-2.06429624557495,-24.85129737854,-1.99703764915466,15.2195272445679,-0.382610201835632,2.05986714363098,-0.410910785198212,0.840964674039371,-0.128393200898968,2.32372753422642
140808,0.0166675,18.0830796137452,-2.06429624557495,-24.85129737854,-1.99703764915466,15.2195272445679,-0.382610201835632,2.05986714363098,-0.410910785198212,0.840964674039371,-0.128393200898968,2.32372753422642
140812,0.0166669,18.0997465141118,3.9858136177063,-23.9388217926025,4.29110908508301,14.3784627914429,-0.376201510429382,1.56822884082794,-0.295554339885712,2.01282275657973,-1.30354128542737,0.747207986708377
140814,0.0166658,18.116412313655,4.1365704536438,-24.6053256988525,4.36648750305176,14.3506917953491,-0.131755724549294,1.33934700489044,-0.2378761023283,2.01686313087559,-1.77987518454337,0.76759133479147
140818,0.0166671,18.1330794133246,1.9624981880188,-25.0020542144775,2.08529877662659,14.9219808578491,0.165790662169456,1.51604378223419,-0.16005627810955,1.89178459311324,-1.40548215610717,0.82905118715574
140824,0.019751,18.1528304126114,3.6366925239563,-26.485818862915,3.76742768287659,15.4178915023804,0.112690083682537,1.54900276660919,-0.14723889529705,0.76157286580226,-3.9757878940704,2.80824142972791
140828,0.020479,18.1733094118536,3.6366925239563,-26.485818862915,3.76742768287659,15.4178915023804,0.112690083682537,1.54900276660919,-0.14723889529705,0.76157286580226,-3.9757878940704,2.80824142972791
140830,0.0166705,18.1899799127132,1.8117413520813,-26.75559425354,1.98611664772034,16.2629241943359,0.189594373106956,1.81084358692169,-0.2250587195158,0.605703838135864,-3.50032842056684,3.03394444160117
140834,0.0166654,18.2066453117877,5.4140362739563,-28.0171909332275,5.29483222961426,15.4456624984741,-0.0786551311612129,1.59477913379669,-0.20583264529705,1.47504564910298,-2.79652122864035,0.904531290111119
140836,0.0166655,18.2233108114451,5.4140362739563,-28.0171909332275,5.29483222961426,15.4456624984741,-0.0786551311612129,1.59477913379669,-0.20583264529705,1.47504564910298,-2.79652122864035,0.904531290111119
140840,0.0166678,18.2399786114693,-2.58797788619995,-27.6958408355713,-3.17532134056091,17.9767913818359,-0.215068712830544,2.47917866706848,-0.410910785198212,0.648253392689,0.0711367879299921,3.17572536962073
140842,0.0166657,18.2566443122923,-0.338527143001556,-28.8860263824463,-0.921903431415558,15.7194051742554,-0.430217623710632,2.03972554206848,-0.456687152385712,2.1444716420311,-1.45320655238424,-0.46961320101359
140846,0.0166669,18.2733112126589,-0.338527143001556,-28.8860263824463,-0.921903431415558,15.7194051742554,-0.430217623710632,2.03972554206848,-0.456687152385712,2.1444716420311,-1.45320655238424,-0.46961320101359
140850,0.0166702,18.28998141177,-2.38961362838745,-32.1749076843262,-3.65139555931091,17.0087738037109,-0.107952006161213,2.43340229988098,-0.346823871135712,1.92319301436311,-0.441789747504802,0.785721633034409
140854,0.0166634,18.3066448122263,-2.38961362838745,-32.1749076843262,-3.65139555931091,17.0087738037109,-0.107952006161213,2.43340229988098,-0.346823871135712,1.92319301436311,-0.441789747504802,0.785721633034409
140858,0.0166679,18.3233127128333,0.185154497623444,-34.6465263366699,-0.997281849384308,17.5800628662109,-0.0603445842862129,2.34093403816223,-0.346823871135712,1.30206799448909,-1.79412126165085,1.99279860316377
140860,0.0166715,18.3399842120707,0.185154497623444,-34.6465263366699,-0.997281849384308,17.5800628662109,-0.0603445842862129,2.34093403816223,-0.346823871135712,1.30206799448909,-1.79412126165085,1.99279860316377
140864,0.0168137,18.3567979112267,-0.465480268001556,-32.1233329772949,-1.52096343040466,17.0325775146484,0.0174752380698919,1.92162239551544,-0.282736957073212,0.890431828675937,-2.1961758385973,1.59764376915806
140866,0.016667,18.3734649103135,1.0103497505188,-34.9440727233887,-0.370450794696808,17.3301239013672,-0.0246390197426081,2.15141987800598,-0.321189105510712,1.82711823393034,-1.64365806113448,2.61350485173422
140870,0.0166682,18.3901331108063,1.0103497505188,-34.9440727233887,-0.370450794696808,17.3301239013672,-0.0246390197426081,2.15141987800598,-0.321189105510712,1.82711823393034,-1.64365806113448,2.61350485173422
140872,0.016671,18.4068041108549,1.0103497505188,-34.9440727233887,-0.370450794696808,17.3301239013672,-0.0246390197426081,2.15141987800598,-0.321189105510712,1.82711823393034,-1.64365806113448,2.61350485173422
140876,0.016663,18.4234671108425,0.0343976616859436,-34.7219047546387,-1.12026762962341,16.8104095458984,0.0888863727450371,2.11205220222473,-0.353232562541962,1.81635526672973,-2.17899826196119,1.52330549902334
140880,0.0166714,18.4401385113597,0.0343976616859436,-34.7219047546387,-1.12026762962341,16.8104095458984,0.0888863727450371,2.11205220222473,-0.353232562541962,1.81635526672973,-2.17899826196119,1.52330549902334
140884,0.0166625,18.4568010121584,0.0343976616859436,-34.7219047546387,-1.12026762962341,16.8104095458984,0.0888863727450371,2.11205220222473,-0.353232562541962,1.81635526672973,-2.17899826196119,1.52330549902334
140886,0.0166728,18.4734738115221,1.21268129348755,-35.9596977233887,-0.120511822402477,16.7112274169922,0.136493787169456,2.07909321784973,-0.366049945354462,1.45325508162195,-1.95078581720659,2.30530056651004
140890,0.0166626,18.490136411041,1.21268129348755,-35.9596977233887,-0.120511822402477,16.7112274169922,0.136493787169456,2.07909321784973,-0.366049945354462,1.45325508162195,-1.95078581720659,2.30530056651004
140892,0.0166737,18.506810111925,1.21268129348755,-35.9596977233887,-0.120511822402477,16.7112274169922,0.136493787169456,2.07909321784973,-0.366049945354462,1.45325508162195,-1.95078581720659,2.30530056651004
140896,0.0166605,18.5234706122428,0.962742388248444,-34.6465263366699,-0.0927408263087273,15.6440267562866,0.297626614570618,1.79711067676544,-0.308371722698212,2.37966407428075,-2.26706438289552,-0.16660354566967
140900,0.0166729,18.5401435121894,0.962742388248444,-34.6465263366699,-0.0927408263087273,15.6440267562866,0.297626614570618,1.79711067676544,-0.308371722698212,2.37966407428075,-2.26706438289552,-0.16660354566967
140904,0.0166622,18.5568057131022,0.859592974185944,-35.9596977233887,-0.120511822402477,15.0965414047241,0.494464993476868,1.73851692676544,-0.301963031291962,2.84747817502409,-2.09204145159325,0.21891930819308
140908,0.0189887,18.5757944136858,0.859592974185944,-35.9596977233887,-0.120511822402477,15.0965414047241,0.494464993476868,1.73851692676544,-0.301963031291962,2.84747817502409,-2.09204145159325,0.21891930819308
140912,0.019018,18.5948124136776,0.859592974185944,-35.9596977233887,-0.120511822402477,15.0965414047241,0.494464993476868,1.73851692676544,-0.301963031291962,2.84747817502409,-2.09204145159325,0.21891930819308
140914,0.0166693,18.6114817131311,-0.362330853939056,-35.4399833679199,-1.39797759056091,15.9653768539429,0.756305813789368,1.85661995410919,-0.314780414104462,2.77693110475625,-2.04424190657759,-0.815168237101913
140918,0.0166657,18.6281474139541,-0.362330853939056,-35.4399833679199,-1.39797759056091,15.9653768539429,0.756305813789368,1.85661995410919,-0.314780414104462,2.77693110475625,-2.04424190657759,-0.815168237101913
140920,0.0166701,18.6448175143451,-0.362330853939056,-35.2416191101074,-1.17184233665466,16.5366668701172,0.780109524726868,1.88225471973419,-0.353232562541962,3.13748519744157,-2.14925089680786,-1.09182402684602
140924,0.0166641,18.6614816151559,-0.862208783626556,-34.9678764343262,-1.62411284446716,16.3144989013672,0.922931790351868,1.90239632129669,-0.340415179729462,3.04526455291127,-2.55859670970535,-0.728358365258603
140926,0.0166673,18.6781489159912,-1.1637225151062,-34.6227226257324,-2.02480864524841,16.4374847412109,0.863422513008118,2.00676655769348,-0.372458636760712,3.03467722616833,-2.31175969701144,-0.686625990379873
140932,0.0166665,18.694815415889,-0.612269818782806,-34.6981010437012,-1.39797759056091,16.3898773193359,0.881733059883118,1.90880501270294,-0.385276019573212,2.67161341054523,-2.04149941875432,-0.292569732789369
140934,0.0166669,18.7114823162556,-0.612269818782806,-34.6981010437012,-1.39797759056091,16.3898773193359,0.881733059883118,1.90880501270294,-0.385276019573212,2.67161341054523,-2.04149941875432,-0.292569732789369
140938,0.0166667,18.7281490154564,-0.790797650814056,-34.8686943054199,-1.47335600852966,16.2391204833984,0.857929348945618,1.73851692676544,-0.372458636760712,2.59864785121414,-1.83745611220999,0.0649675617583238
140940,0.0166681,18.7448171153665,-0.814601361751556,-35.6383476257324,-1.57253813743591,16.8342132568359,0.917438626289368,1.88957893848419,-0.346823871135712,2.56426028582009,-1.63047497692261,0.196054720621892
140944,0.0166658,18.7614829149097,-0.862208783626556,-35.8089408874512,-1.69949126243591,17.0087738037109,0.893634915351868,1.95458137989044,-0.327597796916962,2.58621800661909,-1.61406303788563,0.174898831872459
140948,0.0187495,18.7802324146032,0.637425005435944,-36.1064872741699,0.0818197205662727,16.4890594482422,0.917438626289368,1.83006966114044,-0.353232562541962,2.34617099646329,-1.96491274085099,0.247712707957514
140952,0.017214,18.7974464148283,0.637425005435944,-36.1064872741699,0.0818197205662727,16.4890594482422,0.917438626289368,1.83006966114044,-0.353232562541962,2.34617099646329,-1.96491274085099,0.247712707957514
140954,0.0166677,18.8141141142696,-0.163966596126556,-36.3524589538574,-0.794950306415558,16.5128631591797,0.893634915351868,1.77147591114044,-0.327597796916962,2.13480951866284,-1.71465523098401,0.297362856581445
140958,0.0166673,18.8307814151049,-0.163966596126556,-36.3524589538574,-0.794950306415558,16.5128631591797,0.893634915351868,1.77147591114044,-0.327597796916962,2.13480951866284,-1.71465523098401,0.297362856581445
140960,0.0166667,18.8474481143057,-0.163966596126556,-36.3524589538574,-0.794950306415558,16.5128631591797,0.893634915351868,1.77147591114044,-0.327597796916962,2.13480951866284,-1.71465523098401,0.297362856581445
140966,0.0166674,18.8641155138612,-0.838405072689056,-35.4637870788574,-1.24722075462341,16.4890594482422,0.732502102851868,1.75133430957794,-0.372458636760712,1.75238134760218,-1.27608473638694,1.02357524608525
140968,0.0166661,18.8807816132903,-0.838405072689056,-35.4637870788574,-1.24722075462341,16.4890594482422,0.732502102851868,1.75133430957794,-0.372458636760712,1.75238134760218,-1.27608473638694,1.02357524608525
140972,0.0166667,18.8974483124912,-0.187770307064056,-36.5746269226074,-0.596586048603058,16.8619842529297,0.839618802070618,1.81084358692169,-0.346823871135712,1.67187534095775,-1.27343701694276,1.13152808523541
140974,0.0166668,18.9141151122749,-1.26290464401245,-36.8721733093262,-1.67172026634216,17.0841522216797,0.786518216133118,1.82366096973419,-0.404502093791962,1.95550090971545,-1.29751384180511,0.452542044634644
140978,0.0166671,18.9307822119445,-1.26290464401245,-36.8721733093262,-1.67172026634216,17.0841522216797,0.786518216133118,1.82366096973419,-0.404502093791962,1.95550090971545,-1.29751384180511,0.452542044634644
140980,0.0166675,18.9474497120827,-0.112391889095306,-36.5746269226074,-0.370450794696808,16.5604705810547,0.911029934883118,1.71196663379669,-0.359641253948212,1.39873160023134,-1.31440480458861,0.154588886229034
140986,0.0166683,18.9641180112958,-0.112391889095306,-36.5746269226074,-0.370450794696808,16.5604705810547,0.911029934883118,1.71196663379669,-0.359641253948212,1.39873160023134,-1.31440480458861,0.154588886229034
140990,0.0179523,18.982070311904,0.435093462467194,-36.1540946960449,-0.0173624083399773,16.3383026123047,0.815815091133118,1.56822884082794,-0.378867328166962,0.60670950004054,-0.959896569645859,1.1467580317493
140992,0.0189422,19.0010125115514,0.435093462467194,-36.1540946960449,-0.0173624083399773,16.3383026123047,0.815815091133118,1.56822884082794,-0.378867328166962,0.60670950004054,-0.959896569645859,1.1467580317493
140994,0.0166689,19.0176814123988,0.435093462467194,-36.1540946960449,-0.0173624083399773,16.3383026123047,0.815815091133118,1.56822884082794,-0.378867328166962,0.60670950004054,-0.959896569645859,1.1467580317493
140998,0.0166661,19.0343475118279,1.06192445755005,-36.0311088562012,0.430940806865692,17.0087738037109,0.786518216133118,1.80443489551544,-0.0895606726408005,-0.401077611567633,-0.505189576355382,1.79211730563551
141002,0.0166685,19.0510160122067,2.23624086380005,-35.5391654968262,1.71237397193909,16.1915130615234,0.803913235664368,1.57463753223419,-0.0511085242033005,-0.223325134057983,-0.416053848496298,2.28226104946815
141006,0.0166659,19.0676819123328,2.23624086380005,-35.5391654968262,1.71237397193909,16.1915130615234,0.803913235664368,1.57463753223419,-0.0511085242033005,-0.223325134057983,-0.416053848496298,2.28226104946815
141008,0.0166682,19.0843501128256,2.51395082473755,-35.4399833679199,1.93454194068909,15.5924520492554,0.774616360664368,1.49590218067169,0.1741112023592,-0.111860541883739,-0.00770751810681712,0.877079659954726
141012,0.0166657,19.1010158136487,2.06168031692505,-35.6383476257324,1.30771088600159,16.5366668701172,0.672992825508118,1.69914925098419,0.21897204220295,-0.672215470453549,0.62071849615656,1.96493795907979
141014,0.0166667,19.1176825128496,3.18838930130005,-33.5356864929199,2.56137299537659,14.0531454086304,0.696796536445618,1.06377327442169,0.373696148395538,0.393368660026416,1.62083632333853,-1.30377349637318
141018,0.0166674,19.134349912405,3.03763246536255,-33.8808403015137,2.38681244850159,16.8104095458984,0.690387845039368,1.65978157520294,0.270241558551788,-1.16569838239485,1.96577742791324,2.76792364941256
141022,0.0166683,19.1510182116181,3.03763246536255,-33.8808403015137,2.38681244850159,16.8104095458984,0.690387845039368,1.65978157520294,0.270241558551788,-1.16569838239485,1.96577742791324,2.76792364941256
141026,0.0166657,19.1676839124411,2.58536195755005,-29.6001377105713,2.36300873756409,14.5014486312866,0.678485989570618,1.31279671192169,0.257424175739288,-0.805717929691948,0.902956535143305,1.83106415556203
141032,0.0205658,19.1882497128099,2.4385724067688,-28.9574375152588,2.51376557350159,12.7875814437866,0.922931790351868,0.742423176765442,0.309609234333038,0.0350919738980556,0.625354074062565,-0.166810156529849
141034,0.0215372,19.2097869124264,0.435093462467194,-27.7950229644775,0.609468638896942,12.7875814437866,0.774616360664368,0.920035481452942,0.257424175739288,1.06587299021688,2.22598231229104,-0.0880490340915752
141036,0.0166686,19.2264555115253,1.2880597114563,-28.9574375152588,1.53384613990784,13.7555990219116,0.803913235664368,1.15532600879669,0.283058941364288,0.0349213923317143,2.63240498124326,0.909965995530536
141040,0.0166661,19.2431216109544,0.562046587467194,-28.1917514801025,0.831636607646942,16.4612884521484,1.08406460285187,1.43730843067169,0.309609234333038,-1.17449752766025,2.34939600273277,2.68312890389466
141044,0.0166668,19.2597884107381,0.562046587467194,-28.1917514801025,0.831636607646942,16.4612884521484,1.08406460285187,1.43730843067169,0.309609234333038,-1.17449752766025,2.34939600273277,2.68312890389466
141048,0.0166687,19.2764571104199,-2.2904314994812,-25.470193862915,-1.74709868431091,15.8661947250366,1.11977016925812,1.21483528614044,0.295876324176788,-1.59826045886918,0.487816881914659,2.76544553870434
141050,0.0166666,19.2931237109005,-2.2904314994812,-25.470193862915,-1.74709868431091,15.8661947250366,1.11977016925812,1.21483528614044,0.295876324176788,-1.59826045886918,0.487816881914659,2.76544553870434
141054,0.0166675,19.3097912110388,-4.2899432182312,-23.2207431793213,-3.50063872337341,16.8857879638672,1.18568813800812,1.46385872364044,0.341652691364288,-1.44173364894911,2.51634623064719,3.08992127406505
141056,0.0166664,19.3264576103538,-5.01595640182495,-22.9747714996338,-4.30599784851074,16.3621063232422,0.995258450508118,1.55541145801544,0.322426617145538,-0.952211852604111,2.64506282336594,3.19791788049018
141060,0.016667,19.3431246094406,-5.01595640182495,-22.9747714996338,-4.30599784851074,16.3621063232422,0.995258450508118,1.55541145801544,0.322426617145538,-0.952211852604111,2.64506282336594,3.19791788049018
141064,0.0166669,19.3597915098071,-5.2658953666687,-23.6888828277588,-4.45278739929199,17.5046844482422,1.13167202472687,1.75865852832794,0.373696148395538,-1.30666459178091,0.919331801135527,2.50604872314171
141068,0.0166665,19.3764580097049,-5.2658953666687,-23.6888828277588,-4.45278739929199,17.5046844482422,1.13167202472687,1.75865852832794,0.373696148395538,-1.30666459178091,0.919331801135527,2.50604872314171
141072,0.0197581,19.396216109395,-3.4409441947937,-24.1094150543213,-3.02456450462341,17.5046844482422,1.16188442707062,1.60759651660919,0.392922222614288,-1.85860977280587,1.17892791313908,2.47826453336954
141076,0.0186487,19.4148648101836,-3.4409441947937,-24.1094150543213,-3.02456450462341,17.5046844482422,1.16188442707062,1.60759651660919,0.392922222614288,-1.85860977280587,1.17892791313908,2.47826453336954
141080,0.0166686,19.4315334092826,-3.3139910697937,-23.9864292144775,-2.97695708274841,17.0603485107422,1.01906216144562,1.49590218067169,0.367287456989288,-1.62917172625111,1.68427204041543,2.27269396833644
141082,0.016666,19.4481994099915,-2.2666277885437,-25.5931797027588,-1.97323393821716,17.4332733154297,1.04286587238312,1.53526985645294,0.270241558551788,-1.00749299649243,1.56173801887869,2.88188133437346
141086,0.016668,19.4648674093187,-2.2666277885437,-25.5931797027588,-1.97323393821716,17.4332733154297,1.04286587238312,1.53526985645294,0.270241558551788,-1.00749299649243,1.56173801887869,2.88188133437346
141088,0.0166662,19.4815336093307,-2.2666277885437,-25.5931797027588,-1.97323393821716,17.4332733154297,1.04286587238312,1.53526985645294,0.270241558551788,-1.00749299649243,1.56173801887869,2.88188133437346
141092,0.0166669,19.4982005096972,-1.9651141166687,-26.263650894165,-1.79867339134216,17.2071380615234,1.04835903644562,1.50963509082794,0.1228416711092,1.01998606771487,0.643220730121356,0.246140059259831
141094,0.0166669,19.5148674100637,-1.9651141166687,-26.263650894165,-1.79867339134216,17.2071380615234,1.04835903644562,1.50963509082794,0.1228416711092,1.01998606771487,0.643220730121356,0.246140059259831
141098,0.0166681,19.5315355099738,-1.7905535697937,-29.3303623199463,-1.57253813743591,18.0521697998047,1.02455532550812,1.73210823535919,-0.12160412967205,0.905835914936104,0.284626092654616,1.70763178840249
141102,0.016666,19.5482015106827,-1.7905535697937,-29.3303623199463,-1.57253813743591,18.0521697998047,1.02455532550812,1.73210823535919,-0.12160412967205,0.905835914936104,0.284626092654616,1.70763178840249
141106,0.0166695,19.5648710113019,-1.7905535697937,-29.3303623199463,-1.57253813743591,18.0521697998047,1.02455532550812,1.73210823535919,-0.12160412967205,0.905835914936104,0.284626092654616,1.70763178840249
141108,0.0166644,19.5815354119986,-1.43746519088745,-30.2706089019775,-1.32259917259216,17.7030487060547,1.06026089191437,1.58104622364044,-0.21865002810955,1.23519273454685,0.0193230336668193,0.0201095129930369
141114,0.0237434,19.6052788123488,-1.41366147994995,-31.13547706604,-1.34640288352966,17.8776092529297,1.02455532550812,1.69274055957794,-0.21865002810955,1.07961364310652,0.0639202261112721,0.853969102199833
141116,0.0166672,19.6219460126013,-1.2906756401062,-29.4017734527588,-1.19564604759216,17.6554412841797,1.03645718097687,1.63414680957794,-0.18569104373455,0.556611331613576,-0.582241191311874,1.28730671285473
141120,0.0166676,19.6386136133224,-0.989161908626556,-30.5681552886963,-0.846525013446808,16.6120452880859,1.00716030597687,1.46385872364044,-0.21865002810955,2.07566712610548,-0.885862594126472,-0.877717004174846
141122,0.0166689,19.6552825141698,-0.989161908626556,-30.5681552886963,-0.846525013446808,16.6120452880859,1.00716030597687,1.46385872364044,-0.21865002810955,2.07566712610548,-0.885862594126472,-0.877717004174846
141126,0.0166648,19.6719473134726,0.212925493717194,-32.2463188171387,0.105623431503773,18.2505340576172,1.01906216144562,1.75865852832794,-0.2250587195158,0.313533866628288,-0.599187342199671,2.11622983411187
141128,0.0166676,19.6886149141937,0.212925493717194,-32.2463188171387,0.105623431503773,18.2505340576172,1.01906216144562,1.75865852832794,-0.2250587195158,0.313533866628288,-0.599187342199671,2.11622983411187
141134,0.0166684,19.7052833139896,0.212925493717194,-32.2463188171387,0.105623431503773,18.2505340576172,1.01906216144562,1.75865852832794,-0.2250587195158,0.313533866628288,-0.599187342199671,2.11622983411187
141136,0.0166653,19.721948614344,1.21268129348755,-32.2463188171387,1.10934662818909,16.5128631591797,0.953144192695618,1.41075813770294,-0.20583264529705,1.95202777464132,-1.23316644497846,-0.688944446080174
141140,0.0166667,19.7386153135449,1.21268129348755,-32.2463188171387,1.10934662818909,16.5128631591797,0.953144192695618,1.41075813770294,-0.20583264529705,1.95202777464132,-1.23316644497846,-0.688944446080174
141142,0.0166673,19.7552826143801,1.1373028755188,-33.0873832702637,1.01016449928284,16.9333953857422,0.976947903633118,1.47667610645294,-0.21865002810955,1.93031005059073,-0.99745093064138,-0.451961639996099
141146,0.0166669,19.7719495147467,1.1611065864563,-33.2619438171387,1.05777192115784,16.7350311279297,0.917438626289368,1.43089973926544,-0.2250587195158,1.66991764399401,-0.856780769284717,0.542185734920729
141150,0.016667,19.7886165138334,1.1611065864563,-33.2619438171387,1.05777192115784,16.7350311279297,0.917438626289368,1.43089973926544,-0.2250587195158,1.66991764399401,-0.856780769284717,0.542185734920729
141156,0.0212664,19.8098829146475,0.962742388248444,-32.2740898132324,1.10934662818909,17.2309417724609,0.965046048164368,1.55541145801544,-0.20583264529705,1.65493302984545,-0.847506991909044,-0.383298339693916
141158,0.0190223,19.8289052154869,0.962742388248444,-32.2740898132324,1.10934662818909,17.2309417724609,0.965046048164368,1.55541145801544,-0.20583264529705,1.65493302984545,-0.847506991909044,-0.383298339693916
141162,0.0166688,19.8455740157515,0.260532915592194,-30.6395664215088,0.482515513896942,16.7628021240234,1.03645718097687,1.52245247364044,-0.0831519812345505,1.16973504247926,-0.716264524470104,-0.207908453986129
141164,0.0166656,19.8622396159917,0.260532915592194,-30.6395664215088,0.482515513896942,16.7628021240234,1.03645718097687,1.52245247364044,-0.0831519812345505,1.16973504247926,-0.716264524470104,-0.207908453986129
141168,0.016667,19.8789066150784,0.260532915592194,-30.6395664215088,0.482515513896942,16.7628021240234,1.03645718097687,1.52245247364044,-0.0831519812345505,1.16973504247926,-0.716264524470104,-0.207908453986129
141170,0.0166668,19.8955734148622,1.2880597114563,-31.3814487457275,1.45846772193909,16.3144989013672,1.04286587238312,1.43730843067169,0.0193870812654495,-0.0924024297627193,-0.131207883344963,0.355295212207044
141174,0.0166668,19.9122402146459,1.2880597114563,-31.3814487457275,1.45846772193909,16.3144989013672,1.04286587238312,1.43730843067169,0.0193870812654495,-0.0924024297627193,-0.131207883344963,0.355295212207044
141176,0.0166675,19.9289077147841,1.36343812942505,-31.5560092926025,1.48623871803284,16.0407562255859,1.06026089191437,1.37871468067169,0.10361559689045,-0.390475932495535,0.16205017850481,0.521135326338553
141180,0.0166678,19.9455755148083,1.71255922317505,-31.4330234527588,1.81155610084534,15.9891805648804,1.03645718097687,1.39794075489044,0.1741112023592,-0.635893251997089,0.737759977556307,0.794093275874327
141184,0.0166661,19.9622416142374,1.71255922317505,-31.4330234527588,1.81155610084534,15.9891805648804,1.03645718097687,1.39794075489044,0.1741112023592,-0.635893251997089,0.737759977556307,0.794093275874327
141188,0.0175589,19.9798005148768,1.88711977005005,-32.2740898132324,1.93454194068909,16.7112274169922,1.02455532550812,1.48949348926544,0.251015484333038,-0.993212325156627,0.924186866141395,0.994405447276129
141190,0.0166663,19.9964668154716,1.53799867630005,-32.1749076843262,1.60922455787659,16.5366668701172,0.941242337226868,1.49590218067169,0.295876324176788,-1.33971066813869,1.4786152511063,1.40762592720339
141196,0.0184347,20.0149015150964,1.53799867630005,-32.1749076843262,1.60922455787659,16.5366668701172,0.941242337226868,1.49590218067169,0.295876324176788,-1.33971066813869,1.4786152511063,1.40762592720339
141198,0.0187516,20.0336531158537,0.962742388248444,-31.6551914215088,1.23629975318909,16.5366668701172,1.10786831378937,1.46385872364044,0.302285015583038,-1.2198789681264,1.1882832566492,1.97014924876408
141202,0.01667,20.0503231156617,0.510471880435944,-32.1749076843262,0.684847056865692,16.2153167724609,0.995258450508118,1.46385872364044,0.341652691364288,-0.947279119713858,1.52109620253958,1.25263659486271
141206,0.0166675,20.0669906158,0.510471880435944,-32.1749076843262,0.684847056865692,16.2153167724609,0.995258450508118,1.46385872364044,0.341652691364288,-0.947279119713858,1.52109620253958,1.25263659486271
141208,0.0166667,20.0836573150009,-0.0370134711265564,-31.13547706604,0.208772838115692,15.5448446273804,0.988849759101868,1.39794075489044,0.341652691364288,-1.2533453784634,1.96495243610391,1.240635733732
141212,0.0166669,20.1003242153674,-0.588466107845306,-30.6633701324463,-0.195890247821808,15.3940877914429,1.04835903644562,1.33934700489044,0.386513531208038,-1.4581094430749,1.70647416257628,1.28915981466958
141214,0.0166669,20.116991115734,-0.588466107845306,-30.6633701324463,-0.195890247821808,15.3940877914429,1.04835903644562,1.33934700489044,0.386513531208038,-1.4581094430749,1.70647416257628,1.28915981466958
141218,0.0166676,20.1336587164551,-0.814601361751556,-30.1476230621338,-0.318876087665558,15.0211629867554,0.976947903633118,1.34575569629669,0.360878765583038,-1.46471714785796,1.29976790056744,0.971629696864868
141222,0.016666,20.150324717164,-0.814601361751556,-30.1476230621338,-0.318876087665558,15.0211629867554,0.976947903633118,1.34575569629669,0.360878765583038,-1.46471714785796,1.29976790056744,0.971629696864868
141226,0.0166671,20.1669918168336,-0.814601361751556,-30.1476230621338,-0.318876087665558,15.0211629867554,0.976947903633118,1.34575569629669,0.360878765583038,-1.46471714785796,1.29976790056744,0.971629696864868
141228,0.0166669,20.1836587172002,-0.0647844672203064,-29.2549839019775,0.407137095928192,16.0645599365234,0.946735501289368,1.58837044239044,0.373696148395538,-1.668926499554,1.62502771936282,1.97433756735358
141232,0.0166672,20.2003259174526,-0.0647844672203064,-29.2549839019775,0.407137095928192,16.0645599365234,0.946735501289368,1.58837044239044,0.373696148395538,-1.668926499554,1.62502771936282,1.97433756735358
141234,0.0166665,20.2169924173504,-0.790797650814056,-28.2393589019775,-0.267301380634308,15.5448446273804,0.887226223945618,1.61400520801544,0.354470074176788,-1.44862386514666,1.66022365183897,1.66824242644751
141240,0.0200185,20.237010916695,-0.338527143001556,-27.2753086090088,0.355562388896942,16.1915130615234,1.11977016925812,1.68633186817169,0.373696148395538,-1.77217680298594,1.26257445279093,0.814353496779777
141242,0.0166697,20.2536806166172,-0.338527143001556,-27.2753086090088,0.355562388896942,16.1915130615234,1.11977016925812,1.68633186817169,0.373696148395538,-1.77217680298594,1.26257445279093,0.814353496779777
141246,0.0166678,20.2703484166414,-0.588466107845306,-26.2120761871338,-0.0173624083399773,15.4694662094116,0.941242337226868,1.77788460254669,0.360878765583038,-2.40026761726633,2.61571028828062,0.756930851013277
141248,0.016667,20.2870154157281,-0.937587201595306,-27.0769443511963,-0.370450794696808,16.6120452880859,0.988849759101868,1.94817268848419,0.392922222614288,-1.81734295374957,2.07979398153714,0.345276001756128
141254,0.0166667,20.303682114929,-0.937587201595306,-27.0769443511963,-0.370450794696808,16.6120452880859,0.988849759101868,1.94817268848419,0.392922222614288,-1.81734295374957,2.07979398153714,0.345276001756128
141256,0.0166677,20.3203498143703,-0.163966596126556,-28.0925693511963,0.581697642803192,16.1637420654297,1.17378628253937,1.66619026660919,0.437783062458038,-1.80815469580389,1.3507686489459,1.03781611005892
141258,0.0166701,20.3370199147612,-0.163966596126556,-28.0925693511963,0.581697642803192,16.1637420654297,1.17378628253937,1.66619026660919,0.437783062458038,-1.80815469580389,1.3507686489459,1.03781611005892
141262,0.0166642,20.3536841142923,-0.413905560970306,-28.0449619293213,0.181001842021942,16.4136810302734,1.03096401691437,1.84380257129669,0.367287456989288,-2.12730824641647,1.68983762326704,0.726569393158353
141266,0.016666,20.3703501150012,-0.413905560970306,-28.0449619293213,0.181001842021942,16.4136810302734,1.03096401691437,1.84380257129669,0.367287456989288,-2.12730824641647,1.68983762326704,0.726569393158353
141268,0.0166678,20.3870179150254,-0.390101850032806,-28.1163730621338,0.280183970928192,16.5604705810547,1.19118130207062,1.89598762989044,0.437783062458038,-2.0662586950675,1.39150794632578,0.636411301498965
141272,0.016666,20.4036839157343,-1.71517515182495,-27.4022617340088,-1.17184233665466,16.2906951904297,0.780109524726868,1.97472298145294,0.341652691364288,-1.91461067846214,2.17174571803331,0.687406733342743
141276,0.0166683,20.4203522149473,-1.71517515182495,-27.4022617340088,-1.17184233665466,16.2906951904297,0.780109524726868,1.97472298145294,0.341652691364288,-1.91461067846214,2.17174571803331,0.687406733342743
141280,0.0166659,20.4370181150734,-1.3144793510437,-27.152322769165,-0.719571888446808,15.0965414047241,0.846027493476868,1.77788460254669,0.21897204220295,-1.29205022116508,2.1225813984278,-0.682859658224323
141282,0.0166669,20.45368501544,-1.3144793510437,-27.152322769165,-0.719571888446808,15.0965414047241,0.846027493476868,1.77788460254669,0.21897204220295,-1.29205022116508,2.1225813984278,-0.682859658224323
141286,0.016667,20.4703520145267,-1.3144793510437,-27.152322769165,-0.719571888446808,15.0965414047241,0.846027493476868,1.77788460254669,0.21897204220295,-1.29205022116508,2.1225813984278,-0.682859658224323
141288,0.0166674,20.4870194140822,-0.763026654720306,-28.7352695465088,-0.0927408263087273,15.2711019515991,1.02455532550812,1.69914925098419,0.1100242882967,-1.48076128164974,1.74838456969074,-0.475752815948646
141292,0.0166666,20.5036860145628,-0.564662396907806,-29.6001377105713,-0.0451334044337273,15.1203451156616,0.893634915351868,1.83006966114044,0.0450218468904495,-1.72243826600467,1.6533037560451,0.166327235342786
141296,0.0166675,20.5203535147011,-0.564662396907806,-29.6001377105713,-0.0451334044337273,15.1203451156616,0.893634915351868,1.83006966114044,0.0450218468904495,-1.72243826600467,1.6533037560451,0.166327235342786
141300,0.0166663,20.5370198152959,-0.715419232845306,-29.6993198394775,-0.243497669696808,15.4932699203491,0.851520657539368,1.79070198535919,-0.0959693640470505,-1.33754852685699,1.70221149071999,-0.782253715853189
141302,0.016667,20.5536868143827,-0.715419232845306,-29.6993198394775,-0.243497669696808,15.4932699203491,0.851520657539368,1.79070198535919,-0.0959693640470505,-1.33754852685699,1.70221149071999,-0.782253715853189
141304,0.0166667,20.5703535135835,-0.0370134711265564,-29.9214878082275,0.534090220928192,15.0965414047241,0.846027493476868,1.70555794239044,-0.1792823523283,-1.50139428652238,1.01855562296553,-0.863655232299116
141308,0.0166678,20.5870213136077,-0.0370134711265564,-29.9214878082275,0.534090220928192,15.0965414047241,0.846027493476868,1.70555794239044,-0.1792823523283,-1.50139428652238,1.01855562296553,-0.863655232299116
141312,0.0166669,20.6036882139742,-0.0370134711265564,-29.9214878082275,0.534090220928192,15.0965414047241,0.846027493476868,1.70555794239044,-0.1792823523283,-1.50139428652238,1.01855562296553,-0.863655232299116
141316,0.0166673,20.6203555148095,0.109776079654694,-30.5403842926025,0.581697642803192,14.6760091781616,0.798420071601868,1.62041389942169,-0.21865002810955,-1.73683223960834,1.11793947252783,-0.270208174792347
141320,0.0199044,20.6402599141002,0.109776079654694,-30.5403842926025,0.581697642803192,14.6760091781616,0.798420071601868,1.62041389942169,-0.21865002810955,-1.73683223960834,1.11793947252783,-0.270208174792347
141322,0.016676,20.6569359134883,0.109776079654694,-30.69114112854,0.657076060771942,14.9219808578491,0.815815091133118,1.78429329395294,-0.2378761023283,-1.75187049629068,1.07313114570547,-0.170074661933813
141328,0.0166663,20.6736022140831,0.212925493717194,-30.0484409332275,0.657076060771942,14.4022665023804,0.839618802070618,1.65337288379669,-0.257102191448212,-1.89890396943441,1.06825209153261,-0.59654867960898
141330,0.0166678,20.6902700141072,0.236729204654694,-29.8223056793213,0.708650767803192,14.3030843734741,0.827716946601868,1.57463753223419,-0.21865002810955,-1.90191140033073,1.00247728082136,-0.662793318921651
141334,0.0166657,20.7069357149303,0.212925493717194,-30.5681552886963,0.732454478740692,15.2195272445679,0.929340481758118,1.69914925098419,-0.250693500041962,-1.56006326350332,0.664707235207409,-1.25899891937076
141336,0.0166644,20.7236001156271,0.212925493717194,-30.5681552886963,0.732454478740692,15.2195272445679,0.929340481758118,1.69914925098419,-0.250693500041962,-1.56006326350332,0.664707235207409,-1.25899891937076
141340,0.0166673,20.7402674164623,0.161350786685944,-29.850076675415,0.657076060771942,14.8743734359741,0.822223782539368,1.69914925098419,-0.276328265666962,-1.4169833049543,0.520529245588359,-1.25631802871959
141342,0.0166673,20.7569347172976,0.161350786685944,-29.850076675415,0.657076060771942,14.8743734359741,0.822223782539368,1.69914925098419,-0.276328265666962,-1.4169833049543,0.520529245588359,-1.25631802871959
141346,0.0166673,20.7736020181328,0.161350786685944,-29.850076675415,0.657076060771942,14.8743734359741,0.822223782539368,1.69914925098419,-0.276328265666962,-1.4169833049543,0.520529245588359,-1.25631802871959
141350,0.0166672,20.7902692183852,0.0859723687171936,-29.3303623199463,0.708650767803192,14.4260702133179,0.690387845039368,1.77788460254669,-0.276328265666962,-1.64411595378952,0.984626163523269,-2.14605106733222
141354,0.0166661,20.8069353178144,0.0859723687171936,-29.3303623199463,0.708650767803192,14.4260702133179,0.690387845039368,1.77788460254669,-0.276328265666962,-1.64411595378952,0.984626163523269,-2.14605106733222
141356,0.0166681,20.8236034177244,0.0343976616859436,-26.7833652496338,0.831636607646942,12.5376424789429,0.727008938789368,1.47667610645294,-0.2378761023283,-2.23786940309716,2.12865839848178,-6.67112262691257
141362,0.020578,20.8441814184189,0.137547075748444,-26.53342628479,0.982393443584442,12.3154745101929,0.780109524726868,1.48949348926544,-0.23146741092205,-2.40079752028399,2.1274627568029,-6.87837412320455
141366,0.0185069,20.8626883178949,0.137547075748444,-27.0055332183838,0.934786021709442,12.5376424789429,0.762714505195618,1.47026741504669,-0.24428479373455,-2.73082137193551,2.42280793345797,-7.30256451832554
141368,0.0166674,20.8793557174504,0.661228716373444,-26.4104404449463,1.48623871803284,12.1171102523804,0.881733059883118,1.31279671192169,-0.21865002810955,-3.22600004212226,2.55389004577516,-7.79347062294628
141372,0.0166676,20.8960233181715,0.661228716373444,-26.4104404449463,1.48623871803284,12.1171102523804,0.881733059883118,1.31279671192169,-0.21865002810955,-3.22600004212226,2.55389004577516,-7.79347062294628
141374,0.016667,20.9126903172582,0.661228716373444,-26.4104404449463,1.48623871803284,12.1171102523804,0.881733059883118,1.31279671192169,-0.21865002810955,-3.22600004212226,2.55389004577516,-7.79347062294628
141376,0.0166668,20.9293571170419,1.4626202583313,-26.0137119293213,2.03769135475159,11.5934286117554,0.786518216133118,1.16905891895294,-0.20583264529705,-3.6618939807593,3.23365064625616,-8.10150550556103
141382,0.016667,20.9460241161287,1.5102276802063,-25.1250400543213,2.23605561256409,10.7761678695679,0.798420071601868,1.07659065723419,-0.19301526248455,-4.42293862760622,3.79376504272318,-9.25190005277663
141386,0.0166667,20.9626908153296,1.86331605911255,-24.4307651519775,3.06521821022034,10.2048788070679,0.803913235664368,0.926444172859192,-0.18569104373455,-4.55490376727279,4.48350549752231,-9.9804643069931
141388,0.016666,20.9793568160385,2.03787660598755,-24.1609897613525,3.18820405006409,9.80815029144287,0.834125638008118,0.847708821296692,-0.1792823523283,-4.69227937965013,4.61407328208032,-10.3990623253257
141392,0.0166675,20.9960243161768,2.03787660598755,-24.1609897613525,3.18820405006409,9.80815029144287,0.834125638008118,0.847708821296692,-0.1792823523283,-4.69227937965013,4.61407328208032,-10.3990623253257
141394,0.0166668,21.0126911159605,2.06168031692505,-23.8158359527588,2.91446137428284,10.2524862289429,0.810321927070618,1.03081429004669,-0.1994239538908,-4.71594877535627,4.9594946382977,-11.2071568515289
141398,0.0166672,21.0293583162129,2.2878155708313,-24.3315830230713,3.11282563209534,10.6254110336304,0.846027493476868,1.07659065723419,-0.21865002810955,-4.39875331213002,5.01975829971467,-10.4833611402737
141402,0.0191558,21.0485141165555,2.2878155708313,-24.3315830230713,3.11282563209534,10.6254110336304,0.846027493476868,1.07659065723419,-0.21865002810955,-4.39875331213002,5.01975829971467,-10.4833611402737
141406,0.0166676,21.0651817172766,2.58536195755005,-24.7798862457275,3.23977875709534,10.2048788070679,0.642780423164368,1.12236702442169,-0.20583264529705,-4.02754763561199,5.37787064366775,-10.417260544647
141408,0.016667,21.0818487163633,2.38699769973755,-26.5850009918213,2.86288666725159,12.8867635726929,0.815815091133118,1.52886116504669,-0.263510882854462,-3.38473823512476,3.65698421746349,-7.56749526819017
141412,0.0166675,21.0985162165016,2.38699769973755,-26.5850009918213,2.86288666725159,12.8867635726929,0.815815091133118,1.52886116504669,-0.263510882854462,-3.38473823512476,3.65698421746349,-7.56749526819017
141414,0.0166667,21.1151829157025,2.21243715286255,-26.8309726715088,2.78750824928284,13.2081136703491,0.875324368476868,1.51604378223419,-0.2122413367033,-3.33901627638631,3.43313556475858,-7.45882830863474
141418,0.0166667,21.1318496149033,1.10953187942505,-27.945779800415,1.30771088600159,13.4342489242554,0.881733059883118,1.62041389942169,-0.17287366092205,-2.62978388631221,1.9729455735266,-4.5058357350105
141422,0.0166671,21.1485167145729,1.10953187942505,-27.945779800415,1.30771088600159,13.4342489242554,0.881733059883118,1.62041389942169,-0.17287366092205,-2.62978388631221,1.9729455735266,-4.5058357350105
141424,0.0166669,21.1651836149395,0.0343976616859436,-28.1441440582275,0.581697642803192,14.1285238265991,0.803913235664368,1.83006966114044,-0.21865002810955,-2.81174291821447,1.95439346069855,-3.82166709743957
141428,0.0166668,21.1818504147232,1.36343812942505,-29.0328159332275,2.21225190162659,14.2039022445679,1.13167202472687,1.29357063770294,-0.24428479373455,-3.1988240126351,1.49445642926043,-1.81849825616852
141432,0.0166675,21.1985179148614,1.36343812942505,-29.0328159332275,2.21225190162659,14.2039022445679,1.13167202472687,1.29357063770294,-0.24428479373455,-3.1988240126351,1.49445642926043,-1.81849825616852
141434,0.0183373,21.2168552149087,1.3118634223938,-27.7474155426025,2.48599457740784,11.4942464828491,0.988849759101868,0.644461750984192,-0.2250587195158,-3.26222766023825,4.04298132528429,-4.0867054701082
141438,0.0166675,21.233522715047,2.4623761177063,-27.9695835113525,2.96206879615784,10.7999715805054,0.863422513008118,1.04454720020294,-0.1408302038908,-4.56691403801108,5.43210407146462,-5.65825051169708
141444,0.0178546,21.2513773143291,1.88711977005005,-28.43772315979,2.81131196022034,12.1924886703491,1.14998257160187,0.913626790046692,-0.0703345984220505,-4.82035531177225,5.47264888800058,-5.90505418499574
141446,0.0196717,21.271049015224,2.41080141067505,-29.1796054840088,3.03744721412659,12.1171102523804,1.10237514972687,0.716788411140442,0.00656969845294952,-5.03559463859394,6.67354496620069,-5.13373210585032
141448,0.0166685,21.2877175156027,2.7638897895813,-28.9336338043213,3.41433930397034,11.4942464828491,1.06026089191437,0.677420735359192,0.0257957726716995,-5.01685302226318,6.71372858286337,-5.06308419158733
141452,0.0166663,21.3043838161975,2.7638897895813,-28.9336338043213,3.41433930397034,11.4942464828491,1.06026089191437,0.677420735359192,0.0257957726716995,-5.01685302226318,6.71372858286337,-5.06308419158733
141456,0.0166679,21.3210517168045,3.6366925239563,-27.7950229644775,4.39029121398926,11.2958822250366,1.07857143878937,0.572135090827942,0.20615465939045,-5.90934051876584,8.15348081468492,-4.97829257628168
141460,0.0166661,21.3377178162336,3.4859356880188,-27.7474155426025,4.34268379211426,11.2244710922241,1.13167202472687,0.507132649421692,0.1869285851717,-5.81645656334783,8.15229834163653,-5.01132257091608
141462,0.0166683,21.3543861154467,3.4859356880188,-27.7474155426025,4.34268379211426,11.2244710922241,1.13167202472687,0.507132649421692,0.1869285851717,-5.81645656334783,8.15229834163653,-5.01132257091608
141466,0.0166655,21.3710516151041,4.51346254348755,-27.77121925354,6.04464912414551,10.4548177719116,1.06666958332062,-0.265572428703308,0.257424175739288,-6.41527242952381,10.7564495455159,-3.36269952931857
141468,0.0166685,21.3877201154828,4.51346254348755,-27.77121925354,6.04464912414551,10.4548177719116,1.06666958332062,-0.265572428703308,0.257424175739288,-6.41527242952381,10.7564495455159,-3.36269952931857
141472,0.0166659,21.4043860156089,6.0884747505188,-27.1761264801025,7.69900703430176,10.3516683578491,0.714191555976868,0.421988606452942,0.1612938195467,-7.73114286360231,14.4669534976077,-3.5168335313344
141476,0.0166679,21.4210539162159,6.0884747505188,-27.1761264801025,7.69900703430176,10.3516683578491,0.714191555976868,0.421988606452942,0.1612938195467,-7.73114286360231,14.4669534976077,-3.5168335313344
141480,0.0166657,21.437719617039,6.0884747505188,-27.1761264801025,7.69900703430176,10.3516683578491,0.714191555976868,0.421988606452942,0.1612938195467,-7.73114286360231,14.4669534976077,-3.5168335313344
141484,0.0167413,21.4544609170407,4.9617657661438,-24.7798862457275,6.79843330383301,10.4032430648804,0.851520657539368,0.0356360785663128,0.0779808312654495,-5.24312353192548,13.9392392460764,-10.7663490542691
141486,0.0196099,21.4740708172321,4.9617657661438,-24.7798862457275,6.79843330383301,10.4032430648804,0.851520657539368,0.0356360785663128,0.0779808312654495,-5.24312353192548,13.9392392460764,-10.7663490542691
141490,0.0166727,21.4907435178757,5.9139142036438,-25.3234043121338,7.27450752258301,10.1810750961304,0.559467434883118,-0.645516276359558,0.257424175739288,-5.33681089059862,16.2370626603633,-8.4975492025056
141494,0.0176795,21.5084230173379,5.9139142036438,-25.3234043121338,7.27450752258301,10.1810750961304,0.559467434883118,-0.645516276359558,0.257424175739288,-5.33681089059862,16.2370626603633,-8.4975492025056
141496,0.0166633,21.5250863172114,6.0884747505188,-24.97825050354,7.44906806945801,9.73277187347412,0.613483548164368,-0.626290202140808,0.283058941364288,-5.53587032837181,16.2613909974206,-7.79013869862615
141500,0.0166671,21.541753416881,5.4378399848938,-23.0977573394775,6.92141914367676,7.59837245941162,0.625385403633118,-1.58301627635956,0.444191753864288,-10.9418653106675,13.1425482111238,-2.96362032554566
141502,0.0166667,21.5584201160818,5.4378399848938,-23.0977573394775,6.92141914367676,7.59837245941162,0.625385403633118,-1.58301627635956,0.444191753864288,-10.9418653106675,13.1425482111238,-2.96362032554566
141508,0.0166671,21.5750872157514,5.66397523880005,-23.2207431793213,7.09994697570801,6.87632656097412,0.577777981758118,-1.08496940135956,0.354470074176788,-11.797339030094,14.7387914738006,-5.17735748878836
141510,0.0166666,21.5917538162321,5.66397523880005,-23.2207431793213,7.09994697570801,6.87632656097412,0.577777981758118,-1.08496940135956,0.354470074176788,-11.797339030094,14.7387914738006,-5.17735748878836
141514,0.0166674,21.6084212157875,5.68777894973755,-23.0699863433838,7.14755439758301,6.70176601409912,0.488056302070618,-1.05201041698456,0.335243999958038,-11.6981104890355,15.1549555344386,-5.88827120072654
141516,0.0168002,21.6252214163542,5.0887188911438,-22.9985752105713,6.79843330383301,6.87632656097412,0.518268704414368,-1.32758414745331,0.495461285114288,-11.0414012874754,14.9105392068481,-8.98947346216951
141520,0.0166673,21.6418887171894,5.0887188911438,-22.9985752105713,6.79843330383301,6.87632656097412,0.518268704414368,-1.32758414745331,0.495461285114288,-11.0414012874754,14.9105392068481,-8.98947346216951
141522,0.0166665,21.6585552170873,5.2870831489563,-23.0977573394775,6.79843330383301,6.42802333831787,0.416645169258118,-1.35321891307831,0.566872417926788,-11.1007327888287,15.0991422344233,-8.88778712073882
141526,0.0166688,21.6752240173519,5.2632794380188,-23.3953037261963,6.57229804992676,6.57878017425537,0.326923489570618,-1.39899528026581,0.605324566364288,-12.2521236670003,14.3839587886404,-6.06748659212982
141530,0.0166658,21.6918898168951,5.2632794380188,-23.3953037261963,6.57229804992676,6.57878017425537,0.326923489570618,-1.39899528026581,0.605324566364288,-12.2521236670003,14.3839587886404,-6.06748659212982
141532,0.0166682,21.708558017388,4.88638734817505,-24.803689956665,6.24698066711426,7.15006923675537,0.238117322325706,-0.966866374015808,0.630959331989288,-12.6215445597118,13.9324832632121,-3.15185437272647
141536,0.0166655,21.7252235170454,4.88638734817505,-24.803689956665,6.24698066711426,7.15006923675537,0.238117322325706,-0.966866374015808,0.630959331989288,-12.6215445597118,13.9324832632121,-3.15185437272647
141540,0.0166669,21.7418904174119,4.7872052192688,-24.8274936676025,6.14779853820801,7.15006923675537,0.219806775450706,-0.987007975578308,0.663002789020538,-12.5905447217086,13.993070599835,-2.91046693875094
141542,0.0166668,21.7585572171956,4.71182680130005,-26.5611972808838,5.71933174133301,8.78855800628662,0.00557338260114193,-0.547554850578308,0.611733257770538,-12.2082575966103,13.07113793388,-1.34191144210283
141548,0.0166667,21.7752239163965,4.71182680130005,-26.5611972808838,5.71933174133301,8.78855800628662,0.00557338260114193,-0.547554850578308,0.611733257770538,-12.2082575966103,13.07113793388,-1.34191144210283
141550,0.0166672,21.7918911166489,4.71182680130005,-26.5611972808838,5.71933174133301,8.78855800628662,0.00557338260114193,-0.547554850578308,0.611733257770538,-12.2082575966103,13.07113793388,-1.34191144210283
141554,0.016667,21.8085581157357,4.48965883255005,-28.5884799957275,5.37021064758301,10.6531820297241,-0.311199069023132,0.480582356452942,0.482643902301788,-10.1423017022784,12.4204517190183,0.604197852505665
141556,0.0166676,21.8252257164568,4.48965883255005,-28.5884799957275,5.37021064758301,10.6531820297241,-0.311199069023132,0.480582356452942,0.482643902301788,-10.1423017022784,12.4204517190183,0.604197852505665
141560,0.016666,21.8418917171657,2.1608624458313,-30.294412612915,2.66452240943909,14.0769491195679,-0.209575548768044,1.73851692676544,0.302285015583038,-7.73410626180562,11.0608782853252,2.33575248559376
141562,0.016667,21.8585587162524,2.88687562942505,-30.8617343902588,3.36276459693909,15.2711019515991,-0.501628756523132,2.13127827644348,0.295876324176788,-5.94219540833275,10.5761284486929,1.78638018467316
141568,0.0166669,21.875225616619,2.88687562942505,-30.8617343902588,3.36276459693909,15.2711019515991,-0.501628756523132,2.13127827644348,0.295876324176788,-5.94219540833275,10.5761284486929,1.78638018467316
141570,0.0166667,21.8918923158199,0.109776079654694,-31.7781772613525,0.133394420146942,15.6202230453491,-0.388103365898132,2.53777241706848,0.328835308551788,-2.01823211401301,7.80637546447355,1.22399319260042
141574,0.0166666,21.9085589163005,0.109776079654694,-31.7781772613525,0.133394420146942,15.6202230453491,-0.388103365898132,2.53777241706848,0.328835308551788,-2.01823211401301,7.80637546447355,1.22399319260042
141576,0.016667,21.9252259153873,0.109776079654694,-31.7781772613525,0.133394420146942,15.6202230453491,-0.388103365898132,2.53777241706848,0.328835308551788,-2.01823211401301,7.80637546447355,1.22399319260042
141580,0.0166668,21.941892715171,-1.3144793510437,-29.9492588043213,-1.39797759056091,14.9973592758179,-0.340495944023132,2.20360493659973,0.354470074176788,-1.44922722991171,3.4654384056122,2.71518204463423
141582,0.0166671,21.9585598148406,-1.3144793510437,-29.9492588043213,-1.39797759056091,14.9973592758179,-0.340495944023132,2.20360493659973,0.354470074176788,-1.44922722991171,3.4654384056122,2.71518204463423
141588,0.0166669,21.9752267152071,-2.1396746635437,-28.5369052886963,-1.89785552024841,14.8743734359741,-0.245281115174294,2.16423726081848,0.373696148395538,-1.21076792714973,0.54486113841753,4.84435505590083
141590,0.0166667,21.991893414408,-2.1396746635437,-28.5369052886963,-1.89785552024841,14.8743734359741,-0.245281115174294,2.16423726081848,0.373696148395538,-1.21076792714973,0.54486113841753,4.84435505590083
141594,0.0166675,22.0085609145463,-2.1396746635437,-28.5369052886963,-1.89785552024841,14.8743734359741,-0.245281115174294,2.16423726081848,0.373696148395538,-1.21076792714973,0.54486113841753,4.84435505590083
141596,0.0166682,22.0252291150391,-2.6157488822937,-26.8071689605713,-2.14779448509216,14.5490560531616,-0.489726901054382,2.13860249519348,0.276650249958038,-0.461511317850748,1.17114491868256,2.88866222422429
141600,0.0166653,22.0418944153935,-2.6157488822937,-26.8071689605713,-2.14779448509216,14.5490560531616,-0.489726901054382,2.13860249519348,0.276650249958038,-0.461511317850748,1.17114491868256,2.88866222422429
141602,0.0166667,22.0585611145943,-1.86593198776245,-26.5611972808838,-1.27102446556091,15.5686483383179,-0.250774264335632,2.14501118659973,0.335243999958038,-1.25436635306774,0.307441578905553,5.74008717904211
141608,0.0177265,22.0762876141816,-2.7665057182312,-26.1644687652588,-2.29855132102966,14.6244344711304,-0.632549166679382,2.51854634284973,0.1869285851717,-0.433001330279358,1.05299962358224,4.88350559828441
141610,0.0178345,22.09412211366,-2.7665057182312,-26.1644687652588,-2.29855132102966,14.6244344711304,-0.632549166679382,2.51854634284973,0.1869285851717,-0.433001330279358,1.05299962358224,4.88350559828441
141614,0.0166684,22.1107905134559,-6.4164080619812,-22.8240146636963,-5.73422050476074,16.5882415771484,-0.0548514202237129,2.55058979988098,0.328835308551788,-1.46439703999961,2.42059584650741,5.38243862425578
141616,0.0166669,22.1274574138224,-6.4164080619812,-22.8240146636963,-5.73422050476074,16.5882415771484,-0.0548514202237129,2.55058979988098,0.328835308551788,-1.46439703999961,2.42059584650741,5.38243862425578
141620,0.0166665,22.1441239137203,-6.9162859916687,-19.8088779449463,-6.23409843444824,15.1957235336304,-0.233379259705544,2.53777241706848,0.20615465939045,-1.00922791039753,3.07122523555485,4.48935594980926
141624,0.0166669,22.1607908140868,1.21268129348755,-18.5710849761963,2.06149506568909,13.7079916000366,0.404743313789368,0.827567219734192,0.514687359333038,1.07186043472559,-2.91509044414129,1.69213748151042
141628,0.0166671,22.1774579137564,1.21268129348755,-18.5710849761963,2.06149506568909,13.7079916000366,0.404743313789368,0.827567219734192,0.514687359333038,1.07186043472559,-2.91509044414129,1.69213748151042
141630,0.016667,22.1941249128431,1.21268129348755,-18.5710849761963,2.06149506568909,13.7079916000366,0.404743313789368,0.827567219734192,0.514687359333038,1.07186043472559,-2.91509044414129,1.69213748151042
141634,0.0166667,22.210791612044,2.08548402786255,-17.630838394165,2.88669037818909,14.6760091781616,0.410236477851868,1.10954964160919,0.367287456989288,0.544040675519337,-2.70678656349245,2.98022128091041
141636,0.0166668,22.2274584118277,2.08548402786255,-17.630838394165,2.88669037818909,14.6760091781616,0.410236477851868,1.10954964160919,0.367287456989288,0.544040675519337,-2.70678656349245,2.98022128091041
141640,0.0166676,22.2441260125488,-3.19100522994995,-16.170877456665,-2.25094389915466,14.8227987289429,-0.537334322929382,1.92162239551544,-0.0318824499845505,-0.143897043572479,1.03721195682261,3.31852843379462
141644,0.0166667,22.2607927117497,-0.163966596126556,-15.6511631011963,0.883211314678192,15.4178915023804,-0.394512057304382,1.79070198535919,-0.0959693640470505,-1.13654725330667,1.74515525587665,4.62525299573853
141650,0.0196054,22.2803981117904,-5.7657732963562,-17.3570957183838,-4.75430107116699,16.5128631591797,-0.00632847286760807,2.07909321784973,-0.0959693640470505,-0.735573320825249,0.599193099194269,4.04768188878216
141652,0.0166672,22.2970653120428,-5.7657732963562,-17.3570957183838,-4.75430107116699,16.5128631591797,-0.00632847286760807,2.07909321784973,-0.0959693640470505,-0.735573320825249,0.599193099194269,4.04768188878216
141654,0.0166671,22.3137324117124,-5.7657732963562,-17.3570957183838,-4.75430107116699,16.5128631591797,-0.00632847286760807,2.07909321784973,-0.0959693640470505,-0.735573320825249,0.599193099194269,4.04768188878216
141656,0.0166695,22.3304019123316,-4.38912534713745,-18.69407081604,-3.50063872337341,16.9849700927734,-0.335002779960632,2.19078755378723,-0.289145648479462,0.594448527477942,1.54038471214438,3.11726628672594
141662,0.0166646,22.3470665123314,-2.8379168510437,-19.4597568511963,-2.10018706321716,17.3063201904297,-0.304790377616882,2.07909321784973,-0.2122413367033,-0.733985954007782,0.22651323023662,4.31486561321172
141664,0.016667,22.3637335114181,-2.8379168510437,-19.4597568511963,-2.10018706321716,17.3063201904297,-0.304790377616882,2.07909321784973,-0.2122413367033,-0.733985954007782,0.22651323023662,4.31486561321172
141668,0.0166669,22.3804004117846,2.4861798286438,-20.6737461090088,3.31515717506409,15.8423910140991,-0.561138033866882,1.76506721973419,-0.353232562541962,1.17574445948218,-3.24314972873477,0.828700200663104
141670,0.0166672,22.3970676120371,2.4861798286438,-20.6737461090088,3.31515717506409,15.8423910140991,-0.561138033866882,1.76506721973419,-0.353232562541962,1.17574445948218,-3.24314972873477,0.828700200663104
141676,0.0166672,22.4137348122895,4.88638734817505,-22.05832862854,5.74710273742676,16.2629241943359,-0.138164415955544,1.32561409473419,-0.263510882854462,1.2576474549423,-4.68534572417478,0.903706936630291
141676,0.0166667,22.4304015114903,-7.7414813041687,-21.1656894683838,-7.23782157897949,15.0211629867554,-0.0182303283363581,2.01409077644348,-0.17287366092205,2.08776865818788,1.89041988093594,0.674720058335927
141682,0.0166671,22.4470686111599,-7.7414813041687,-21.1656894683838,-7.23782157897949,15.0211629867554,-0.0182303283363581,2.01409077644348,-0.17287366092205,2.08776865818788,1.89041988093594,0.674720058335927
141684,0.016667,22.4637356102467,4.83877992630005,-24.4823398590088,5.54477119445801,15.1719198226929,-0.442119479179382,1.52245247364044,-0.295554339885712,0.629514164531297,-4.37994079201434,1.18971484525142
141690,0.0208759,22.4846115093678,4.83877992630005,-24.4823398590088,5.54477119445801,15.1719198226929,-0.442119479179382,1.52245247364044,-0.295554339885712,0.629514164531297,-4.37994079201434,1.18971484525142
141692,0.0193719,22.5039834100753,-3.06405210494995,-24.5577182769775,-2.92538237571716,15.6678304672241,-0.513530611991882,2.34093403816223,-0.276328265666962,-0.0624935894582256,1.42115943044405,2.54882440625923
141696,0.0166941,22.520677510649,-3.06405210494995,-24.5577182769775,-2.92538237571716,15.6678304672241,-0.513530611991882,2.34093403816223,-0.276328265666962,-0.0624935894582256,1.42115943044405,2.54882440625923
141698,0.0166417,22.5373192112893,-3.06405210494995,-24.5577182769775,-2.92538237571716,15.6678304672241,-0.513530611991882,2.34093403816223,-0.276328265666962,-0.0624935894582256,1.42115943044405,2.54882440625923
141702,0.0166664,22.5539856106043,-6.96786069869995,-25.9899082183838,-7.03549003601074,14.9219808578491,0.577777981758118,1.93535530567169,0.0386131554841995,1.19377931429448,0.799528504472897,0.537854844772178
141706,0.0166672,22.5706528108567,-6.96786069869995,-25.9899082183838,-7.03549003601074,14.9219808578491,0.577777981758118,1.93535530567169,0.0386131554841995,1.19377931429448,0.799528504472897,0.537854844772178
141710,0.0166672,22.5873200111091,-6.96786069869995,-25.9899082183838,-7.03549003601074,14.9219808578491,0.577777981758118,1.93535530567169,0.0386131554841995,1.19377931429448,0.799528504472897,0.537854844772178
141712,0.0166661,22.6039861105382,1.8355450630188,-30.2706089019775,2.03769135475159,15.8185873031616,-0.280986666679382,2.19078755378723,-0.289145648479462,0.928542351654646,-2.55303391946996,0.662556862367379
141716,0.0166668,22.620652910322,1.8355450630188,-30.2706089019775,2.03769135475159,15.8185873031616,-0.280986666679382,2.19078755378723,-0.289145648479462,0.928542351654646,-2.55303391946996,0.662556862367379
141718,0.0166683,22.637321209535,1.8355450630188,-30.2706089019775,2.03769135475159,15.8185873031616,-0.280986666679382,2.19078755378723,-0.289145648479462,0.928542351654646,-2.55303391946996,0.662556862367379
141722,0.0166659,22.6539871096611,1.3356671333313,-28.65989112854,1.41086030006409,16.3621063232422,-0.150066271424294,2.16423726081848,-0.257102191448212,0.578340307801992,-2.71973972955583,-0.832872082828883
141726,0.0166672,22.6706543099135,1.3356671333313,-28.65989112854,1.41086030006409,16.3621063232422,-0.150066271424294,2.16423726081848,-0.257102191448212,0.578340307801992,-2.71973972955583,-0.832872082828883
141730,0.0166671,22.6873214095831,-0.913783490657806,-27.9695835113525,-0.894132435321808,16.5366668701172,-0.471416354179382,2.53777241706848,-0.404502093791962,0.510623821360546,-1.0321649492222,-0.810154384329395
141732,0.0166672,22.7039886098355,-0.913783490657806,-27.9695835113525,-0.894132435321808,16.5366668701172,-0.471416354179382,2.53777241706848,-0.404502093791962,0.510623821360546,-1.0321649492222,-0.810154384329395
141736,0.0166682,22.7206568103284,-3.9646258354187,-27.99338722229,-4.05209159851074,15.9653768539429,0.0174752380698919,2.38030171394348,-0.1792823523283,-0.436974235746935,-0.970993810042824,-0.0688597618102406
141740,0.0166657,22.7373225111514,-3.9646258354187,-27.99338722229,-4.05209159851074,15.9653768539429,0.0174752380698919,2.38030171394348,-0.1792823523283,-0.436974235746935,-0.970993810042824,-0.0688597618102406
141742,0.0166675,22.7539900112897,-3.9646258354187,-27.99338722229,-4.05209159851074,15.9653768539429,0.0174752380698919,2.38030171394348,-0.1792823523283,-0.436974235746935,-0.970993810042824,-0.0688597618102406
141744,0.0166664,22.7706564106047,2.73611879348755,-27.10471534729,2.93826508522034,15.4932699203491,-0.0905569866299629,2.03972554206848,-0.289145648479462,-0.533209951719793,-2.60775870738372,-0.420274249704451
141750,0.0166677,22.787324110046,2.73611879348755,-27.10471534729,2.93826508522034,15.4932699203491,-0.0905569866299629,2.03972554206848,-0.289145648479462,-0.533209951719793,-2.60775870738372,-0.420274249704451
141752,0.0166672,22.8039913102984,-3.4885516166687,-26.6564121246338,-3.75454497337341,16.4890594482422,-0.632549166679382,2.78679585456848,-0.469504535198212,-0.0575025755910608,0.391677029816346,-0.683242273807214
141756,0.0166659,22.8206572104245,-3.06405210494995,-26.6326084136963,-3.32607817649841,16.1161346435547,-0.226970568299294,2.57714009284973,-0.314780414104462,-0.627195430941923,-0.0838968501289513,0.000604919538965066
141758,0.0166667,22.8373239096254,-3.06405210494995,-26.6326084136963,-3.32607817649841,16.1161346435547,-0.226970568299294,2.57714009284973,-0.314780414104462,-0.627195430941923,-0.0838968501289513,0.000604919538965066
141762,0.0166669,22.853990809992,1.08572816848755,-27.4736728668213,1.13315033912659,15.5924520492554,0.0229684021323919,2.06627583503723,-0.2122413367033,-1.85774518982952,-2.49830579180469,1.15200658861256
141764,0.016668,22.8706588093191,0.109776079654694,-26.6088047027588,-0.0451334044337273,16.3144989013672,-0.358806490898132,2.51122212409973,-0.391684710979462,-1.76775361104273,-1.17751419725573,0.779458777582948
141772,0.018578,22.8892368096858,1.8117413520813,-26.9817295074463,2.03769135475159,15.6440267562866,-0.0905569866299629,2.13127827644348,-0.250693500041962,-2.08131289950791,-2.69991907922785,1.23728113772732
141774,0.0212106,22.9104474093765,-1.3144793510437,-26.2120761871338,-1.57253813743591,15.9891805648804,-0.370708346366882,2.44621968269348,-0.359641253948212,-1.6676932495685,-0.37540045208942,0.809853575939625
141776,0.0166675,22.9271149095148,-1.3144793510437,-26.2120761871338,-1.57253813743591,15.9891805648804,-0.370708346366882,2.44621968269348,-0.359641253948212,-1.6676932495685,-0.37540045208942,0.809853575939625
141780,0.0166672,22.9437821097672,1.53799867630005,-26.3628330230713,1.56161713600159,15.1957235336304,-0.262676119804382,2.21642231941223,-0.327597796916962,-1.63283915567228,-1.51113855974505,0.782618398649522
141782,0.0166671,22.9604492094368,-0.0647844672203064,-26.7317905426025,-0.243497669696808,15.4456624984741,-0.203166857361794,2.38671040534973,-0.340415179729462,-1.95394717894653,-0.865833042135208,1.05284639745058
141788,0.0166674,22.9771166089922,-0.0647844672203064,-26.7317905426025,-0.243497669696808,15.4456624984741,-0.203166857361794,2.38671040534973,-0.340415179729462,-1.95394717894653,-0.865833042135208,1.05284639745058
141790,0.0166659,22.9937825091183,0.435093462467194,-27.3030796051025,0.181001842021942,15.1203451156616,-0.119853861629963,2.30156636238098,-0.353232562541962,-2.11324900053034,-1.55940695482695,1.0745337046557
141794,0.0166681,23.0104506090283,-0.0132097601890564,-27.2038974761963,-0.168119251728058,15.9891805648804,-0.102458842098713,2.37389302253723,-0.378867328166962,-2.16173189872475,-1.21444817020019,1.04421502805863
141796,0.016667,23.0271176081151,-0.0132097601890564,-27.2038974761963,-0.168119251728058,15.9891805648804,-0.102458842098713,2.37389302253723,-0.378867328166962,-2.16173189872475,-1.21444817020019,1.04421502805863
141800,0.0166676,23.0437852088362,-0.465480268001556,-27.3506870269775,-0.644193470478058,16.1637420654297,-0.00632847286760807,2.41326069831848,-0.340415179729462,-2.47965901157303,-1.35078729059133,1.60750310656996
141802,0.0166659,23.0604511089623,-0.663844525814056,-27.2515048980713,-0.818754017353058,15.9891805648804,-0.0301321838051081,2.40044331550598,-0.327597796916962,-2.36243932102549,-1.26654380778685,1.47908923854054
141808,0.0166673,23.0771184097975,0.0105939507484436,-27.5252475738525,-0.120511822402477,15.7432088851929,-0.0246390197426081,2.36748433113098,-0.314780414104462,-2.52151548122336,-1.61861705569983,1.49997450566971
141812,0.0180049,23.0951233096421,-0.413905560970306,-27.596658706665,-0.469632923603058,15.9177694320679,-0.00632847286760807,2.36748433113098,-0.366049945354462,-2.35696077573379,-1.80609351085624,1.39190130249824
141814,0.0197879,23.1149112097919,-0.413905560970306,-27.596658706665,-0.469632923603058,15.9177694320679,-0.00632847286760807,2.36748433113098,-0.366049945354462,-2.35696077573379,-1.80609351085624,1.39190130249824
141818,0.0166695,23.1315807104111,-0.739222943782806,-27.1285190582275,-0.794950306415558,15.4456624984741,-0.0127371642738581,2.28234028816223,-0.359641253948212,-2.15323428937754,-1.5476209143791,0.981986142542799
141822,0.0166653,23.1482460107654,-0.739222943782806,-27.32688331604,-0.818754017353058,15.4456624984741,0.0110665466636419,2.28234028816223,-0.340415179729462,-2.14872673602894,-1.63904360765157,0.507806337859633
141824,0.0166695,23.1649155113846,-0.739222943782806,-27.32688331604,-0.818754017353058,15.4456624984741,0.0110665466636419,2.28234028816223,-0.340415179729462,-2.14872673602894,-1.63904360765157,0.507806337859633
141828,0.0179379,23.1828534118831,-0.640040814876556,-27.0055332183838,-0.695768177509308,15.8661947250366,0.00557338260114193,2.36748433113098,-0.346823871135712,-2.43400462087001,-1.32978549240461,2.03537469158508
141830,0.0166682,23.199521612376,-0.640040814876556,-27.0055332183838,-0.695768177509308,15.8661947250366,0.00557338260114193,2.36748433113098,-0.346823871135712,-2.43400462087001,-1.32978549240461,2.03537469158508
141834,0.0166654,23.2161870114505,-0.663844525814056,-26.5850009918213,-0.719571888446808,16.0407562255859,-0.0246390197426081,2.37389302253723,-0.359641253948212,-2.59894295378051,-1.2093757055863,2.15694146505185
141838,0.0166674,23.232854411006,-0.937587201595306,-25.914529800415,-0.719571888446808,15.6440267562866,-0.0182303283363581,2.28234028816223,-0.340415179729462,-2.47702526241797,-1.52649324777759,1.4627242194869
141842,0.0166662,23.2495206110179,-0.937587201595306,-25.914529800415,-0.719571888446808,15.6440267562866,-0.0182303283363581,2.28234028816223,-0.340415179729462,-2.47702526241797,-1.52649324777759,1.4627242194869
141844,0.0166674,23.2661880105734,-0.0370134711265564,-25.5931797027588,0.0580160096287727,15.5448446273804,-0.0960501506924629,2.24938130378723,-0.372458636760712,-1.49018514335415,-1.55854643622816,-0.207150429426944
141848,0.0166665,23.2828545104712,0.0859723687171936,-25.2242221832275,0.307954967021942,15.0489339828491,-0.102458842098713,2.19078755378723,-0.353232562541962,-1.46029598328512,-1.44617722965072,-0.233357656334407
141854,0.0166664,23.2995209097862,0.137547075748444,-25.248025894165,0.383333384990692,15.0211629867554,-0.114360697567463,2.13860249519348,-0.359641253948212,-1.55583126136465,-1.4047430533093,0.0540720259014636
141856,0.0183396,23.3178605102003,1.5102276802063,-25.4463901519775,1.85916352272034,15.9177694320679,-0.197673693299294,2.31529927253723,-0.366049945354462,-2.03355173337433,-0.502994471060756,2.08835489495243
141858,0.016668,23.3345285095274,1.5102276802063,-25.4463901519775,1.85916352272034,15.9177694320679,-0.197673693299294,2.31529927253723,-0.366049945354462,-2.03355173337433,-0.502994471060756,2.08835489495243
141862,0.0166676,23.3511961102486,2.73611879348755,-25.07346534729,3.18820405006409,15.4456624984741,-0.161968126893044,2.17064595222473,-0.00624768435955048,-1.87569352077521,0.0132250131170604,0.949675125756768
141864,0.0166673,23.3678634110838,2.73611879348755,-25.07346534729,3.18820405006409,15.4456624984741,-0.161968126893044,2.17064595222473,-0.00624768435955048,-1.87569352077521,0.0132250131170604,0.949675125756768
141868,0.0166657,23.3845291119069,2.73611879348755,-25.07346534729,3.18820405006409,15.4456624984741,-0.161968126893044,2.17064595222473,-0.00624768435955048,-1.87569352077521,0.0132250131170604,0.949675125756768
141872,0.0166685,23.4011976122856,3.6604962348938,-26.31125831604,4.09274482727051,15.7670125961304,-0.197673693299294,2.17064595222473,0.1228416711092,-1.22085946879605,0.549720961612315,0.666789450362112
141876,0.0166661,23.4178637117147,3.9382061958313,-25.3710117340088,4.36648750305176,15.5210409164429,-0.179363146424294,2.09191060066223,0.289467632770538,-2.00758477486013,2.17700372529699,2.54055722326316
141878,0.01667,23.4345337115228,3.9382061958313,-25.3710117340088,4.36648750305176,15.5210409164429,-0.179363146424294,2.09191060066223,0.289467632770538,-2.00758477486013,2.17700372529699,2.54055722326316
141882,0.0166639,23.451197611168,3.01382875442505,-25.025857925415,3.73965668678284,14.3268880844116,-0.0786551311612129,1.80443489551544,0.302285015583038,-0.528151253258665,0.919323873046666,0.7283433290667
141884,0.0166669,23.4678645115346,3.01382875442505,-25.025857925415,3.73965668678284,14.3268880844116,-0.0786551311612129,1.80443489551544,0.302285015583038,-0.528151253258665,0.919323873046666,0.7283433290667
141888,0.0166668,23.4845313113183,2.6607403755188,-25.1250400543213,3.48971772193909,14.7236166000366,-0.114360697567463,1.89598762989044,0.295876324176788,-0.809538304316895,1.06408706669995,1.15524492288058
141894,0.0166667,23.5011980105191,2.9622540473938,-23.3199253082275,3.86660981178284,15.2711019515991,-0.0182303283363581,1.83006966114044,0.263832867145538,-1.25500849893741,2.70532767181471,2.40435304052646
141896,0.0174673,23.5186653099954,2.9622540473938,-23.3199253082275,3.86660981178284,15.2711019515991,-0.0182303283363581,1.83006966114044,0.263832867145538,-1.25500849893741,2.70532767181471,2.40435304052646
141898,0.0166681,23.5353334099054,1.3118634223938,-22.3796787261963,2.31143403053284,14.4260702133179,0.0412789508700371,1.69914925098419,0.2381981164217,-1.03780281119111,2.86888552096909,0.348560345792705
141902,0.0166669,23.552000310272,1.3118634223938,-22.1575107574463,2.41061615943909,16.0407562255859,0.177692517638206,1.92162239551544,0.276650249958038,-2.02184202425023,0.0920067593430891,3.6942723082514
141904,0.016667,23.5686673093587,1.3118634223938,-22.1575107574463,2.41061615943909,16.0407562255859,0.177692517638206,1.92162239551544,0.276650249958038,-2.02184202425023,0.0920067593430891,3.6942723082514
141908,0.0166672,23.5853345096111,1.4864239692688,-21.8599643707275,2.63675141334534,16.4374847412109,0.345234036445618,1.91521370410919,0.251015484333038,-1.00744747549758,0.592531830122291,1.67397558576943
141912,0.0166672,23.6020017098635,1.4864239692688,-21.8599643707275,2.63675141334534,16.4374847412109,0.345234036445618,1.91521370410919,0.251015484333038,-1.00744747549758,0.592531830122291,1.67397558576943
141916,0.0166668,23.6186685096473,-0.390101850032806,-19.2137851715088,0.831636607646942,15.9653768539429,0.279316067695618,1.97472298145294,0.19333727657795,-2.44497300868609,1.38566625316474,3.42823772605187
141918,0.0166672,23.6353357098997,-1.54061460494995,-19.4597568511963,-0.370450794696808,16.6596527099609,0.321430325508118,2.10564351081848,0.21897204220295,-2.02302059171923,2.46122777547099,2.67962518704509
141922,0.0166666,23.6520023103803,-1.54061460494995,-19.4597568511963,-0.370450794696808,16.6596527099609,0.321430325508118,2.10564351081848,0.21897204220295,-2.02302059171923,2.46122777547099,2.67962518704509
141924,0.0166675,23.6686698105186,-0.838405072689056,-19.36057472229,0.307954967021942,16.4136810302734,0.476154446601868,2.04613423347473,0.2125633507967,-1.97256107014144,2.12240556641179,2.68668412056658
141930,0.0166691,23.6853389106691,-2.8141131401062,-20.0786533355713,-1.74709868431091,16.3898773193359,0.452350735664368,2.12486958503723,0.1100242882967,-1.58880092512172,2.42868338613246,2.16091343124246
141934,0.0201966,23.7055355105549,4.4618878364563,-20.201639175415,5.29483222961426,16.1399383544922,0.732502102851868,1.48949348926544,0.405739605426788,-0.329997113810102,-1.8728461112287,2.40171686159361
141936,0.0208731,23.7264086101204,4.4618878364563,-20.201639175415,5.29483222961426,16.1399383544922,0.732502102851868,1.48949348926544,0.405739605426788,-0.329997113810102,-1.8728461112287,2.40171686159361
141940,0.0166687,23.7430773098022,4.4618878364563,-20.201639175415,5.29483222961426,16.1399383544922,0.732502102851868,1.48949348926544,0.405739605426788,-0.329997113810102,-1.8728461112287,2.40171686159361
141944,0.0166672,23.7597445100546,-7.19002866744995,-20.1778354644775,-6.10714530944824,16.9611663818359,0.666584134101868,2.39403462409973,0.270241558551788,0.236958524253757,4.95648083795552,2.3275466993622
141948,0.0166665,23.7764110099524,-7.19002866744995,-20.1778354644775,-6.10714530944824,16.9611663818359,0.666584134101868,2.39403462409973,0.270241558551788,0.236958524253757,4.95648083795552,2.3275466993622
141950,0.0166661,23.7930771093816,-7.19002866744995,-20.1778354644775,-6.10714530944824,16.9611663818359,0.666584134101868,2.39403462409973,0.270241558551788,0.236958524253757,4.95648083795552,2.3275466993622
141952,0.016668,23.8097451087087,6.0646710395813,-21.5624179840088,6.94919013977051,16.3898773193359,1.03645718097687,1.46385872364044,0.354470074176788,1.7170462323375,-0.217076080216435,-0.804688509391583
141956,0.0166664,23.8264115080237,6.0646710395813,-21.5624179840088,6.94919013977051,16.3898773193359,1.03645718097687,1.46385872364044,0.354470074176788,1.7170462323375,-0.217076080216435,-0.804688509391583
141962,0.0166675,23.843079008162,-4.8136248588562,-22.8478183746338,-3.82595610618591,17.2825164794922,0.642780423164368,2.52495503425598,0.1997459679842,0.583246943147294,4.06407780180088,1.73537018586325
141964,0.0166657,23.8597447089851,-0.290919721126556,-22.05832862854,0.581697642803192,15.2195272445679,0.869831204414368,2.00676655769348,0.335243999958038,1.63722192247328,2.01961203015147,-1.65997101616186
141968,0.0166676,23.8764123097062,-0.290919721126556,-22.05832862854,0.581697642803192,15.2195272445679,0.869831204414368,2.00676655769348,0.335243999958038,1.63722192247328,2.01961203015147,-1.65997101616186
141970,0.0166669,23.8930792100728,-1.5128436088562,-22.5780429840088,-0.644193470478058,17.7784271240234,0.457843899726868,2.53777241706848,0.23178942501545,-1.23887717568469,3.6191792833871,1.88497163816616
141976,0.016666,23.9097452107817,3.83902406692505,-26.8309726715088,4.61642646789551,16.4374847412109,0.839618802070618,2.22374653816223,0.328835308551788,0.175375052890736,-0.179641601815099,1.18986826875113
141978,0.0190975,23.9288427103311,3.83902406692505,-26.8309726715088,4.61642646789551,16.4374847412109,0.839618802070618,2.22374653816223,0.328835308551788,0.175375052890736,-0.179641601815099,1.18986826875113
141980,0.0166677,23.9455104097724,3.83902406692505,-26.8309726715088,4.61642646789551,16.4374847412109,0.839618802070618,2.22374653816223,0.328835308551788,0.175375052890736,-0.179641601815099,1.18986826875113
141984,0.0166671,23.962177509442,2.3354229927063,-26.0137119293213,3.26358246803284,15.2949056625366,0.792011380195618,2.03972554206848,0.309609234333038,-0.423312134343298,0.315363031932379,0.92425091127509
141986,0.0166673,23.9788448102772,2.3354229927063,-26.0137119293213,3.26358246803284,15.2949056625366,0.792011380195618,2.03972554206848,0.309609234333038,-0.423312134343298,0.315363031932379,0.92425091127509
141992,0.0166698,23.9955146107823,0.212925493717194,-27.10471534729,0.883211314678192,13.9063558578491,0.649189114570618,2.06627583503723,0.21897204220295,0.454461432342596,1.36921383149961,-1.43720450957922
141994,0.0166651,24.012179709971,0.212925493717194,-27.10471534729,0.883211314678192,13.9063558578491,0.649189114570618,2.06627583503723,0.21897204220295,0.454461432342596,1.36921383149961,-1.43720450957922
141998,0.0166661,24.0288458094001,0.212925493717194,-27.10471534729,0.883211314678192,13.9063558578491,0.649189114570618,2.06627583503723,0.21897204220295,0.454461432342596,1.36921383149961,-1.43720450957922
142000,0.0166674,24.0455132089555,0.212925493717194,-27.10471534729,0.883211314678192,13.9063558578491,0.649189114570618,2.06627583503723,0.21897204220295,0.454461432342596,1.36921383149961,-1.43720450957922
142004,0.0166664,24.0621796082705,-0.937587201595306,-31.754373550415,-0.370450794696808,13.7079916000366,0.243610486388206,2.29515767097473,0.23178942501545,1.25303760870928,1.95387477058007,-1.27095125946871
142006,0.016667,24.0788466073573,-0.937587201595306,-31.754373550415,-0.370450794696808,13.7079916000366,0.243610486388206,2.29515767097473,0.23178942501545,1.25303760870928,1.95387477058007,-1.27095125946871
142012,0.0166667,24.0955133065581,-2.56417417526245,-30.7149448394775,-1.97323393821716,14.5768270492554,1.03096401691437,1.95458137989044,0.392922222614288,1.18493373845312,1.34062453254498,-2.5817317652052
142014,0.0166669,24.1121802069247,-2.56417417526245,-30.7149448394775,-1.97323393821716,14.5768270492554,1.03096401691437,1.95458137989044,0.392922222614288,1.18493373845312,1.34062453254498,-2.5817317652052
142020,0.0208724,24.1330526061356,3.7874493598938,-29.8223056793213,4.69180488586426,14.3784627914429,0.577777981758118,1.83647835254669,0.367287456989288,0.869080620560343,0.339069456511504,-0.405141799069303
142022,0.0213531,24.1544057056308,3.7874493598938,-29.8223056793213,4.69180488586426,14.3784627914429,0.577777981758118,1.83647835254669,0.367287456989288,0.869080620560343,0.339069456511504,-0.405141799069303
142024,0.0166687,24.1710744053125,3.9144024848938,-30.516580581665,4.91794013977051,14.1047201156616,0.762714505195618,1.54900276660919,0.424965679645538,1.28125680575707,-0.013734024322822,-1.19235098554239
142030,0.0166661,24.1877405047417,-1.9413104057312,-30.5919589996338,-1.39797759056091,14.4260702133179,0.595173001289368,2.21642231941223,0.2381981164217,0.71237250048225,2.43123755024923,-1.0015804171705
142032,0.0166664,24.2044069040567,-1.9413104057312,-30.5919589996338,-1.39797759056091,14.4260702133179,0.595173001289368,2.21642231941223,0.2381981164217,0.71237250048225,2.43123755024923,-1.0015804171705
142036,0.0166682,24.2210751045495,-0.588466107845306,-31.532205581665,-0.0927408263087273,15.8185873031616,0.690387845039368,2.39403462409973,0.316017925739288,0.531395326324745,1.7793812935515,-0.271053961789071
142038,0.0166662,24.2377413045615,-0.588466107845306,-31.532205581665,-0.0927408263087273,15.8185873031616,0.690387845039368,2.39403462409973,0.316017925739288,0.531395326324745,1.7793812935515,-0.271053961789071
142042,0.0166671,24.2544084042311,0.887363970279694,-30.5403842926025,1.45846772193909,15.4694662094116,0.696796536445618,2.33452534675598,0.373696148395538,-0.383362956008474,1.06397754535352,-0.148976858910726
142044,0.0166663,24.2710747048259,0.312107622623444,-30.738748550415,0.859407603740692,15.3940877914429,0.678485989570618,2.45262837409973,0.302285015583038,-0.470366510214141,1.2853789796191,-0.154128534174355
142050,0.0166675,24.2877422049642,0.312107622623444,-30.738748550415,0.859407603740692,15.3940877914429,0.678485989570618,2.45262837409973,0.302285015583038,-0.470366510214141,1.2853789796191,-0.154128534174355
142052,0.0166663,24.304408505559,-0.739222943782806,-30.0484409332275,-0.195890247821808,14.7751913070679,0.774616360664368,2.41326069831848,0.341652691364288,-0.468352971029893,1.20119899742537,-0.841007758906492
142056,0.0166674,24.3210759051144,-0.739222943782806,-30.0484409332275,-0.195890247821808,14.7751913070679,0.774616360664368,2.41326069831848,0.341652691364288,-0.468352971029893,1.20119899742537,-0.841007758906492
142062,0.0200922,24.3411681056023,-0.390101850032806,-30.0206699371338,0.280183970928192,15.3187093734741,0.714191555976868,2.40685200691223,0.373696148395538,-0.970312930281157,1.1225920373099,-0.41917563468809
142064,0.01947,24.3606381062418,-0.390101850032806,-30.0206699371338,0.280183970928192,15.3187093734741,0.714191555976868,2.40685200691223,0.373696148395538,-0.970312930281157,1.1225920373099,-0.41917563468809
142066,0.0166686,24.3773067053407,-0.390101850032806,-30.0206699371338,0.280183970928192,15.3187093734741,0.714191555976868,2.40685200691223,0.373696148395538,-0.970312930281157,1.1225920373099,-0.41917563468809
142070,0.0166661,24.3939728047699,-0.437709271907806,-29.9492588043213,0.256380259990692,14.6244344711304,0.720600247383118,2.30889058113098,0.348061382770538,-1.10638100570471,1.25711817859124,-0.717459175107764
142072,0.0166677,24.4106405042112,-0.263148725032806,-29.9968662261963,0.355562388896942,14.8227987289429,0.708698391914368,2.35466694831848,0.335243999958038,-1.23738776574175,1.29415377683345,-0.771636233509806
142076,0.0166664,24.4273069035262,-0.362330853939056,-29.500955581665,0.307954967021942,14.2792806625366,0.732502102851868,2.34825825691223,0.328835308551788,-1.20835359201942,1.04442719485031,-0.660990404437652
142080,0.0166675,24.4439744036645,-0.362330853939056,-29.500955581665,0.307954967021942,14.2792806625366,0.732502102851868,2.34825825691223,0.328835308551788,-1.20835359201942,1.04442719485031,-0.660990404437652
142084,0.0166673,24.4606417044997,-0.362330853939056,-29.500955581665,0.307954967021942,14.2792806625366,0.732502102851868,2.34825825691223,0.328835308551788,-1.20835359201942,1.04442719485031,-0.660990404437652
142086,0.0167564,24.4773981049657,0.137547075748444,-29.5763339996338,0.907015025615692,14.0531454086304,0.666584134101868,2.32170796394348,0.360878765583038,-1.42271340221391,1.20340477568109,-0.941727939720348
142092,0.0166685,24.4940666053444,0.510471880435944,-29.7270908355713,1.16092133522034,14.0531454086304,0.654682278633118,2.32170796394348,0.316017925739288,-1.4033165289324,1.22500754543697,-0.918693469552944
142094,0.0166654,24.510732004419,0.760410845279694,-29.7508945465088,1.45846772193909,14.1523275375366,0.642780423164368,2.34093403816223,0.373696148395538,-1.42232815688524,1.2245306754439,-0.880954416205198
142098,0.0166684,24.5274004042149,-0.0647844672203064,-29.6993198394775,0.657076060771942,14.4022665023804,0.672992825508118,2.41326069831848,0.309609234333038,-1.604625577281,1.06888636651547,-0.933961930643632
142102,0.0225767,24.5499771051109,-0.314723432064056,-29.4771518707275,0.430940806865692,14.2039022445679,0.702289700508118,2.41966938972473,0.322426617145538,-1.47296127618793,0.718784794692203,-1.14118982040343
142104,0.0166679,24.5666450057179,0.0859723687171936,-29.2073764801025,0.883211314678192,13.7794027328491,0.678485989570618,2.36748433113098,0.354470074176788,-1.50881700831161,0.81594721387053,-1.20558194340056
142108,0.0166681,24.5833131056279,-0.390101850032806,-29.1081943511963,0.407137095928192,14.5768270492554,0.720600247383118,2.47185444831848,0.322426617145538,-1.73195054933452,0.950820949478803,-0.958911998628148
142110,0.0166673,24.5999804064631,-0.390101850032806,-29.1081943511963,0.407137095928192,14.5768270492554,0.720600247383118,2.47185444831848,0.322426617145538,-1.73195054933452,0.950820949478803,-0.958911998628148
142114,0.0166687,24.6166491061449,-0.263148725032806,-28.5131015777588,0.633272349834442,13.3072957992554,0.666584134101868,2.28874897956848,0.360878765583038,-1.87557380682154,0.82644570486234,-1.2827505547075
142118,0.0166664,24.6333155054599,-0.263148725032806,-28.5131015777588,0.633272349834442,13.3072957992554,0.666584134101868,2.28874897956848,0.360878765583038,-1.87557380682154,0.82644570486234,-1.2827505547075
142122,0.0166853,24.6500008050352,-0.140162885189056,-28.7590732574463,0.633272349834442,13.7317953109741,0.666584134101868,2.40044331550598,0.392922222614288,-1.9300188779687,0.840099411604206,-1.04560523138713
142124,0.0166664,24.6666672043502,0.212925493717194,-29.4295444488525,1.03396821022034,13.6802206039429,0.654682278633118,2.40685200691223,0.367287456989288,-1.87711127780252,0.929438732520882,-0.618346212326702
142128,0.0166672,24.6833344046026,0.212925493717194,-29.4295444488525,1.03396821022034,13.6802206039429,0.654682278633118,2.40685200691223,0.367287456989288,-1.87711127780252,0.929438732520882,-0.618346212326702
142132,0.0166663,24.7000007051975,0.185154497623444,-28.78684425354,0.958589732646942,13.3350667953491,0.654682278633118,2.21642231941223,0.392922222614288,-1.94134693936323,0.71101436280562,-0.944702112035697
142136,0.0166705,24.7166712060571,-0.390101850032806,-29.0328159332275,0.355562388896942,13.5334310531616,0.672992825508118,2.33452534675598,0.373696148395538,-2.24689690275127,0.803770956386856,-0.949863068453946
142138,0.0166655,24.7333367057145,-0.390101850032806,-29.0328159332275,0.355562388896942,13.5334310531616,0.672992825508118,2.33452534675598,0.373696148395538,-2.24689690275127,0.803770956386856,-0.949863068453946
142144,0.0211586,24.7544953059405,-0.314723432064056,-28.9574375152588,0.383333384990692,13.5572347640991,0.661090970039368,2.41966938972473,0.373696148395538,-2.52875261678984,0.858302538923451,-0.516472512288388
142146,0.0169794,24.771474706009,-0.314723432064056,-28.9574375152588,0.383333384990692,13.5572347640991,0.661090970039368,2.41966938972473,0.373696148395538,-2.52875261678984,0.858302538923451,-0.516472512288388
142150,0.0166683,24.7881430052221,-0.187770307064056,-29.1558017730713,0.557893931865692,13.8785848617554,0.654682278633118,2.41966938972473,0.360878765583038,-2.59016190989575,0.762924491208516,-0.664029894118167
142152,0.0166668,24.8048098050058,-0.0647844672203064,-29.23118019104,0.557893931865692,13.9777669906616,0.661090970039368,2.46544575691223,0.399330914020538,-2.31593498353329,0.869472251168745,-0.0522245737385372
142156,0.0166671,24.8214769046754,-0.0647844672203064,-29.23118019104,0.557893931865692,13.9777669906616,0.661090970039368,2.46544575691223,0.399330914020538,-2.31593498353329,0.869472251168745,-0.0522245737385372
142158,0.0166687,24.8381456043571,-0.215541303157806,-29.2549839019775,0.430940806865692,14.2277059555054,0.661090970039368,2.47185444831848,0.367287456989288,-2.41349078102237,0.632522012147258,-0.273703866418751
142162,0.0166665,24.854812104255,0.0859723687171936,-29.056619644165,0.609468638896942,13.8071737289429,0.642780423164368,2.43981099128723,0.373696148395538,-2.48766080977668,0.435053621799494,-0.196021195883968
142166,0.0166687,24.8714808039367,0.0859723687171936,-29.056619644165,0.609468638896942,13.8071737289429,0.642780423164368,2.43981099128723,0.373696148395538,-2.48766080977668,0.435053621799494,-0.196021195883968
142170,0.0166682,24.8881490044296,-0.413905560970306,-29.1081943511963,0.157198131084442,13.9539632797241,0.661090970039368,2.51122212409973,0.431374371051788,-2.570302224164,0.130384474867223,-0.496914530323437
142174,0.0167019,24.9048509038985,-0.413905560970306,-29.1081943511963,0.157198131084442,13.9539632797241,0.661090970039368,2.51122212409973,0.431374371051788,-2.570302224164,0.130384474867223,-0.496914530323437
142176,0.0166662,24.9215171039104,-0.588466107845306,-28.8106479644775,-0.0689371153712273,13.5056600570679,0.678485989570618,2.43981099128723,0.412148296833038,-2.47815239965875,0.190432730692824,-0.652721466644755
142180,0.0166678,24.9381849039346,-0.763026654720306,-29.2073764801025,-0.144315540790558,13.9539632797241,0.672992825508118,2.61650776863098,0.373696148395538,-2.33703036820255,-0.192622033617757,-0.594676981854566
142186,0.0235218,24.9617067035288,-0.937587201595306,-29.7270908355713,-0.394254505634308,14.0293416976929,0.678485989570618,2.64305806159973,0.392922222614288,-2.06960684401229,-0.463490226538522,0.134368671220506
142190,0.0217052,24.9834119044244,-1.1399188041687,-29.8738803863525,-0.493436634540558,14.3030843734741,0.690387845039368,2.68151021003723,0.367287456989288,-2.07650534075871,-0.557924397747758,0.272285681901281
142192,0.016667,25.0000789035112,-1.1399188041687,-29.8738803863525,-0.493436634540558,14.3030843734741,0.690387845039368,2.68151021003723,0.367287456989288,-2.07650534075871,-0.557924397747758,0.272285681901281
142194,0.0166702,25.0167491026223,-1.26290464401245,-29.9730625152588,-0.644193470478058,14.4498739242554,0.690387845039368,2.70806050300598,0.392922222614288,-2.08247386185935,-0.604187944183178,0.33741761094587
142198,0.0166645,25.0334136020392,-0.913783490657806,-30.1714267730713,-0.267301380634308,14.3268880844116,0.654682278633118,2.74101948738098,0.380104839801788,-2.02340475571164,-0.960242767056636,0.808574822802823
142200,0.0166703,25.0500839017332,-0.913783490657806,-30.1714267730713,-0.267301380634308,14.3268880844116,0.654682278633118,2.74101948738098,0.380104839801788,-2.02340475571164,-0.960242767056636,0.808574822802823
142204,0.0166644,25.0667483024299,-0.437709271907806,-29.9492588043213,0.280183970928192,13.8309774398804,0.583271145820618,2.66869282722473,0.270241558551788,-2.07362127370814,-1.26146922867265,1.01441020369299
142208,0.0166686,25.0834169015288,-0.437709271907806,-29.9492588043213,0.280183970928192,13.8309774398804,0.583271145820618,2.66869282722473,0.270241558551788,-2.07362127370814,-1.26146922867265,1.01441020369299
142212,0.016666,25.1000829022378,-0.437709271907806,-29.9492588043213,0.280183970928192,13.8309774398804,0.583271145820618,2.66869282722473,0.270241558551788,-2.07362127370814,-1.26146922867265,1.01441020369299
142214,0.0166777,25.1167606022209,-0.140162885189056,-29.6517124176025,0.482515513896942,13.5810384750366,0.559467434883118,2.61009907722473,0.1869285851717,-2.1165528079521,-1.36089486539178,0.935066801921681
142218,0.0166667,25.1334273014218,-0.413905560970306,-29.5525302886963,0.208772838115692,13.5056600570679,0.565876126289368,2.62932515144348,0.257424175739288,-1.68101565833358,-1.83198998574593,0.553167675677688
142222,0.0166687,25.1500960011035,-0.413905560970306,-29.5525302886963,0.208772838115692,13.5056600570679,0.565876126289368,2.62932515144348,0.257424175739288,-1.68101565833358,-1.83198998574593,0.553167675677688
142230,0.0217496,25.1718456018716,-0.687648236751556,-28.8860263824463,-0.0451334044337273,13.7317953109741,0.577777981758118,2.60369038581848,0.251015484333038,-1.89925797273437,-1.89553507378227,0.867478789400556
142232,0.0248302,25.1966758016497,-0.687648236751556,-28.8860263824463,-0.0451334044337273,13.7317953109741,0.577777981758118,2.60369038581848,0.251015484333038,-1.89925797273437,-1.89553507378227,0.867478789400556
142234,0.0166691,25.2133449018002,-0.314723432064056,-28.1441440582275,0.331758677959442,12.9859457015991,0.559467434883118,2.44621968269348,0.270241558551788,-2.00306978694955,-1.556818537249,0.395543391454374
142238,0.0166661,25.2300110012293,-0.314723432064056,-28.1441440582275,0.331758677959442,12.9859457015991,0.559467434883118,2.44621968269348,0.270241558551788,-2.00306978694955,-1.556818537249,0.395543391454374
142240,0.0166669,25.2466779015958,-0.314723432064056,-28.1441440582275,0.331758677959442,12.9859457015991,0.559467434883118,2.44621968269348,0.270241558551788,-2.00306978694955,-1.556818537249,0.395543391454374
142244,0.0166675,25.2633454017341,-0.314723432064056,-28.1441440582275,0.331758677959442,12.9859457015991,0.559467434883118,2.44621968269348,0.270241558551788,-2.00306978694955,-1.556818537249,0.395543391454374
142248,0.0166665,25.280011901632,-0.763026654720306,-28.6876621246338,-0.0927408263087273,14.2515096664429,0.565876126289368,2.52495503425598,0.21897204220295,-2.04303634103946,-1.88481024377201,1.43678779847294
142252,0.0166667,25.2966786008328,-1.1399188041687,-28.5884799957275,-0.469632923603058,14.1761312484741,0.607074856758118,2.51854634284973,0.1741112023592,-1.79712334056656,-2.08911989830929,1.87052794099209
142254,0.0166673,25.3133459016681,-1.1399188041687,-28.5884799957275,-0.469632923603058,14.1761312484741,0.607074856758118,2.51854634284973,0.1741112023592,-1.79712334056656,-2.08911989830929,1.87052794099209
142258,0.0166679,25.3300138022751,-1.23910093307495,-28.7114658355713,-0.545011341571808,14.1523275375366,0.601581692695618,2.51854634284973,0.14206774532795,-1.63087588296616,-2.04096352231072,1.67547224161337
142260,0.0166648,25.3466786015779,-0.937587201595306,-29.4017734527588,-0.295072376728058,14.5252523422241,0.565876126289368,2.55699849128723,0.0843895226716995,-1.33869800916926,-1.7629056955362,1.26066044509548
142264,0.0166677,25.3633463010192,-0.838405072689056,-29.0328159332275,-0.144315540790558,14.4260702133179,0.559467434883118,2.47917866706848,0.0715721398591995,-1.2341517746493,-1.97062137972558,1.21486585457004
142272,0.0258793,25.3892256002873,-1.5128436088562,-29.2549839019775,-0.846525013446808,14.8981771469116,0.601581692695618,2.45262837409973,-0.0190650671720505,-0.887366002797915,-2.25037743002105,1.54001704433283
142274,0.0213483,25.4105738997459,-1.5128436088562,-29.2549839019775,-0.846525013446808,14.8981771469116,0.601581692695618,2.45262837409973,-0.0190650671720505,-0.887366002797915,-2.25037743002105,1.54001704433283
142278,0.0166683,25.427242198959,-0.965358197689056,-28.612283706665,-0.394254505634308,14.6244344711304,0.535663723945618,2.29515767097473,-0.0831519812345505,-0.149734173270282,-2.29793877866213,1.10936638524083
142280,0.0166681,25.443910298869,-0.965358197689056,-28.612283706665,-0.394254505634308,14.6244344711304,0.535663723945618,2.29515767097473,-0.0831519812345505,-0.149734173270282,-2.29793877866213,1.10936638524083
142284,0.0166656,25.4605758991092,-0.965358197689056,-28.612283706665,-0.394254505634308,14.6244344711304,0.535663723945618,2.29515767097473,-0.0831519812345505,-0.149734173270282,-2.29793877866213,1.10936638524083
142286,0.0166714,25.4772472996265,-0.739222943782806,-28.167947769165,-0.0689371153712273,14.2792806625366,0.470661282539368,2.05345845222473,-0.17287366092205,0.166363197988602,-2.42780755406047,0.860871708095146
142292,0.0166633,25.4939105994999,-1.21529722213745,-27.8942050933838,-0.644193470478058,14.2515096664429,0.398334622383118,2.17705464363098,-0.23146741092205,-0.0467490565466724,-2.08262501178183,1.44607629393186
142294,0.017359,25.5112695991993,-1.21529722213745,-27.8942050933838,-0.644193470478058,14.2515096664429,0.398334622383118,2.17705464363098,-0.23146741092205,-0.0467490565466724,-2.08262501178183,1.44607629393186
142298,0.0166678,25.5279373992234,-0.187770307064056,-26.7833652496338,0.355562388896942,13.8785848617554,0.333332180976868,1.98113167285919,-0.250693500041962,-0.133966832556874,-2.2542620571617,1.87173754308378
142300,0.0166672,25.5446045994759,-0.187770307064056,-26.7833652496338,0.355562388896942,13.8785848617554,0.333332180976868,1.98113167285919,-0.250693500041962,-0.133966832556874,-2.2542620571617,1.87173754308378
142304,0.0166667,25.5612712986767,-0.112391889095306,-26.53342628479,0.482515513896942,13.7794027328491,0.261921048164368,1.96831429004669,-0.276328265666962,-0.0740635713282113,-2.30558874697447,1.90262829278014
142306,0.0166669,25.5779381990433,0.161350786685944,-25.692361831665,0.708650767803192,13.2358846664429,0.196003064513206,1.86943733692169,-0.295554339885712,-0.280064129527602,-2.82841610524905,1.85372417943018
142312,0.0219209,25.5998590998352,0.0343976616859436,-26.3866367340088,0.581697642803192,13.3588705062866,0.226215466856956,1.96831429004669,-0.257102191448212,-0.294679702847269,-2.49797499455004,1.64379602039229
142316,0.0187773,25.6186363995075,0.0105939507484436,-26.6564121246338,0.506319224834442,13.6088094711304,0.226215466856956,2.02049946784973,-0.276328265666962,-0.346362319894614,-2.34819318567625,1.60755989346739
142318,0.0166685,25.6353048998863,0.0105939507484436,-26.6564121246338,0.506319224834442,13.6088094711304,0.226215466856956,2.02049946784973,-0.276328265666962,-0.346362319894614,-2.34819318567625,1.60755989346739
142322,0.0166675,25.6519724000245,-0.0885881781578064,-26.1882724761963,0.407137095928192,13.6564168930054,0.238117322325706,2.11205220222473,-0.269919574260712,-0.394750517074846,-2.41690718253222,1.26519817436631
142324,0.0166664,25.6686387993395,-0.0885881781578064,-26.1882724761963,0.407137095928192,13.6564168930054,0.238117322325706,2.11205220222473,-0.269919574260712,-0.394750517074846,-2.41690718253222,1.26519817436631
142328,0.0166677,25.6853064987808,-0.0885881781578064,-26.1882724761963,0.407137095928192,13.6564168930054,0.238117322325706,2.11205220222473,-0.269919574260712,-0.394750517074846,-2.41690718253222,1.26519817436631
142332,0.0166698,25.7019762992859,-0.540858685970306,-26.7833652496338,-0.0689371153712273,13.8309774398804,0.297626614570618,2.35466694831848,-0.257102191448212,-0.39651197296198,-2.59759867418147,0.70124913454584
142336,0.0166689,25.7186452001333,-0.540858685970306,-26.7833652496338,-0.0689371153712273,13.8309774398804,0.297626614570618,2.35466694831848,-0.257102191448212,-0.39651197296198,-2.59759867418147,0.70124913454584
142338,0.0166648,25.7353099994361,-0.540858685970306,-26.7833652496338,-0.0689371153712273,13.8309774398804,0.297626614570618,2.35466694831848,-0.257102191448212,-0.39651197296198,-2.59759867418147,0.70124913454584
142342,0.0166668,25.7519767992198,-0.663844525814056,-27.5252475738525,-0.144315540790558,14.1761312484741,0.309528470039368,2.53136372566223,-0.257102191448212,-0.619599205221746,-2.43541304775413,0.954018059020965
142344,0.0166666,25.7686433997005,-0.663844525814056,-27.5252475738525,-0.144315540790558,14.1761312484741,0.309528470039368,2.53136372566223,-0.257102191448212,-0.619599205221746,-2.43541304775413,0.954018059020965
142348,0.0166672,25.7853105999529,-0.739222943782806,-27.1285190582275,-0.168119251728058,13.6088094711304,0.321430325508118,2.54418110847473,-0.276328265666962,0.130869642474137,-2.1744900120379,-1.54855947524742
142354,0.0202203,25.8055309001356,-0.739222943782806,-27.1285190582275,-0.168119251728058,13.6088094711304,0.321430325508118,2.54418110847473,-0.276328265666962,0.130869642474137,-2.1744900120379,-1.54855947524742
142356,0.0210361,25.8265669997782,-0.715419232845306,-27.3506870269775,-0.219693958759308,13.7794027328491,0.321430325508118,2.56432271003723,-0.257102191448212,0.0695243943312358,-2.20211427396557,-1.18997494151495
142360,0.0166683,25.8432352989912,-0.763026654720306,-27.7950229644775,-0.267301380634308,14.1285238265991,0.321430325508118,2.61009907722473,-0.257102191448212,0.337759882944919,-2.30374500749989,-1.5132768193968
142364,0.0166664,25.8599016983062,-0.612269818782806,-28.6876621246338,-0.195890247821808,14.2792806625366,0.309528470039368,2.73461079597473,-0.282736957073212,0.3755755249453,-2.25271948753108,-1.36101090138659
142366,0.0166703,25.8765719980001,-0.640040814876556,-28.7352695465088,-0.195890247821808,14.2515096664429,0.315021634101868,2.68883442878723,-0.314780414104462,0.36997422248689,-2.27311874018672,-1.32067695631497
142370,0.0166642,25.8932361975312,-0.663844525814056,-28.8860263824463,-0.168119251728058,14.3268880844116,0.291217923164368,2.72087788581848,-0.314780414104462,0.00683925367324664,-2.29444692910912,0.148401511935394
142372,0.0166677,25.9099038969725,-0.663844525814056,-28.8860263824463,-0.168119251728058,14.3268880844116,0.291217923164368,2.72087788581848,-0.314780414104462,0.00683925367324664,-2.29444692910912,0.148401511935394
142376,0.0166668,25.9265706967562,-0.564662396907806,-28.5369052886963,-0.0689371153712273,13.9777669906616,0.309528470039368,2.67510151863098,-0.269919574260712,0.233553024427556,-2.33671628120194,-0.654328074703225
142380,0.0166668,25.94323749654,-0.862208783626556,-28.5884799957275,-0.120511822402477,13.9539632797241,0.321430325508118,2.68883442878723,-0.289145648479462,0.364191074158879,-2.39358034770129,-1.38550998404599
142384,0.016667,25.9599044956267,-0.862208783626556,-28.5884799957275,-0.120511822402477,13.9539632797241,0.321430325508118,2.68883442878723,-0.289145648479462,0.364191074158879,-2.39358034770129,-1.38550998404599
142386,0.016668,25.9765724949539,-0.513087689876556,-29.6517124176025,0.105623431503773,13.9063558578491,0.285724759101868,2.78038716316223,-0.289145648479462,0.289375492089518,-2.43748476535845,-1.57099678473149
142390,0.0166654,25.9932378940284,-0.513087689876556,-29.6517124176025,0.105623431503773,13.9063558578491,0.285724759101868,2.78038716316223,-0.289145648479462,0.289375492089518,-2.43748476535845,-1.57099678473149
142396,0.023403,26.016640894115,-0.140162885189056,-29.8738803863525,0.534090220928192,13.9063558578491,0.261921048164368,2.78038716316223,-0.282736957073212,-0.381619575788598,-2.41317483619967,-0.311853066101654
142398,0.016728,26.0333688948303,-0.140162885189056,-29.8738803863525,0.534090220928192,13.9063558578491,0.261921048164368,2.78038716316223,-0.282736957073212,-0.381619575788598,-2.41317483619967,-0.311853066101654
142400,0.0166753,26.0500441957265,0.0343976616859436,-28.9574375152588,0.708650767803192,13.2834920883179,0.238117322325706,2.59636616706848,-0.263510882854462,-0.432416486237514,-2.39556565296378,-0.567518981449099
142406,0.016667,26.0667111948133,0.260532915592194,-29.3065586090088,0.958589732646942,13.3826742172241,0.226215466856956,2.70165181159973,-0.257102191448212,-0.141450594413022,-2.38858389331758,-2.09023595840023
142408,0.0166665,26.0833776947111,0.260532915592194,-29.3065586090088,0.958589732646942,13.3826742172241,0.226215466856956,2.70165181159973,-0.257102191448212,-0.141450594413022,-2.38858389331758,-2.09023595840023
142412,0.0166687,26.1000463943928,-0.0370134711265564,-28.9098300933838,0.684847056865692,13.1089315414429,0.238117322325706,2.70165181159973,-0.2378761023283,-0.819714124334155,-2.27263582432013,-1.63628089999593
142414,0.0166656,26.1167119946331,-0.290919721126556,-29.1081943511963,0.430940806865692,13.0097494125366,0.273822903633118,2.70165181159973,-0.250693500041962,-0.60411262725799,-2.26578924844778,-1.93715232623075
142418,0.0166667,26.1333786938339,-0.290919721126556,-29.1081943511963,0.430940806865692,13.0097494125366,0.273822903633118,2.70165181159973,-0.250693500041962,-0.60411262725799,-2.26578924844778,-1.93715232623075
142420,0.0166669,26.1500455942005,-0.290919721126556,-28.9852085113525,0.280183970928192,12.6368246078491,0.273822903633118,2.70165181159973,-0.24428479373455,-0.867288151303867,-2.16614043928195,-2.0798828301201
142424,0.0166677,26.1667132936418,-0.413905560970306,-29.1081943511963,0.181001842021942,12.7637777328491,0.285724759101868,2.70165181159973,-0.24428479373455,-0.881787857717341,-2.10994332574341,-1.92758915724767
142428,0.0166668,26.1833800934255,-0.413905560970306,-29.1081943511963,0.181001842021942,12.7637777328491,0.285724759101868,2.70165181159973,-0.24428479373455,-0.881787857717341,-2.10994332574341,-1.92758915724767
142432,0.0166666,26.2000466939062,-0.290919721126556,-29.1319980621338,0.232576549053192,12.6368246078491,0.279316067695618,2.64946675300598,-0.21865002810955,-0.831144391903475,-2.06853059164549,-1.4075967055141
142438,0.019057,26.2191036939621,-0.314723432064056,-29.1081943511963,0.232576549053192,12.3908529281616,0.297626614570618,2.70165181159973,-0.19301526248455,-0.896897805018847,-2.01387781850407,-1.27491661896891
142440,0.022718,26.2418216932565,-0.362330853939056,-28.8582553863525,0.232576549053192,12.2162923812866,0.315021634101868,2.63573384284973,-0.1994239538908,-1.13301857702433,-2.03742290917882,-1.32780528036214
142444,0.0166672,26.2584888935089,-0.362330853939056,-28.8582553863525,0.232576549053192,12.2162923812866,0.315021634101868,2.63573384284973,-0.1994239538908,-1.13301857702433,-2.03742290917882,-1.32780528036214
142446,0.0166674,26.2751562930644,-0.362330853939056,-28.8582553863525,0.232576549053192,12.2162923812866,0.315021634101868,2.63573384284973,-0.1994239538908,-1.13301857702433,-2.03742290917882,-1.32780528036214
142450,0.0166672,26.2918234933168,-0.163966596126556,-28.4892978668213,0.383333384990692,12.6645956039429,0.250019192695618,2.75383687019348,-0.23146741092205,-1.34841508362048,-1.80366390460205,-1.79131527871363
142452,0.016667,26.3084904924035,-0.163966596126556,-28.4892978668213,0.383333384990692,12.6645956039429,0.250019192695618,2.75383687019348,-0.23146741092205,-1.34841508362048,-1.80366390460205,-1.79131527871363
142456,0.0166661,26.3251565918326,-0.215541303157806,-28.4654941558838,0.355562388896942,12.2916707992554,0.238117322325706,2.62932515144348,-0.263510882854462,-1.30960311268219,-1.8740394300876,-1.44458033646324
142460,0.0166674,26.3418239913881,-0.215541303157806,-28.4654941558838,0.355562388896942,12.2916707992554,0.238117322325706,2.62932515144348,-0.263510882854462,-1.30960311268219,-1.8740394300876,-1.44458033646324
142462,0.016667,26.3584909904748,-0.215541303157806,-28.4654941558838,0.355562388896942,12.2916707992554,0.238117322325706,2.62932515144348,-0.263510882854462,-1.30960311268219,-1.8740394300876,-1.44458033646324
142466,0.0166672,26.3751581907272,0.0859723687171936,-28.5131015777588,0.609468638896942,11.9187459945679,0.201496228575706,2.55058979988098,-0.23146741092205,-1.06043127257298,-1.66866469559043,-1.67495997843298
142470,0.0166664,26.3918245900422,0.0859723687171936,-28.5131015777588,0.609468638896942,11.9187459945679,0.201496228575706,2.55058979988098,-0.23146741092205,-1.06043127257298,-1.66866469559043,-1.67495997843298
142472,0.0166696,26.4084941893816,0.0859723687171936,-28.5131015777588,0.609468638896942,11.9187459945679,0.201496228575706,2.55058979988098,-0.23146741092205,-1.06043127257298,-1.66866469559043,-1.67495997843298
142478,0.0218385,26.4303326886147,0.212925493717194,-28.0687656402588,0.732454478740692,11.7957601547241,0.184101209044456,2.45262837409973,-0.2250587195158,-1.34948992618146,-1.44585044629002,-2.43857075781543
142482,0.0180691,26.4484017882496,0.0105939507484436,-28.8582553863525,0.458711802959442,12.2400960922241,0.201496228575706,2.61650776863098,-0.19301526248455,-1.23824068973776,-1.49765783451758,-2.57494190451458
142484,0.0166682,26.4650699887425,0.137547075748444,-28.4654941558838,0.633272349834442,11.8433675765991,0.184101209044456,2.47917866706848,-0.17287366092205,-1.18403680641966,-1.4767231316241,-2.45849365242162
142486,0.0166678,26.4817377887666,0.137547075748444,-28.4654941558838,0.633272349834442,11.8433675765991,0.184101209044456,2.47917866706848,-0.17287366092205,-1.18403680641966,-1.4767231316241,-2.45849365242162
142492,0.0166669,26.4984046891332,-0.0885881781578064,-28.8582553863525,0.430940806865692,11.9187459945679,0.214313611388206,2.53136372566223,-0.1994239538908,-1.11498229344492,-1.62849526887918,-2.84802256061098
142494,0.0166675,26.5150721892715,-0.0885881781578064,-28.8582553863525,0.430940806865692,11.9187459945679,0.214313611388206,2.53136372566223,-0.1994239538908,-1.11498229344492,-1.62849526887918,-2.84802256061098
142498,0.0166674,26.5317395888269,-0.0370134711265564,-28.7590732574463,0.458711802959442,11.7679891586304,0.226215466856956,2.53777241706848,-0.1792823523283,-1.1291417037435,-1.59977445827462,-2.89938879806356
142500,0.0166667,26.5484062880278,-0.0132097601890564,-28.7352695465088,0.430940806865692,11.8949422836304,0.201496228575706,2.57073140144348,-0.1792823523283,-1.47638068888582,-1.59214085287801,-2.77612416526043
142504,0.0166679,26.5650741886348,-0.0132097601890564,-28.7352695465088,0.430940806865692,11.8949422836304,0.201496228575706,2.57073140144348,-0.1792823523283,-1.47638068888582,-1.59214085287801,-2.77612416526043
142506,0.0166654,26.5817395877093,-0.0132097601890564,-28.7352695465088,0.430940806865692,11.8949422836304,0.201496228575706,2.57073140144348,-0.1792823523283,-1.47638068888582,-1.59214085287801,-2.77612416526043
142512,0.0166674,26.5984069872648,-0.112391889095306,-28.0687656402588,0.331758677959442,11.3474569320679,0.219806775450706,2.40044331550598,-0.19301526248455,-1.62896355775207,-1.69853332446169,-2.87966863502544
142514,0.0166677,26.6150746867061,-0.112391889095306,-28.0687656402588,0.331758677959442,11.3474569320679,0.219806775450706,2.40044331550598,-0.19301526248455,-1.62896355775207,-1.69853332446169,-2.87966863502544
142520,0.0210324,26.6361070871353,-0.290919721126556,-28.3147373199463,0.133394420146942,11.4228353500366,0.250019192695618,2.58354878425598,-0.1994239538908,-1.96768576760204,-1.65393438115755,-2.8400616575564
142522,0.0183607,26.6544677875936,-0.290919721126556,-28.3147373199463,0.133394420146942,11.4228353500366,0.250019192695618,2.58354878425598,-0.1994239538908,-1.96768576760204,-1.65393438115755,-2.8400616575564
142526,0.0166674,26.671135187149,-0.239345014095306,-28.8106479644775,0.105623431503773,11.9425497055054,0.201496228575706,2.55699849128723,-0.20583264529705,-2.16930531792933,-2.12717382009557,-1.44030343041981
142530,0.0166777,26.6878128871322,-0.215541303157806,-28.65989112854,0.0302450135350227,11.3950643539429,0.261921048164368,2.43981099128723,-0.2250587195158,-2.10947160675511,-2.21606303449887,-1.64446294529578
142532,0.0166658,26.7044786866754,-0.215541303157806,-28.65989112854,0.0302450135350227,11.3950643539429,0.261921048164368,2.43981099128723,-0.2250587195158,-2.10947160675511,-2.21606303449887,-1.64446294529578
142536,0.016668,26.7211466860026,-0.263148725032806,-28.2909336090088,0.0580160096287727,10.9229574203491,0.207904919981956,2.32811665534973,-0.24428479373455,-2.76969100451779,-2.66473538083969,-0.535227990028972
142540,0.0166648,26.7378114853054,-0.263148725032806,-28.2909336090088,0.0580160096287727,10.9229574203491,0.207904919981956,2.32811665534973,-0.24428479373455,-2.76969100451779,-2.66473538083969,-0.535227990028972
142544,0.0166694,26.7544808853418,0.359715044498444,-24.85129737854,1.28390717506409,5.18626308441162,0.172199353575706,-0.0559166558086872,-0.1664649695158,-7.19619687093764,-2.06304056492464,-0.827570194232767
142546,0.0166643,26.7711451854557,0.359715044498444,-24.85129737854,1.28390717506409,5.18626308441162,0.172199353575706,-0.0559166558086872,-0.1664649695158,-7.19619687093764,-2.06304056492464,-0.827570194232767
142548,0.0166711,26.787816286087,0.359715044498444,-24.85129737854,1.28390717506409,5.18626308441162,0.172199353575706,-0.0559166558086872,-0.1664649695158,-7.19619687093764,-2.06304056492464,-0.827570194232767
142552,0.0166654,26.8044816851616,0.760410845279694,-27.0055332183838,0.982393443584442,9.11387538909912,0.00557338260114193,1.65978157520294,-0.21865002810955,-6.17833609971773,-2.28595035448217,-0.960323011293333
142554,0.0166682,26.8211498856544,0.760410845279694,-27.0055332183838,0.982393443584442,9.11387538909912,0.00557338260114193,1.65978157520294,-0.21865002810955,-6.17833609971773,-2.28595035448217,-0.960323011293333
142558,0.0166654,26.837815284729,0.562046587467194,-26.88254737854,0.732454478740692,8.84013271331787,0.118183247745037,1.20842659473419,-0.21865002810955,-6.2989465924184,-2.89422129178966,0.708844291659523
142562,0.0166708,26.8544860854745,0.284336626529694,-26.31125831604,0.581697642803192,8.59019374847412,0.0943795368075371,1.19469368457794,-0.24428479373455,-7.00004743627038,-3.1997302682663,0.83791939649091
142566,0.0166631,26.8711491860449,0.284336626529694,-26.31125831604,0.581697642803192,8.59019374847412,0.0943795368075371,1.19469368457794,-0.24428479373455,-7.00004743627038,-3.1997302682663,0.83791939649091
142570,0.0166675,26.8878166861832,-0.0132097601890564,-26.5850009918213,0.232576549053192,8.51481533050537,0.100788228213787,1.16905891895294,-0.2122413367033,-6.39544448306186,-3.39416758782805,0.0580202938039853
142572,0.0166667,26.9044833853841,0.0621686577796936,-26.08909034729,0.307954967021942,8.21726894378662,0.0824776813387871,1.12236702442169,-0.263510882854462,-6.84515966637229,-3.34852244480719,-0.11957905736878
142576,0.0166674,26.9211507849395,0.0621686577796936,-26.08909034729,0.307954967021942,8.21726894378662,0.0824776813387871,1.12236702442169,-0.263510882854462,-6.84515966637229,-3.34852244480719,-0.11957905736878
142578,0.0166666,26.9378173854202,0.0343976616859436,-26.263650894165,0.232576549053192,8.14189052581787,0.0824776813387871,1.11595833301544,-0.250693500041962,-6.80868055540247,-3.27608120146986,-0.0451055430741171
142582,0.016667,26.9544843845069,-0.314723432064056,-27.2038974761963,-0.168119251728058,8.93931484222412,0.130085095763206,1.26702034473419,-0.263510882854462,-7.35361566795432,-3.87932867260169,1.17546426450894
142586,0.0166665,26.9711508844048,-0.612269818782806,-27.7474155426025,-0.469632923603058,9.31223964691162,0.148395642638206,1.23406136035919,-0.23146741092205,-6.57528888068437,-3.78181322226627,1.34999596887778
142590,0.0166703,26.9878211840987,-0.687648236751556,-27.8942050933838,-0.545011341571808,9.35984706878662,0.172199353575706,1.28624641895294,-0.263510882854462,-6.04196608453982,-3.88625920639564,1.61453532526929
142592,0.0166648,27.0044859834015,-0.687648236751556,-27.8942050933838,-0.545011341571808,9.35984706878662,0.172199353575706,1.28624641895294,-0.263510882854462,-6.04196608453982,-3.88625920639564,1.61453532526929
142596,0.0166668,27.0211527831852,-0.413905560970306,-28.6360874176025,-0.342679798603058,9.60978603363037,0.118183247745037,1.45012581348419,-0.289145648479462,-5.579363219252,-3.40644947647125,1.36188195315505
142600,0.0166656,27.0378183834255,-0.513087689876556,-29.4017734527588,-0.418058216571808,10.4548177719116,0.106281392276287,1.50963509082794,-0.295554339885712,-5.40275883738104,-3.40593736725302,2.05597455225269
142604,0.0206639,27.0584822837263,-0.513087689876556,-29.4017734527588,-0.418058216571808,10.4548177719116,0.106281392276287,1.50963509082794,-0.295554339885712,-5.40275883738104,-3.40593736725302,2.05597455225269
142606,0.0166683,27.0751505829394,-0.913783490657806,-30.6395664215088,-0.894132435321808,12.0179281234741,0.0174752380698919,2.08550190925598,-0.314780414104462,-4.28395137805433,-3.25503069764145,2.58649838324409
142610,0.0166669,27.0918174833059,-1.04073667526245,-30.8617343902588,-0.870328724384308,12.8113851547241,0.0824776813387871,2.29515767097473,-0.289145648479462,-3.53598166488687,-3.53689365346375,3.09857967227864
142612,0.0166714,27.1084888838232,-1.04073667526245,-30.8617343902588,-0.870328724384308,12.8113851547241,0.0824776813387871,2.29515767097473,-0.289145648479462,-3.53598166488687,-3.53689365346375,3.09857967227864
142616,0.0166624,27.125151284039,-1.2906756401062,-32.1233329772949,-1.07266020774841,14.1523275375366,0.0293770935386419,2.43981099128723,-0.276328265666962,-1.5016131202967,-3.20862673699432,2.68366862926673
142618,0.0166689,27.1418201848865,-2.1158709526062,-32.4208793640137,-2.04861235618591,14.2792806625366,0.124591939151287,2.44621968269348,-0.289145648479462,-1.83688801562425,-2.84693536877412,3.09981916577491
142624,0.0166666,27.1584867853671,-2.1158709526062,-32.4208793640137,-2.04861235618591,14.2792806625366,0.124591939151287,2.44621968269348,-0.289145648479462,-1.83688801562425,-2.84693536877412,3.09981916577491
142626,0.0166667,27.175153484568,-1.58822202682495,-33.7062797546387,-1.44558501243591,15.2949056625366,0.0348702594637871,2.74101948738098,-0.250693500041962,-0.058930719274176,-2.11453352008376,1.28416399806111
142630,0.016667,27.1918204836547,-1.58822202682495,-33.7062797546387,-1.44558501243591,15.2949056625366,0.0348702594637871,2.74101948738098,-0.250693500041962,-0.058930719274176,-2.11453352008376,1.28416399806111
142632,0.0166675,27.208487983793,-2.21505308151245,-33.7578544616699,-1.99703764915466,15.7194051742554,0.0348702594637871,2.79320454597473,-0.2250587195158,-0.177171721266626,-2.02054823420891,2.11529315729763
142636,0.0166664,27.225154383108,-2.73873472213745,-31.9249668121338,-2.39773344993591,15.2195272445679,0.0586739704012871,2.34825825691223,-0.24428479373455,0.987573560935197,-2.18002370870372,0.189837391529196
142642,0.0176655,27.2428198829293,-3.1156268119812,-33.0873832702637,-2.65163969993591,16.6596527099609,-0.0182303283363581,2.91130757331848,-0.289145648479462,0.389243081610836,-2.2479760098333,2.79025720374388
142644,0.0192038,27.2620236836374,-2.86568784713745,-30.7149448394775,-2.29855132102966,14.0055379867554,0.0650826618075371,2.23656392097473,-0.20583264529705,1.90920207623627,-2.90968323256308,-0.11915390333937
142646,0.0166675,27.2786911837757,-2.86568784713745,-30.7149448394775,-2.29855132102966,14.0055379867554,0.0650826618075371,2.23656392097473,-0.20583264529705,1.90920207623627,-2.90968323256308,-0.11915390333937
142650,0.0166669,27.2953580841422,-2.41341733932495,-28.390115737915,-1.94943022727966,13.9063558578491,-0.0786551311612129,2.23656392097473,-0.263510882854462,0.745621971449904,-0.80970500372067,2.2629540471517
142654,0.0166674,27.3120254836977,-2.41341733932495,-28.390115737915,-1.94943022727966,13.9063558578491,-0.0786551311612129,2.23656392097473,-0.263510882854462,0.745621971449904,-0.80970500372067,2.2629540471517
142658,0.0166669,27.3286923840642,-2.41341733932495,-28.390115737915,-1.94943022727966,13.9063558578491,-0.0786551311612129,2.23656392097473,-0.263510882854462,0.745621971449904,-0.80970500372067,2.2629540471517
142660,0.0166676,27.3453599847853,-3.1156268119812,-28.2671298980713,-2.50088286399841,16.0169525146484,0.0412789508700371,2.07268452644348,-0.2250587195158,0.0148635399037813,-1.13899773559876,3.46512252165946
142664,0.0166663,27.3620262853801,-2.1158709526062,-21.6377964019775,-1.39797759056091,12.3908529281616,-0.203166857361794,1.57463753223419,-0.257102191448212,0.637401249120375,-1.23305534784577,2.49835411848822
142666,0.0166668,27.3786930851638,-2.1158709526062,-21.6377964019775,-1.39797759056091,12.3908529281616,-0.203166857361794,1.57463753223419,-0.257102191448212,0.637401249120375,-1.23305534784577,2.49835411848822
142670,0.0166665,27.3953595850617,-4.6390643119812,-20.9712924957275,-4.17904472351074,12.1409139633179,-0.0127371642738581,1.71929085254669,-0.301963031291962,1.66218002762983,-1.51577821240655,0.749786944052285
142672,0.0166683,27.4120278842747,-4.6390643119812,-20.9712924957275,-4.17904472351074,12.1409139633179,-0.0127371642738581,1.71929085254669,-0.301963031291962,1.66218002762983,-1.51577821240655,0.749786944052285
142678,0.0166659,27.4286937844008,-4.84139585494995,-21.883768081665,-4.50436210632324,12.0655355453491,-0.238872423768044,1.91521370410919,-0.366049945354462,1.51754461101419,-0.815459913654772,0.994715697004964
142682,0.0166658,27.4453595839441,-1.1875262260437,-20.0786533355713,-0.493436634540558,13.0097494125366,0.177692517638206,1.49590218067169,-0.1536475867033,0.899714862654033,-1.49256028869552,1.53500204112998
142684,0.0181192,27.4634787831455,-1.1875262260437,-20.0786533355713,-0.493436634540558,13.0097494125366,0.177692517638206,1.49590218067169,-0.1536475867033,0.899714862654033,-1.49256028869552,1.53500204112998
142686,0.0166675,27.4801462832838,3.88663148880005,-19.0669956207275,4.54104804992676,13.9301595687866,-0.781780123710632,1.75865852832794,-0.353232562541962,0.0316988907241218,-0.76123020015688,3.59484618472272
142692,0.0166673,27.4968135841191,5.6362042427063,-20.1778354644775,6.17160224914551,15.0211629867554,-0.335002779960632,1.57463753223419,-0.23146741092205,0.131465945051437,-1.87668542861704,2.97484288843243
142694,0.0166669,27.5134804844856,5.6362042427063,-20.1778354644775,6.17160224914551,15.0211629867554,-0.335002779960632,1.57463753223419,-0.23146741092205,0.131465945051437,-1.87668542861704,2.97484288843243
142698,0.0166666,27.5301470849663,-5.5912127494812,-18.7694492340088,-5.10738945007324,14.9219808578491,-0.335002779960632,2.05986714363098,-0.463095843791962,0.0680445909846829,1.12990067513953,3.5245141029418
142700,0.0166673,27.5468143858016,-5.5912127494812,-18.7694492340088,-5.10738945007324,14.9219808578491,-0.335002779960632,2.05986714363098,-0.463095843791962,0.0680445909846829,1.12990067513953,3.5245141029418
142704,0.0166669,27.5634812861681,6.33841371536255,-22.05832862854,6.82223701477051,15.6202230453491,-0.323100924491882,1.52245247364044,-0.2250587195158,0.90133331050265,-4.1930436636452,2.8757956479424
142706,0.0166666,27.5801478866488,6.33841371536255,-22.05832862854,6.82223701477051,15.6202230453491,-0.323100924491882,1.52245247364044,-0.2250587195158,0.90133331050265,-4.1930436636452,2.8757956479424
142712,0.0166668,27.5968146864325,6.33841371536255,-22.05832862854,6.82223701477051,15.6202230453491,-0.323100924491882,1.52245247364044,-0.2250587195158,0.90133331050265,-4.1930436636452,2.8757956479424
142714,0.0166669,27.613481586799,-7.7414813041687,-21.1934604644775,-7.51156425476074,16.1161346435547,0.0348702594637871,2.16423726081848,-0.301963031291962,0.856762637217371,2.31900814513918,1.79381560840716
142718,0.0166668,27.6301483865827,-7.7414813041687,-21.1934604644775,-7.51156425476074,16.1161346435547,0.0348702594637871,2.16423726081848,-0.301963031291962,0.856762637217371,2.31900814513918,1.79381560840716
142722,0.016666,27.6468143872917,2.6131329536438,-23.565896987915,3.03744721412659,14.6760091781616,-0.126262560486794,1.67351448535919,-0.1664649695158,1.47142605822777,-2.36159021203034,2.61101051462776
142724,0.016667,27.6634813863784,2.6131329536438,-23.565896987915,3.03744721412659,14.6760091781616,-0.126262560486794,1.67351448535919,-0.1664649695158,1.47142605822777,-2.36159021203034,2.61101051462776
142726,0.0166668,27.6801481861621,2.6131329536438,-23.565896987915,3.03744721412659,14.6760091781616,-0.126262560486794,1.67351448535919,-0.1664649695158,1.47142605822777,-2.36159021203034,2.61101051462776
142732,0.0166677,27.6968158856034,-0.163966596126556,-23.4667148590088,0.0818197205662727,16.1637420654297,-0.549236178398132,2.01409077644348,-0.443869769573212,0.913335985823212,-0.360819635505111,1.59565941333761
142734,0.016667,27.7134828846902,-0.163966596126556,-23.4667148590088,0.0818197205662727,16.1637420654297,-0.549236178398132,2.01409077644348,-0.443869769573212,0.913335985823212,-0.360819635505111,1.59565941333761
142738,0.0166664,27.7301492840052,2.86307191848755,-23.9864292144775,3.03744721412659,15.4456624984741,-0.209575548768044,1.77788460254669,-0.321189105510712,0.960613055037354,-1.48408952578237,1.9177974300424
142740,0.0166671,27.7468163836747,2.38699769973755,-24.9028720855713,2.46219086647034,13.3588705062866,-0.364299654960632,1.62682259082794,-0.289145648479462,1.94532889155979,-2.0153107004734,-0.420725345272704
142744,0.0166668,27.7634831834584,2.38699769973755,-24.9028720855713,2.46219086647034,13.3588705062866,-0.364299654960632,1.62682259082794,-0.289145648479462,1.94532889155979,-2.0153107004734,-0.420725345272704
142746,0.0166668,27.7801499832422,2.38699769973755,-24.9028720855713,2.46219086647034,13.3588705062866,-0.364299654960632,1.62682259082794,-0.289145648479462,1.94532889155979,-2.0153107004734,-0.420725345272704
142752,0.0166669,27.7968168836087,-2.6633563041687,-24.85129737854,-3.05233550071716,14.2515096664429,-0.323100924491882,1.71196663379669,-0.450278460979462,2.04176984587708,1.92679520167489,-0.691349470843921
142754,0.0166673,27.813484184444,-2.6633563041687,-24.85129737854,-3.05233550071716,14.2515096664429,-0.323100924491882,1.71196663379669,-0.450278460979462,2.04176984587708,1.92679520167489,-0.691349470843921
142758,0.0166668,27.8301509842277,-2.6633563041687,-24.85129737854,-3.05233550071716,14.2515096664429,-0.323100924491882,1.71196663379669,-0.450278460979462,2.04176984587708,1.92679520167489,-0.691349470843921
142762,0.0169142,27.8470651842654,0.835789263248444,-28.7114658355713,0.430940806865692,15.9415731430054,-0.221477404236794,2.07909321784973,-0.353232562541962,1.16337756138275,-2.17239865649106,1.4142812946833
142764,0.0177013,27.8647664841264,0.835789263248444,-28.7114658355713,0.430940806865692,15.9415731430054,-0.221477404236794,2.07909321784973,-0.353232562541962,1.16337756138275,-2.17239865649106,1.4142812946833
142766,0.0166676,27.8814340848476,0.835789263248444,-28.7114658355713,0.430940806865692,15.9415731430054,-0.221477404236794,2.07909321784973,-0.353232562541962,1.16337756138275,-2.17239865649106,1.4142812946833
142772,0.0166679,27.8981019854546,-1.6636004447937,-26.6326084136963,-2.44930815696716,15.7908163070679,-0.185771837830544,1.92162239551544,-0.378867328166962,1.03462514222111,-0.540400592131528,2.54949330584518
142774,0.0166663,27.9147682860494,-0.362330853939056,-29.3303623199463,-0.997281849384308,15.7908163070679,-0.0722464397549629,1.96831429004669,-0.24428479373455,0.712204290486052,-1.44720027067525,1.97636156212624
142778,0.0166676,27.9314358867705,-0.838405072689056,-30.8895053863525,-1.69949126243591,16.1399383544922,-0.0429495647549629,2.00676655769348,-0.359641253948212,1.07614237068585,-2.01176803243336,1.94168113279803
142780,0.0166666,27.9481024872512,-0.838405072689056,-30.8895053863525,-1.69949126243591,16.1399383544922,-0.0429495647549629,2.00676655769348,-0.359641253948212,1.07614237068585,-2.01176803243336,1.94168113279803
142784,0.016667,27.9647694863379,-0.838405072689056,-30.8895053863525,-1.69949126243591,16.1399383544922,-0.0429495647549629,2.00676655769348,-0.359641253948212,1.07614237068585,-2.01176803243336,1.94168113279803
142786,0.0166664,27.9814358856529,0.359715044498444,-31.3338413238525,-0.695768177509308,14.3784627914429,0.0174752380698919,1.71196663379669,-0.301963031291962,2.44362968406665,-1.60081101469909,-0.12479607810583
142792,0.0166669,27.9981027860194,0.359715044498444,-31.3338413238525,-0.695768177509308,14.3784627914429,0.0174752380698919,1.71196663379669,-0.301963031291962,2.44362968406665,-1.60081101469909,-0.12479607810583
142794,0.016667,28.0147697851062,0.359715044498444,-31.3338413238525,-0.695768177509308,14.3784627914429,0.0174752380698919,1.71196663379669,-0.301963031291962,2.44362968406665,-1.60081101469909,-0.12479607810583
142798,0.0166671,28.0314368847758,0.0621686577796936,-31.7781772613525,-1.04488921165466,15.1481161117554,0.0412789508700371,1.82366096973419,-0.321189105510712,2.14751079484857,-2.23995879165902,-0.0407648051934391
142800,0.0166669,28.0481037851423,0.0621686577796936,-31.7781772613525,-1.04488921165466,15.1481161117554,0.0412789508700371,1.82366096973419,-0.321189105510712,2.14751079484857,-2.23995879165902,-0.0407648051934391
142806,0.0186789,28.0667826849967,0.0343976616859436,-32.3970756530762,-1.09646391868591,15.6916341781616,0.0824776813387871,1.87584602832794,-0.276328265666962,1.85238763884039,-2.2074850997208,2.38208138269066
142808,0.0168589,28.0836415849626,0.685032427310944,-31.2584629058838,-0.568815052509308,14.7751913070679,0.0943795368075371,1.69914925098419,-0.314780414104462,2.51126190056356,-1.19084347300294,-0.114602532342964
142812,0.0166679,28.1003094855696,0.685032427310944,-31.2584629058838,-0.568815052509308,14.7751913070679,0.0943795368075371,1.69914925098419,-0.314780414104462,2.51126190056356,-1.19084347300294,-0.114602532342964
142814,0.0169128,28.1172222848982,0.661228716373444,-31.2822666168213,-0.620389759540558,14.6482381820679,0.0586739704012871,1.75133430957794,-0.308371722698212,2.55485307477927,-1.11721501972805,-0.320508586255273
142818,0.0166669,28.1338891852647,-0.0647844672203064,-32.4962577819824,-1.19564604759216,16.0645599365234,0.219806775450706,1.94817268848419,-0.366049945354462,2.74472939272712,-2.06156116474006,-0.142741038784256
142820,0.0166674,28.1505565848202,-0.0647844672203064,-32.4962577819824,-1.19564604759216,16.0645599365234,0.219806775450706,1.94817268848419,-0.366049945354462,2.74472939272712,-2.06156116474006,-0.142741038784256
142824,0.0166662,28.1672227848321,-0.0647844672203064,-32.4962577819824,-1.19564604759216,16.0645599365234,0.219806775450706,1.94817268848419,-0.366049945354462,2.74472939272712,-2.06156116474006,-0.142741038784256
142828,0.016668,28.1838907841593,-0.112391889095306,-32.3970756530762,-1.19564604759216,15.6202230453491,0.338825345039368,1.77147591114044,-0.314780414104462,2.60736660786082,-2.12090178347714,-0.310122560940697
142832,0.0166659,28.2005566842854,-0.112391889095306,-32.3970756530762,-1.19564604759216,15.6202230453491,0.338825345039368,1.77147591114044,-0.314780414104462,2.60736660786082,-2.12090178347714,-0.310122560940697
142834,0.0166668,28.2172234840691,-0.187770307064056,-32.1233329772949,-1.32259917259216,15.4694662094116,0.362629055976868,1.81725227832794,-0.366049945354462,2.54401597814534,-2.04415575976381,-0.349456512085331
142838,0.016668,28.2338914833963,0.387486040592194,-31.4568271636963,-0.493436634540558,15.4932699203491,0.374530911445618,1.77147591114044,-0.334006488323212,2.96661767289828,-1.50346803680171,-0.198759630636848
142840,0.0166661,28.2505575828254,0.387486040592194,-31.4568271636963,-0.493436634540558,15.4932699203491,0.374530911445618,1.77147591114044,-0.334006488323212,2.96661767289828,-1.50346803680171,-0.198759630636848
142846,0.0210247,28.2715822830796,-0.0885881781578064,-30.4412021636963,-0.794950306415558,15.5448446273804,0.488056302070618,1.73210823535919,-0.334006488323212,3.16955999509557,-1.90179950503447,-0.662379977246481
142850,0.0166666,28.2882488835603,-0.0885881781578064,-30.4412021636963,-0.794950306415558,15.5448446273804,0.488056302070618,1.73210823535919,-0.334006488323212,3.16955999509557,-1.90179950503447,-0.662379977246481
142852,0.0166674,28.3049162831157,-0.215541303157806,-31.0362949371338,-0.997281849384308,15.6440267562866,0.661090970039368,1.74492561817169,-0.327597796916962,2.3886465784949,-1.68836532066543,-0.313045958758805
142854,0.0166677,28.3215839825571,-0.215541303157806,-31.0362949371338,-0.997281849384308,15.6440267562866,0.661090970039368,1.74492561817169,-0.327597796916962,2.3886465784949,-1.68836532066543,-0.313045958758805
142860,0.016666,28.338249983266,-0.215541303157806,-31.0362949371338,-0.997281849384308,15.6440267562866,0.661090970039368,1.74492561817169,-0.327597796916962,2.3886465784949,-1.68836532066543,-0.313045958758805
142862,0.0166673,28.3549172841012,-0.0132097601890564,-31.6789951324463,-0.644193470478058,15.5448446273804,0.696796536445618,1.69274055957794,-0.385276019573212,2.64338573495612,-1.51964295350551,0.0648338960303152
142866,0.0166668,28.371584083885,-0.0132097601890564,-31.6789951324463,-0.644193470478058,15.5448446273804,0.696796536445618,1.69274055957794,-0.385276019573212,2.64338573495612,-1.51964295350551,0.0648338960303152
142868,0.0166669,28.3882509842515,-0.0132097601890564,-31.6789951324463,-0.644193470478058,15.5448446273804,0.696796536445618,1.69274055957794,-0.385276019573212,2.64338573495612,-1.51964295350551,0.0648338960303152
142872,0.0166672,28.4049181845039,-0.314723432064056,-32.1233329772949,-0.870328724384308,15.9177694320679,0.893634915351868,1.65978157520294,-0.359641253948212,2.27568721499449,-1.77769977248156,0.0699117245964561
142876,0.0166669,28.4215850848705,-0.314723432064056,-32.1233329772949,-0.870328724384308,15.9177694320679,0.893634915351868,1.65978157520294,-0.359641253948212,2.27568721499449,-1.77769977248156,0.0699117245964561
142878,0.0166676,28.4382526855916,-0.413905560970306,-32.0995292663574,-0.945707142353058,15.3940877914429,0.911029934883118,1.75865852832794,-0.321189105510712,2.23072090015077,-1.63964861607523,0.0913996566083612
142882,0.0166677,28.4549203850329,-0.215541303157806,-32.5676689147949,-0.771146595478058,16.0883636474609,0.863422513008118,1.77147591114044,-0.334006488323212,2.16047550658348,-1.4310662325792,1.18615871362962
142888,0.0215314,28.4764517843723,-0.338527143001556,-32.7422294616699,-1.02108550071716,15.8899984359741,0.881733059883118,1.65978157520294,-0.334006488323212,2.31939002411908,-1.06284676918079,0.9239173800144
142892,0.0211657,28.4976174850017,-0.338527143001556,-32.7422294616699,-1.02108550071716,15.8899984359741,0.881733059883118,1.65978157520294,-0.334006488323212,2.31939002411908,-1.06284676918079,0.9239173800144
142894,0.0166681,28.5142855849117,-0.338527143001556,-32.7422294616699,-1.02108550071716,15.8899984359741,0.881733059883118,1.65978157520294,-0.334006488323212,2.31939002411908,-1.06284676918079,0.9239173800144
142898,0.0166669,28.5309524852782,-0.390101850032806,-32.5438652038574,-0.969510853290558,16.3621063232422,0.899128079414368,1.71196663379669,-0.378867328166962,2.30842918410237,-1.03065112673098,1.12008264458957
142900,0.0166673,28.5476197861135,0.284336626529694,-32.1987113952637,-0.295072376728058,15.5924520492554,0.893634915351868,1.64055550098419,-0.372458636760712,2.56777450714502,-1.16271980504821,-0.125544517038953
142904,0.0166666,28.5642863865942,0.284336626529694,-32.1987113952637,-0.295072376728058,15.5924520492554,0.893634915351868,1.64055550098419,-0.372458636760712,2.56777450714502,-1.16271980504821,-0.125544517038953
142906,0.0166668,28.5809531863779,0.462864458560944,-32.6668510437012,-0.168119251728058,16.0407562255859,0.857929348945618,1.68633186817169,-0.391684710979462,2.67049258386316,-1.1138558783093,-0.810296434343261
142912,0.0166668,28.5976199861616,1.4864239692688,-32.4446830749512,0.807832896709442,16.1399383544922,0.881733059883118,1.52245247364044,-0.346823871135712,2.01445851806763,-0.977942424520206,2.16798789388067
142914,0.0166681,28.6142880860716,1.4864239692688,-32.4446830749512,0.807832896709442,16.1399383544922,0.881733059883118,1.52245247364044,-0.346823871135712,2.01445851806763,-0.977942424520206,2.16798789388067
142918,0.0166659,28.6309539861977,2.6131329536438,-31.35764503479,1.98611664772034,15.4456624984741,0.815815091133118,1.46385872364044,-0.0831519812345505,2.95977027857614,-0.815876014877695,-0.825816366014057
142920,0.0166671,28.6476210858673,2.6131329536438,-31.35764503479,1.98611664772034,15.4456624984741,0.815815091133118,1.46385872364044,-0.0831519812345505,2.95977027857614,-0.815876014877695,-0.825816366014057
142924,0.0166673,28.6642883867025,3.18838930130005,-30.4173984527588,2.53756928443909,15.9177694320679,0.834125638008118,1.41716682910919,0.0972069054841995,2.3382724891444,0.0926242347509945,1.58817038323427
142930,0.0188045,28.683092886582,3.18838930130005,-30.4173984527588,2.53756928443909,15.9177694320679,0.834125638008118,1.41716682910919,0.0972069054841995,2.3382724891444,0.0926242347509945,1.58817038323427
142932,0.0191042,28.702197086066,1.8117413520813,-29.1558017730713,1.18472504615784,15.9177694320679,0.863422513008118,1.56182014942169,0.295876324176788,0.654603779742261,1.34391122907131,2.6503717033831
142934,0.0166681,28.718865185976,1.8117413520813,-29.1558017730713,1.18472504615784,15.9177694320679,0.863422513008118,1.56182014942169,0.295876324176788,0.654603779742261,1.34391122907131,2.6503717033831
142938,0.0166668,28.7355319857597,1.58560609817505,-28.612283706665,0.958589732646942,15.6678304672241,0.815815091133118,1.55541145801544,0.335243999958038,0.562341513427227,1.31001890340646,2.6772716587186
142940,0.0166673,28.752199286595,1.1849102973938,-27.0055332183838,1.05777192115784,13.1089315414429,0.983356595039368,1.03081429004669,0.348061382770538,1.22361369237204,0.462059130252961,0.0391260097126074
142944,0.0166666,28.7688658870757,1.1849102973938,-27.0055332183838,1.05777192115784,13.1089315414429,0.983356595039368,1.03081429004669,0.348061382770538,1.22361369237204,0.462059130252961,0.0391260097126074
142948,0.0166675,28.7855333872139,0.887363970279694,-25.4939975738525,0.831636607646942,14.2039022445679,0.887226223945618,1.29357063770294,0.328835308551788,-0.45782846556643,1.82556989051271,3.08963347875265
142952,0.0166664,28.8021997865289,1.21268129348755,-24.2839756011963,1.28390717506409,12.6883993148804,0.834125638008118,0.939261555671692,0.360878765583038,-0.0779519795401788,1.88933135076759,1.2596381535148
142954,0.0166678,28.8188675865531,1.21268129348755,-24.2839756011963,1.28390717506409,12.6883993148804,0.834125638008118,0.939261555671692,0.360878765583038,-0.0779519795401788,1.88933135076759,1.2596381535148
142958,0.0172007,28.8360682856292,-0.612269818782806,-24.8790683746338,-0.295072376728058,14.9735555648804,0.863422513008118,1.27983772754669,0.316017925739288,-0.861136300618673,0.742068305580118,2.92147644429004
142962,0.0166668,28.8527350854129,-0.612269818782806,-24.8790683746338,-0.295072376728058,14.9735555648804,0.863422513008118,1.27983772754669,0.316017925739288,-0.861136300618673,0.742068305580118,2.92147644429004
142966,0.0166668,28.8694018851966,-0.612269818782806,-24.8790683746338,-0.295072376728058,14.9735555648804,0.863422513008118,1.27983772754669,0.316017925739288,-0.861136300618673,0.742068305580118,2.92147644429004
142972,0.0209021,28.8903039842844,-0.790797650814056,-25.0496616363525,-0.370450794696808,14.6482381820679,0.970539212226868,1.16173470020294,0.322426617145538,-0.924468533308614,0.451073066435536,2.47252899046841
142974,0.019255,28.9095589835197,-0.790797650814056,-25.0496616363525,-0.370450794696808,14.6482381820679,0.970539212226868,1.16173470020294,0.322426617145538,-0.924468533308614,0.451073066435536,2.47252899046841
142976,0.0166677,28.926226682961,-1.73897886276245,-25.470193862915,-1.24722075462341,15.2472982406616,1.04835903644562,1.24687874317169,0.367287456989288,-0.867894686614844,0.909303218394568,2.22831165387647
142980,0.0166674,28.9428940825164,-2.21505308151245,-27.152322769165,-1.99703764915466,16.1161346435547,0.547565579414368,1.64696419239044,0.23178942501545,-1.09963686392189,1.91415346993571,1.5932430088044
142982,0.0166669,28.959560982883,-2.21505308151245,-27.152322769165,-1.99703764915466,16.1161346435547,0.547565579414368,1.64696419239044,0.23178942501545,-1.09963686392189,1.91415346993571,1.5932430088044
142986,0.0166666,28.9762275833637,-2.2666277885437,-26.7833652496338,-1.84628081321716,16.3383026123047,0.547565579414368,1.77788460254669,0.2381981164217,-1.01982999410136,2.16008256668191,1.40069103857219
142990,0.0166666,28.9928941838443,-1.2906756401062,-26.930154800415,-0.794950306415558,16.3898773193359,0.744403958320618,1.71196663379669,0.295876324176788,-0.919179187468517,1.64604168489716,1.15201241861554
142994,0.0166675,29.0095616839826,-1.2906756401062,-26.930154800415,-0.794950306415558,16.3898773193359,0.744403958320618,1.71196663379669,0.295876324176788,-0.919179187468517,1.64604168489716,1.15201241861554
142996,0.0166667,29.0262283831835,-0.588466107845306,-26.8071689605713,-0.0689371153712273,15.6916341781616,0.887226223945618,1.54167854785919,0.295876324176788,-0.437130414975952,0.4316393999593,0.768058214658947
143000,0.0166672,29.0428955834359,-1.8381609916687,-26.9539585113525,-1.39797759056091,16.1161346435547,0.690387845039368,1.89598762989044,0.251015484333038,-0.236639315100289,1.28321418678858,0.622078025470952
143002,0.0166665,29.0595620833337,-1.8381609916687,-26.9539585113525,-1.39797759056091,16.1161346435547,0.690387845039368,1.89598762989044,0.251015484333038,-0.236639315100289,1.28321418678858,0.622078025470952
143006,0.0166672,29.0762292835861,-1.2906756401062,-27.9695835113525,-1.02108550071716,16.3898773193359,0.714191555976868,2.03972554206848,0.263832867145538,-0.151541127629818,2.57997969447578,0.426921361975616
143012,0.0191548,29.0953840836883,-1.2906756401062,-27.9695835113525,-1.02108550071716,16.3898773193359,0.714191555976868,2.03972554206848,0.263832867145538,-0.151541127629818,2.57997969447578,0.426921361975616
143014,0.0166678,29.1120518837124,-1.38985776901245,-27.9695835113525,-1.07266020774841,15.9891805648804,0.738910794258118,1.98113167285919,0.2253807336092,-0.498734522711442,1.69076655596105,1.33042004147105
143016,0.0166673,29.1287191845477,-1.36605405807495,-27.4498691558838,-0.921903431415558,15.9891805648804,0.803913235664368,1.98754036426544,0.1741112023592,0.134913023189936,0.875645501066288,-0.436215795119392
143020,0.0166671,29.1453862842172,-1.36605405807495,-27.4498691558838,-0.921903431415558,15.9891805648804,0.803913235664368,1.98754036426544,0.1741112023592,0.134913023189936,0.875645501066288,-0.436215795119392
143022,0.0166668,29.1620530840009,-1.1399188041687,-27.77121925354,-0.794950306415558,15.7194051742554,0.815815091133118,1.98754036426544,0.1869285851717,0.346505532635002,0.877960709933813,-0.897400163560354
143028,0.0166689,29.1787219848484,-0.965358197689056,-28.2909336090088,-0.545011341571808,15.8899984359741,0.803913235664368,1.88225471973419,0.10361559689045,0.327231693882305,1.4485903148572,-1.01976992371768
143030,0.0166652,29.1953871846199,-0.965358197689056,-28.2909336090088,-0.545011341571808,15.8899984359741,0.803913235664368,1.88225471973419,0.10361559689045,0.327231693882305,1.4485903148572,-1.01976992371768
143032,0.0166664,29.2120535839349,-1.23910093307495,-29.4771518707275,-0.818754017353058,16.6120452880859,0.792011380195618,2.09923481941223,0.0129783898591995,-0.270468122432575,1.66763652523612,0.92894660123342
143038,0.0166669,29.2287204843014,-1.23910093307495,-29.4771518707275,-0.818754017353058,16.6120452880859,0.792011380195618,2.09923481941223,0.0129783898591995,-0.270468122432575,1.66763652523612,0.92894660123342
143040,0.0166668,29.2453872840852,-1.36605405807495,-28.8860263824463,-0.969510853290558,15.8899984359741,0.815815091133118,1.92894661426544,0.0257957726716995,-0.151958952190209,1.90740437794014,0.424928369415082
143044,0.0166669,29.2620541844517,-1.76278257369995,-30.0484409332275,-1.52096343040466,16.3383026123047,0.893634915351868,1.90880501270294,-0.0511085242033005,0.287839927753195,1.59144198366522,-1.00880560018025
143046,0.0166694,29.278723584488,-1.76278257369995,-30.0484409332275,-1.52096343040466,16.3383026123047,0.893634915351868,1.90880501270294,-0.0511085242033005,0.287839927753195,1.59144198366522,-1.00880560018025
143052,0.0166638,29.2953873854131,-1.26290464401245,-31.4806308746338,-0.818754017353058,16.1161346435547,0.839618802070618,2.03331685066223,-0.14723889529705,0.513685968460782,0.647978632408771,-0.0129020550032955
143054,0.0166676,29.3120549861342,-1.26290464401245,-31.4806308746338,-0.818754017353058,16.1161346435547,0.839618802070618,2.03331685066223,-0.14723889529705,0.513685968460782,0.647978632408771,-0.0129020550032955
143058,0.0166676,29.3287225868553,-1.0129656791687,-30.46897315979,-0.568815052509308,15.7194051742554,0.727008938789368,1.90239632129669,-0.24428479373455,0.539994303924588,0.625354246302772,-1.49105287753095
143060,0.0166669,29.3453894872218,-1.0129656791687,-30.46897315979,-0.568815052509308,15.7194051742554,0.727008938789368,1.90239632129669,-0.24428479373455,0.539994303924588,0.625354246302772,-1.49105287753095
143064,0.0166668,29.3620562870055,-1.0129656791687,-30.46897315979,-0.568815052509308,15.7194051742554,0.727008938789368,1.90239632129669,-0.24428479373455,0.539994303924588,0.625354246302772,-1.49105287753095
143066,0.0166677,29.3787239864469,-0.663844525814056,-30.7903232574463,-0.243497669696808,15.9653768539429,0.780109524726868,1.92894661426544,-0.18569104373455,0.781004749065486,0.769245241099971,-1.3610981637226
143070,0.016666,29.3953899871558,-0.663844525814056,-30.7903232574463,-0.243497669696808,15.9653768539429,0.780109524726868,1.92894661426544,-0.18569104373455,0.781004749065486,0.769245241099971,-1.3610981637226
143072,0.0166668,29.4120567869395,-0.663844525814056,-30.7903232574463,-0.243497669696808,15.9653768539429,0.780109524726868,1.92894661426544,-0.18569104373455,0.781004749065486,0.769245241099971,-1.3610981637226
143078,0.0166673,29.4287240877748,-0.489283978939056,-31.405252456665,-0.0689371153712273,15.8899984359741,0.792011380195618,1.94176399707794,-0.24428479373455,0.194231856380951,0.558098803667991,-0.162034544382461
143080,0.0166666,29.4453906882554,-0.489283978939056,-31.405252456665,-0.0689371153712273,15.8899984359741,0.792011380195618,1.94176399707794,-0.24428479373455,0.194231856380951,0.558098803667991,-0.162034544382461
143084,0.0166677,29.4620583876967,-0.263148725032806,-30.2190341949463,0.0302450135350227,15.2949056625366,0.822223782539368,1.81725227832794,-0.24428479373455,0.26859647666266,0.23973677107902,-0.988352831577456
143086,0.0166665,29.4787248875946,-0.263148725032806,-30.2190341949463,0.0302450135350227,15.2949056625366,0.822223782539368,1.81725227832794,-0.24428479373455,0.26859647666266,0.23973677107902,-0.988352831577456
143092,0.0166659,29.4953907877207,-0.314723432064056,-30.2190341949463,0.105623431503773,15.2472982406616,0.815815091133118,1.88225471973419,-0.282736957073212,0.545427339578283,0.278470121366747,-1.61090703192678
143094,0.01978,29.5151707883924,-0.140162885189056,-30.294412612915,0.280183970928192,15.2711019515991,0.846027493476868,1.88957893848419,-0.276328265666962,0.624664809506071,0.173682776651086,-1.61825049752151
143098,0.016668,29.5318387877196,-0.140162885189056,-30.294412612915,0.280183970928192,15.2711019515991,0.846027493476868,1.88957893848419,-0.276328265666962,0.624664809506071,0.173682776651086,-1.61825049752151
143100,0.0166672,29.548505987972,-0.140162885189056,-30.294412612915,0.280183970928192,15.2711019515991,0.846027493476868,1.88957893848419,-0.276328265666962,0.624664809506071,0.173682776651086,-1.61825049752151
143104,0.0166668,29.5651727877557,-0.290919721126556,-30.4927768707275,0.280183970928192,15.1481161117554,0.911029934883118,1.89598762989044,-0.276328265666962,0.374777324740646,0.323639802413061,-1.65870460520165
143106,0.0166664,29.5818391870707,-0.290919721126556,-30.4927768707275,0.280183970928192,15.1481161117554,0.911029934883118,1.89598762989044,-0.276328265666962,0.374777324740646,0.323639802413061,-1.65870460520165
143112,0.0172142,29.5990533865988,-0.112391889095306,-30.738748550415,0.331758677959442,15.2949056625366,0.839618802070618,1.98754036426544,-0.282736957073212,0.331399171041067,0.294285670445785,-1.70418897885006
143114,0.016666,29.6157193873078,-0.338527143001556,-31.0124912261963,0.208772838115692,15.0211629867554,0.875324368476868,1.82366096973419,-0.282736957073212,0.301894796014105,0.25589859817688,-1.40057438134349
143118,0.0166674,29.6323867868632,-0.338527143001556,-31.0124912261963,0.208772838115692,15.0211629867554,0.875324368476868,1.82366096973419,-0.282736957073212,0.301894796014105,0.25589859817688,-1.40057438134349
143120,0.0166667,29.6490534860641,-0.362330853939056,-31.405252456665,0.0580160096287727,15.0489339828491,0.774616360664368,1.89598762989044,-0.301963031291962,-0.0699646511481706,0.138306705913793,-1.35218573110665
143124,0.0166688,29.6657222863287,-0.437709271907806,-31.3814487457275,0.0302450135350227,15.0727376937866,0.857929348945618,1.94176399707794,-0.257102191448212,-0.31422569668556,0.277605023502004,-1.01541565323823
143126,0.0166654,29.6823876854032,-0.437709271907806,-31.3814487457275,0.0302450135350227,15.0727376937866,0.857929348945618,1.94176399707794,-0.257102191448212,-0.31422569668556,0.277605023502004,-1.01541565323823
143132,0.0204168,29.7028044853359,-0.215541303157806,-31.2346591949463,0.256380259990692,14.9973592758179,0.846027493476868,1.96099007129669,-0.282736957073212,-0.531484691318949,0.104970758504417,-1.24825373746512
143136,0.0166673,29.7194717861712,-0.215541303157806,-31.2346591949463,0.256380259990692,14.9973592758179,0.846027493476868,1.96099007129669,-0.282736957073212,-0.531484691318949,0.104970758504417,-1.24825373746512
143138,0.0166678,29.7361395861954,-0.290919721126556,-30.6157627105713,0.181001842021942,14.5014486312866,0.798420071601868,1.92162239551544,-0.334006488323212,-0.560540626114538,0.110372669425021,-1.90803851116191
143140,0.016668,29.7528075855225,-0.263148725032806,-30.5681552886963,0.280183970928192,14.3784627914429,0.857929348945618,1.89598762989044,-0.295554339885712,-0.584703856351615,0.0163968183212736,-1.8878876742036
143144,0.0166658,29.7694733850658,-0.263148725032806,-30.5681552886963,0.280183970928192,14.3784627914429,0.857929348945618,1.89598762989044,-0.295554339885712,-0.584703856351615,0.0163968183212736,-1.8878876742036
143148,0.0166711,29.7861444856972,-0.187770307064056,-30.4412021636963,0.331758677959442,14.3784627914429,0.857929348945618,1.96099007129669,-0.353232562541962,-0.717510371433036,0.212889692865825,-1.94246672723161
143152,0.0166628,29.8028072863817,-0.187770307064056,-30.4412021636963,0.331758677959442,14.3784627914429,0.857929348945618,1.96099007129669,-0.353232562541962,-0.717510371433036,0.212889692865825,-1.94246672723161
143156,0.0166703,29.8194775860757,-0.263148725032806,-30.5681552886963,0.256380259990692,14.4498739242554,0.846027493476868,1.95458137989044,-0.340415179729462,-0.710144219039511,0.256133708987154,-2.01101591879004
143160,0.0166638,29.8361413870007,-0.413905560970306,-30.5681552886963,0.105623431503773,14.4498739242554,0.815815091133118,2.02690815925598,-0.385276019573212,-1.00269585398278,0.144071387668774,-2.24166590037424
143162,0.0166712,29.8528125863522,-0.413905560970306,-30.5681552886963,0.105623431503773,14.4498739242554,0.815815091133118,2.02690815925598,-0.385276019573212,-1.00269585398278,0.144071387668774,-2.24166590037424
143166,0.0166649,29.8694774862379,-0.0885881781578064,-30.4173984527588,0.407137095928192,14.2039022445679,0.893634915351868,2.00035786628723,-0.321189105510712,-1.14999949006512,0.210825372799162,-2.35610252759669
143170,0.0166661,29.886143585667,0.0621686577796936,-30.2190341949463,0.581697642803192,14.0055379867554,0.863422513008118,1.96099007129669,-0.366049945354462,-1.07132596984149,0.247801138982615,-2.63672349307023
143176,0.0270284,29.913171986118,0.212925493717194,-30.11985206604,0.760225474834442,13.8785848617554,0.810321927070618,1.88957893848419,-0.340415179729462,-1.00406608899805,0.263664034285894,-2.53586573762423
143178,0.0168931,29.9300650861114,0.109776079654694,-30.6157627105713,0.609468638896942,14.3506917953491,0.815815091133118,2.07268452644348,-0.359641253948212,-1.37156550533136,0.269331206729538,-2.22774093764125
143180,0.0166678,29.9467328861356,0.109776079654694,-30.6157627105713,0.609468638896942,14.3506917953491,0.815815091133118,2.07268452644348,-0.359641253948212,-1.37156550533136,0.269331206729538,-2.22774093764125
143184,0.0166681,29.9634009860456,0.109776079654694,-30.6157627105713,0.609468638896942,14.3506917953491,0.815815091133118,2.07268452644348,-0.359641253948212,-1.37156550533136,0.269331206729538,-2.22774093764125
143188,0.0166659,29.9800668861717,0.212925493717194,-30.6395664215088,0.633272349834442,14.4022665023804,0.834125638008118,2.11205220222473,-0.378867328166962,-1.44569925691808,0.336254200945754,-2.48962983101651
143190,0.0166693,29.9967361856252,0.212925493717194,-30.6395664215088,0.633272349834442,14.4022665023804,0.834125638008118,2.11205220222473,-0.378867328166962,-1.44569925691808,0.336254200945754,-2.48962983101651
143194,0.0166649,30.0134010855109,0.212925493717194,-30.6395664215088,0.633272349834442,14.4022665023804,0.834125638008118,2.11205220222473,-0.378867328166962,-1.44569925691808,0.336254200945754,-2.48962983101651
143196,0.0166666,30.0300676859915,-0.390101850032806,-30.738748550415,0.0580160096287727,14.6998128890991,0.834125638008118,2.13127827644348,-0.359641253948212,-1.23772862764671,0.222365970071143,-2.21743976771422
143200,0.0166682,30.0467358864844,-0.588466107845306,-30.5919589996338,-0.243497669696808,14.8981771469116,0.917438626289368,2.20360493659973,-0.321189105510712,-1.25262873779414,0.109356147876856,-2.46365449656117
143204,0.0166676,30.0634034872055,-0.588466107845306,-30.5919589996338,-0.243497669696808,14.8981771469116,0.917438626289368,2.20360493659973,-0.321189105510712,-1.25262873779414,0.109356147876856,-2.46365449656117
143208,0.0166669,30.0800703875721,-0.763026654720306,-30.294412612915,-0.318876087665558,14.0293416976929,0.953144192695618,2.03972554206848,-0.340415179729462,-1.4781089654747,0.0484172453257293,-2.6011297943545
143210,0.0166656,30.0967359878123,-0.763026654720306,-30.294412612915,-0.318876087665558,14.0293416976929,0.953144192695618,2.03972554206848,-0.340415179729462,-1.4781089654747,0.0484172453257293,-2.6011297943545
143216,0.0204263,30.1171622872353,-0.965358197689056,-29.9492588043213,-0.267301380634308,13.7079916000366,0.941242337226868,1.99394905567169,-0.346823871135712,-1.6425660981747,0.000541615846788934,-2.88232272520601
143218,0.0184675,30.1356297880411,-0.965358197689056,-29.9492588043213,-0.267301380634308,13.7079916000366,0.941242337226868,1.99394905567169,-0.346823871135712,-1.6425660981747,0.000541615846788934,-2.88232272520601
143222,0.0166677,30.1522974874824,-0.663844525814056,-29.9492588043213,-0.0927408263087273,14.0769491195679,0.917438626289368,2.15141987800598,-0.385276019573212,-1.74643697651733,0.2062427628336,-3.34378026632282
143224,0.0166672,30.1689646877348,-0.489283978939056,-29.6993198394775,0.133394420146942,13.8071737289429,0.893634915351868,2.03972554206848,-0.372458636760712,-1.76644770410512,0.0511914411418359,-3.26044982447749
143228,0.0166672,30.1856318879873,-0.489283978939056,-29.6993198394775,0.133394420146942,13.8071737289429,0.893634915351868,2.03972554206848,-0.372458636760712,-1.76644770410512,0.0511914411418359,-3.26044982447749
143232,0.0166665,30.2022983878851,-0.140162885189056,-28.65989112854,0.557893931865692,13.3588705062866,0.887226223945618,2.02690815925598,-0.436545550823212,-1.54006447097736,0.358407120841972,-4.46962196025099
143236,0.0166675,30.2189658880234,0.0343976616859436,-28.56467628479,0.784029185771942,13.0851278305054,0.922931790351868,1.95458137989044,-0.456687152385712,-1.44500343167671,0.590556856629273,-4.96179844613686
143238,0.0166668,30.2356326878071,-0.0647844672203064,-28.43772315979,0.684847056865692,13.0851278305054,0.941242337226868,1.93535530567169,-0.436545550823212,-1.40518184663549,0.765235277353597,-5.28720229886339
143242,0.0166669,30.2522995881736,0.185154497623444,-27.1761264801025,0.934786021709442,12.5892171859741,0.905536770820618,1.92162239551544,-0.456687152385712,-1.23020144002098,0.674651869690607,-8.12479670307386
143244,0.016668,30.2689675875008,0.185154497623444,-27.1761264801025,0.934786021709442,12.5892171859741,0.905536770820618,1.92162239551544,-0.456687152385712,-1.23020144002098,0.674651869690607,-8.12479670307386
143250,0.016669,30.2856365870684,0.236729204654694,-26.6841831207275,1.08554291725159,11.9941244125366,0.958637356758118,1.87584602832794,-0.436545550823212,-1.14460985856195,0.710935412380155,-10.2508108727822
143252,0.0166634,30.3022999875247,0.236729204654694,-26.6841831207275,1.08554291725159,11.9941244125366,0.958637356758118,1.87584602832794,-0.436545550823212,-1.14460985856195,0.710935412380155,-10.2508108727822
143258,0.0203018,30.322601787746,0.661228716373444,-25.3987827301025,1.68460297584534,11.2482748031616,0.887226223945618,1.72569954395294,-0.423728168010712,-0.963360775149275,1.07656236038215,-12.7780562120725
143260,0.0219566,30.3445583879948,0.661228716373444,-25.3987827301025,1.68460297584534,11.2482748031616,0.887226223945618,1.72569954395294,-0.423728168010712,-0.963360775149275,1.07656236038215,-12.7780562120725
143262,0.016668,30.3612263873219,0.661228716373444,-25.3987827301025,1.68460297584534,11.2482748031616,0.887226223945618,1.72569954395294,-0.423728168010712,-0.963360775149275,1.07656236038215,-12.7780562120725
143266,0.0166671,30.3778934869915,0.462864458560944,-24.5299472808838,1.53384613990784,10.7007894515991,0.922931790351868,1.50963509082794,-0.404502093791962,-0.821964418235805,1.53333747192076,-15.2600552760784
143270,0.0166669,30.3945603873581,0.462864458560944,-24.5299472808838,1.53384613990784,10.7007894515991,0.922931790351868,1.50963509082794,-0.404502093791962,-0.821964418235805,1.53333747192076,-15.2600552760784
143274,0.0166681,30.4112284872681,0.538242876529694,-24.3077793121338,1.48623871803284,10.5262289047241,0.905536770820618,1.60118782520294,-0.346823871135712,-1.07634414379577,1.54078786664476,-15.6845618155595
143276,0.0166659,30.4278943873942,0.585850298404694,-23.565896987915,1.85916352272034,10.2524862289429,1.01265347003937,1.22765266895294,-0.346823871135712,-1.6000802748519,1.6773399688931,-16.4189326023115
143280,0.0166682,30.444562587887,0.585850298404694,-23.565896987915,1.85916352272034,10.2524862289429,1.01265347003937,1.22765266895294,-0.346823871135712,-1.6000802748519,1.6773399688931,-16.4189326023115
143282,0.0166676,30.4612301886082,0.585850298404694,-23.565896987915,1.85916352272034,10.2524862289429,1.01265347003937,1.22765266895294,-0.346823871135712,-1.6000802748519,1.6773399688931,-16.4189326023115
143286,0.0166658,30.4778959881514,-0.0885881781578064,-22.6534214019775,0.732454478740692,9.06230068206787,0.941242337226868,1.15532600879669,-0.327597796916962,-1.68545972935311,1.373360000426,-18.0208477870135
143290,0.0166667,30.4945626873523,-0.0885881781578064,-22.6534214019775,0.732454478740692,9.06230068206787,0.941242337226868,1.15532600879669,-0.327597796916962,-1.68545972935311,1.373360000426,-18.0208477870135
143294,0.0166669,30.5112295877188,-1.1875262260437,-20.9197177886963,-0.568815052509308,8.09428310394287,0.887226223945618,1.31279671192169,-0.321189105510712,-1.10845465062456,-0.411831626318831,-23.0145229688104
143300,0.0206289,30.5318584870547,-1.1875262260437,-20.9197177886963,-0.568815052509308,8.09428310394287,0.887226223945618,1.31279671192169,-0.321189105510712,-1.10845465062456,-0.411831626318831,-23.0145229688104
143302,0.0182388,30.5500972867012,-2.19124937057495,-19.1899814605713,-1.47335600852966,6.45579433441162,0.922931790351868,0.880667805671692,-0.346823871135712,-2.1369209487329,-2.42525563975215,-23.8800847093609
143304,0.0166684,30.5667656864971,-2.19124937057495,-19.1899814605713,-1.47335600852966,6.45579433441162,0.922931790351868,0.880667805671692,-0.346823871135712,-2.1369209487329,-2.42525563975215,-23.8800847093609
143308,0.0166665,30.5834321863949,-2.19124937057495,-19.1899814605713,-1.47335600852966,6.45579433441162,0.922931790351868,0.880667805671692,-0.346823871135712,-2.1369209487329,-2.42525563975215,-23.8800847093609
143310,0.0166723,30.6001044865698,-2.19124937057495,-19.1899814605713,-1.47335600852966,6.45579433441162,0.922931790351868,0.880667805671692,-0.346823871135712,-2.1369209487329,-2.42525563975215,-23.8800847093609
143314,0.0166664,30.6167708858848,-3.2901873588562,-17.45627784729,-2.67544341087341,4.96409511566162,0.922931790351868,0.710379719734192,-0.398093402385712,-2.73661249688578,-4.62517746164396,-27.994359322106
143318,0.0166681,30.6334389857948,-3.2901873588562,-17.45627784729,-2.67544341087341,4.96409511566162,0.922931790351868,0.710379719734192,-0.398093402385712,-2.73661249688578,-4.62517746164396,-27.994359322106
143322,0.0166657,30.6501046866179,-4.01620054244995,-15.726541519165,-3.25069975852966,3.69853115081787,1.02455532550812,0.382620930671692,-0.282736957073212,-4.09889004391667,-6.22293363834026,-31.3973022526718
143324,0.0166677,30.6667723860592,-4.01620054244995,-15.726541519165,-3.25069975852966,3.69853115081787,1.02455532550812,0.382620930671692,-0.282736957073212,-4.09889004391667,-6.22293363834026,-31.3973022526718
143328,0.0166663,30.683438686654,-3.9646258354187,-15.10764503479,-3.12771391868591,3.54777431488037,0.976947903633118,0.467764973640442,-0.340415179729462,-4.19283338695091,-7.11104272440227,-33.9753801508879
143330,0.0166681,30.700106786564,-3.9646258354187,-15.10764503479,-3.12771391868591,3.54777431488037,0.976947903633118,0.467764973640442,-0.340415179729462,-4.19283338695091,-7.11104272440227,-33.9753801508879
143334,0.0166663,30.7167730871588,-3.9170184135437,-15.2306308746338,-2.94918608665466,3.82151699066162,0.953144192695618,0.480582356452942,-0.340415179729462,-4.15868047300127,-7.17487794094878,-34.164001659602
143340,0.0203646,30.7371376864612,-3.3139910697937,-14.9092807769775,-2.17556548118591,3.17484951019287,1.09596645832062,0.0292273871600628,-0.1664649695158,-4.32832533602685,-7.05015428984609,-35.3536374069728
143342,0.0171772,30.7543148864061,-3.3139910697937,-14.9092807769775,-2.17556548118591,3.17484951019287,1.09596645832062,0.0292273871600628,-0.1664649695158,-4.32832533602685,-7.05015428984609,-35.3536374069728
143344,0.0166693,30.7709841858596,-3.2663836479187,-15.1830234527588,-2.12399077415466,3.64695644378662,1.11427700519562,0.100638523697853,-0.21865002810955,-4.49043298525908,-6.9292304861966,-35.1165357421225
143348,0.0166674,30.787651585415,-2.58797788619995,-13.8460483551025,-1.34640288352966,2.63133144378662,1.06026089191437,-0.174019679427147,-0.14723889529705,-4.79621493224469,-6.30966806863875,-36.2958265828049
143352,0.0166671,30.8043186850846,-2.58797788619995,-13.8460483551025,-1.34640288352966,2.63133144378662,1.06026089191437,-0.174019679427147,-0.14723889529705,-4.79621493224469,-6.30966806863875,-36.2958265828049
143356,0.0166672,30.820985885337,-1.04073667526245,-13.4770908355713,0.355562388896942,2.23460292816162,1.06026089191437,-0.894539713859558,0.0322044640779495,-5.47640681504563,-4.66544614375303,-36.5375870274094
143358,0.0166661,30.8376519847661,-1.04073667526245,-13.6238803863525,0.407137095928192,2.50437831878662,1.06026089191437,-0.868904948234558,0.0257957726716995,-5.57263008197489,-4.513272954458,-36.432037474837
143362,0.0166704,30.8543223850429,-1.04073667526245,-13.6238803863525,0.407137095928192,2.50437831878662,1.06026089191437,-0.868904948234558,0.0257957726716995,-5.57263008197489,-4.513272954458,-36.432037474837
143364,0.0166642,30.870986584574,-0.889979779720306,-13.6992588043213,0.458711802959442,2.48057460784912,1.06026089191437,-0.881722331047058,0.0514305382966995,-5.58047654960943,-4.39750879066883,-36.4412761385223
143368,0.0166674,30.8876539841294,-0.0885881781578064,-12.7828159332275,1.23629975318909,0.893660604953766,0.988849759101868,-1.14997184276581,0.19333727657795,-6.51199315584462,-3.0383956812206,-36.2547065797147
143372,0.0166688,30.904322784394,-0.0885881781578064,-12.7828159332275,1.23629975318909,0.893660604953766,0.988849759101868,-1.14997184276581,0.19333727657795,-6.51199315584462,-3.0383956812206,-36.2547065797147
143376,0.0166668,30.9209895841777,-0.263148725032806,-12.9296054840088,0.807832896709442,1.04045009613037,0.970539212226868,-1.22870719432831,0.322426617145538,-7.56040948608935,-3.14637488231324,-36.4877665847015
143380,0.0198343,30.9408238846809,-1.1637225151062,-13.86985206604,-0.445829212665558,1.36180019378662,0.946735501289368,-0.645516276359558,0.424965679645538,-7.89672580877553,-4.16817882329203,-35.7460788619765
143384,0.0194622,30.9602860845625,-1.1637225151062,-13.86985206604,-0.445829212665558,1.36180019378662,0.946735501289368,-0.645516276359558,0.424965679645538,-7.89672580877553,-4.16817882329203,-35.7460788619765
143386,0.0166685,30.9769545849413,-1.1637225151062,-13.86985206604,-0.445829212665558,1.36180019378662,0.946735501289368,-0.645516276359558,0.424965679645538,-7.89672580877553,-4.16817882329203,-35.7460788619765
143390,0.016668,30.9936225842685,-2.1634783744812,-14.5641269683838,-1.54873442649841,1.81010341644287,0.965046048164368,-0.285714030265808,0.380104839801788,-7.43093038072863,-4.36920231098421,-34.723538844156
143394,0.0166653,31.0102878846228,-2.58797788619995,-16.3692417144775,-2.04861235618591,3.22642421722412,0.905536770820618,0.284659504890442,0.335243999958038,-6.41299182918297,-5.47212468668407,-31.7929464798046
143396,0.0166672,31.0269550848752,-2.58797788619995,-16.3692417144775,-2.04861235618591,3.22642421722412,0.905536770820618,0.284659504890442,0.335243999958038,-6.41299182918297,-5.47212468668407,-31.7929464798046
143400,0.0166676,31.0436226855963,-3.5917010307312,-18.741678237915,-3.09994292259216,5.01566982269287,0.846027493476868,0.781790852546692,0.302285015583038,-5.97128485318572,-6.41872405560607,-26.0125914872656
143402,0.0166663,31.0602889861912,-3.5917010307312,-18.741678237915,-3.09994292259216,5.01566982269287,0.846027493476868,0.781790852546692,0.302285015583038,-5.97128485318572,-6.41872405560607,-26.0125914872656
143406,0.0166675,31.0769564863294,-2.3380389213562,-13.0049839019775,-1.17184233665466,3.59934902191162,0.618976712226868,-0.0952843278646469,0.276650249958038,-4.27173049126872,-3.75603557681445,-39.5296225008274
143410,0.0166662,31.0936226863414,-2.3380389213562,-13.0049839019775,-1.17184233665466,3.59934902191162,0.618976712226868,-0.0952843278646469,0.276650249958038,-4.27173049126872,-3.75603557681445,-39.5296225008274
143414,0.0166675,31.1102901864797,-2.3380389213562,-13.9928379058838,-1.54873442649841,3.30180263519287,0.649189114570618,0.0548621527850628,0.251015484333038,-3.91269905657806,-3.47186763865415,-40.2828429272683
143416,0.0166666,31.1269567869604,-4.88900327682495,-13.9690341949463,-4.67892265319824,1.56413173675537,0.863422513008118,0.494315266609192,0.257424175739288,-4.63617007872656,-6.51379559635774,-34.8745325532032
143422,0.0212665,31.1482232864946,-4.9167742729187,-15.3060092926025,-4.73049736022949,2.48057460784912,0.815815091133118,0.729605793952942,0.2381981164217,-4.49573849998802,-8.29056820645802,-32.4563727095195
143424,0.0166681,31.1648913864046,-5.16671323776245,-14.4649448394775,-5.13119316101074,2.06004238128662,0.846027493476868,0.592276692390442,0.23178942501545,-4.79710391265072,-9.61611180442481,-30.9339480954592
143426,0.0166674,31.1815587859601,-5.16671323776245,-14.4649448394775,-5.13119316101074,2.06004238128662,0.846027493476868,0.592276692390442,0.23178942501545,-4.79710391265072,-9.61611180442481,-30.9339480954592
143432,0.016669,31.1982277855277,-5.34127378463745,-14.3895664215088,-5.28194999694824,1.90928554534912,0.857929348945618,0.618826985359192,0.2381981164217,-4.72266070693557,-9.83325526069165,-31.0467446241692
143434,0.0166655,31.2148932851851,-6.19027280807495,-15.10764503479,-6.05953788757324,2.15922451019287,1.00716030597687,0.710379719734192,0.24460680782795,-5.22835335482796,-11.2139433769132,-30.8133181961258
143436,0.0166698,31.2315630856901,-6.19027280807495,-15.10764503479,-6.05953788757324,2.15922451019287,1.00716030597687,0.710379719734192,0.24460680782795,-5.22835335482796,-11.2139433769132,-30.8133181961258
143440,0.0166634,31.2482264861465,-5.86495542526245,-16.34543800354,-5.63107109069824,3.30180263519287,0.893634915351868,0.736014485359192,0.21897204220295,-5.0179853237017,-12.0770948896556,-30.0457474719264
143444,0.0166706,31.2648970857263,-5.7419695854187,-17.0873203277588,-5.55569267272949,3.72233486175537,0.857929348945618,0.899893879890442,0.2125633507967,-4.86458705722887,-13.2570805248956,-28.3518350031946
143448,0.0166636,31.2815606854856,-5.7419695854187,-17.0873203277588,-5.55569267272949,3.72233486175537,0.857929348945618,0.899893879890442,0.2125633507967,-4.86458705722887,-13.2570805248956,-28.3518350031946
143450,0.0166678,31.2982284855098,-6.53939390182495,-17.8292026519775,-6.48403739929199,3.99607753753662,1.01265347003937,1.39794075489044,0.2125633507967,-4.23034186287702,-13.3969287512376,-26.3625368250565
143454,0.0166664,31.3148948848248,-6.53939390182495,-17.8292026519775,-6.48403739929199,3.99607753753662,1.01265347003937,1.39794075489044,0.2125633507967,-4.23034186287702,-13.3969287512376,-26.3625368250565
143458,0.0166697,31.331564584747,-6.36483335494995,-17.9045810699463,-6.33328056335449,4.17063808441162,0.941242337226868,1.41075813770294,0.24460680782795,-4.29626335340161,-13.4256813558661,-26.1156471523533
143464,0.0222877,31.3538522850722,-5.7657732963562,-19.8564853668213,-5.80959892272949,5.63456630706787,0.822223782539368,1.85021126270294,0.1741112023592,-4.11664714894563,-13.8376780691129,-23.0227816151985
143466,0.017543,31.37139528431,-6.31722593307495,-20.4753818511963,-6.30947685241699,5.58695888519287,0.899128079414368,2.02690815925598,0.1997459679842,-3.61186684319801,-14.3218356282719,-21.4399405011395
143470,0.016668,31.3880632836372,-6.84090757369995,-21.5624179840088,-6.78555107116699,5.83293056488037,0.887226223945618,2.15782856941223,0.2381981164217,-3.38969104416255,-14.7123773811671,-18.8164911132831
143472,0.016668,31.4047312829643,-6.84090757369995,-21.5624179840088,-6.78555107116699,5.83293056488037,0.887226223945618,2.15782856941223,0.2381981164217,-3.38969104416255,-14.7123773811671,-18.8164911132831
143476,0.0166665,31.4213977828622,-5.81734800338745,-23.3675327301025,-6.00796318054199,7.17387294769287,0.786518216133118,2.35466694831848,0.270241558551788,-3.44169657603809,-14.7151050774285,-14.8508339645455
143478,0.0166667,31.4380644820631,-5.81734800338745,-23.3675327301025,-6.00796318054199,7.17387294769287,0.786518216133118,2.35466694831848,0.270241558551788,-3.44169657603809,-14.7151050774285,-14.8508339645455
143482,0.0166686,31.454733081162,-5.64278745651245,-24.3315830230713,-5.80959892272949,7.89591884613037,0.618976712226868,2.62291646003723,0.263832867145538,-2.38830866551475,-13.1822029953567,-12.0920405957393
143484,0.0166657,31.471398781985,-5.64278745651245,-24.3315830230713,-5.80959892272949,7.89591884613037,0.618976712226868,2.62291646003723,0.263832867145538,-2.38830866551475,-13.1822029953567,-12.0920405957393
143488,0.0166669,31.4880656823516,-5.64278745651245,-24.3315830230713,-5.80959892272949,7.89591884613037,0.618976712226868,2.62291646003723,0.263832867145538,-2.38830866551475,-13.1822029953567,-12.0920405957393
143492,0.016667,31.5047326814383,-4.7660174369812,-25.4939975738525,-4.92886161804199,8.46720790863037,0.362629055976868,2.57073140144348,0.309609234333038,-1.02719219540926,-10.6389474938734,-9.96628506474249
143496,0.0166671,31.5213997811079,-4.7660174369812,-25.4939975738525,-4.92886161804199,8.46720790863037,0.362629055976868,2.57073140144348,0.309609234333038,-1.02719219540926,-10.6389474938734,-9.96628506474249
143498,0.0166666,31.5380663815886,-2.8141131401062,-26.4342441558838,-2.57626128196716,9.23686122894287,-0.102458842098713,2.65587544441223,0.341652691364288,-0.603151306614037,-7.99864201022397,-7.41517419819299
143504,0.0206425,31.5587088819593,-2.4887957572937,-26.707986831665,-2.14779448509216,9.68119716644287,-0.155559435486794,2.65587544441223,0.335243999958038,-0.775767232190876,-7.79285470453638,-7.02542647034668
143508,0.01836,31.577068882063,-1.5128436088562,-27.152322769165,-1.24722075462341,11.3474569320679,-0.340495944023132,2.74742817878723,0.316017925739288,-1.32924722988081,-4.52792443749721,-3.40714294699689
143510,0.0166685,31.5937373824418,0.0105939507484436,-27.9695835113525,0.208772838115692,11.4704427719116,-0.483318209648132,2.74742817878723,0.354470074176788,-0.960494715146185,-2.36355164390758,-0.746543688397271
143514,0.0166675,31.61040488258,0.0105939507484436,-27.9695835113525,0.208772838115692,11.4704427719116,-0.483318209648132,2.74742817878723,0.354470074176788,-0.960494715146185,-2.36355164390758,-0.746543688397271
143516,0.0166662,31.627071082592,0.0105939507484436,-27.9695835113525,0.208772838115692,11.4704427719116,-0.483318209648132,2.74742817878723,0.354470074176788,-0.960494715146185,-2.36355164390758,-0.746543688397271
143520,0.0166671,31.6437381822616,0.986546099185944,-28.7114658355713,1.03396821022034,12.4146566390991,-0.549236178398132,2.89849019050598,0.328835308551788,0,0,0
143524,0.0166689,31.660407083109,0.986546099185944,-28.7114658355713,1.03396821022034,12.4146566390991,-0.549236178398132,2.89849019050598,0.328835308551788,0,0,0
143528,0.0166648,31.6770718824118,0.109776079654694,-27.7474155426025,0.133394420146942,12.6645956039429,-0.513530611991882,2.87193989753723,0.289467632770538,0,0,0
143530,0.0166667,31.6937385816127,0.161350786685944,-27.4022617340088,-0.0451334044337273,12.1924886703491,-0.477825045585632,2.84538960456848,0.309609234333038,0,0,0
143534,0.0166671,31.7104056812823,0.161350786685944,-27.4022617340088,-0.0451334044337273,12.1924886703491,-0.477825045585632,2.84538960456848,0.309609234333038,0,0,0
143536,0.0166667,31.7270723804832,0.0621686577796936,-27.596658706665,-0.144315540790558,11.9187459945679,-0.388103365898132,2.89849019050598,0.295876324176788,0,0,0
143540,0.0166675,31.7437398806214,0.312107622623444,-26.8071689605713,0.0580160096287727,12.5138387680054,-0.471416354179382,2.89116597175598,0.322426617145538,0,0,0
143546,0.0266272,31.7703670803458,0.312107622623444,-26.8071689605713,0.0580160096287727,12.5138387680054,-0.471416354179382,2.89116597175598,0.322426617145538,0,0,0
143548,0.0166671,31.7870341800153,-0.0885881781578064,-25.2996006011963,-0.295072376728058,11.2720785140991,-0.418315768241882,2.51122212409973,0.348061382770538,0,0,0
143552,0.0166677,31.8037018794566,-0.0885881781578064,-25.2996006011963,-0.295072376728058,11.2720785140991,-0.418315768241882,2.51122212409973,0.348061382770538,0,0,0
143556,0.0166666,31.8203684799373,-0.0132097601890564,-25.6685581207275,-0.0451334044337273,12.2400960922241,-0.340495944023132,2.49199604988098,0.360878765583038,0,0,0
143558,0.0166674,31.8370358794928,-0.239345014095306,-25.6209506988525,-0.342679798603058,12.5654134750366,-0.477825045585632,2.58354878425598,0.263832867145538,0,0,0
143562,0.0166682,31.8537040799856,-0.239345014095306,-25.6209506988525,-0.342679798603058,12.5654134750366,-0.477825045585632,2.58354878425598,0.263832867145538,0,0,0
143564,0.0166662,31.8703702799976,-0.913783490657806,-25.42258644104,-0.997281849384308,12.1924886703491,-0.323100924491882,2.39403462409973,0.360878765583038,0,0,0
143568,0.0166663,31.8870365805924,-0.390101850032806,-26.1644687652588,-0.394254505634308,12.1409139633179,-0.335002779960632,2.41326069831848,0.360878765583038,0,0,0
143570,0.0166667,31.9037032797933,-0.390101850032806,-26.1644687652588,-0.394254505634308,12.1409139633179,-0.335002779960632,2.41326069831848,0.360878765583038,0,0,0
143574,0.0166676,31.9203708805144,-0.564662396907806,-25.3234043121338,-0.545011341571808,13.0851278305054,-0.292888522148132,2.30889058113098,0.348061382770538,0,0,0
143578,0.0166666,31.9370374809951,-0.862208783626556,-25.1012363433838,-0.794950306415558,12.9859457015991,-0.328594088554382,2.34093403816223,0.341652691364288,0,0,0
143580,0.0166667,31.9537041801959,-0.862208783626556,-25.1012363433838,-0.794950306415558,12.9859457015991,-0.328594088554382,2.34093403816223,0.341652691364288,0,0,0
143586,0.0166676,31.970371780917,-0.937587201595306,-24.7521152496338,-0.894132435321808,13.2081136703491,-0.316692233085632,2.47917866706848,0.348061382770538,0,0,0
143588,0.0166655,31.9870372805744,-0.937587201595306,-24.7521152496338,-0.894132435321808,13.2081136703491,-0.316692233085632,2.47917866706848,0.348061382770538,0,0,0
143592,0.0166679,32.0037051811814,-0.937587201595306,-24.7521152496338,-0.894132435321808,13.2081136703491,-0.316692233085632,2.47917866706848,0.348061382770538,0,0,0
143594,0.0166669,32.020372081548,-0.338527143001556,-23.29612159729,0.0302450135350227,12.2162923812866,-0.364299654960632,2.21001362800598,0.335243999958038,0,0,0
143598,0.0166671,32.0370391812176,-0.338527143001556,-23.29612159729,0.0302450135350227,12.2162923812866,-0.364299654960632,2.21001362800598,0.335243999958038,0,0,0
143602,0.0166705,32.0537096820772,0.0621686577796936,-23.5420932769775,0.331758677959442,13.1089315414429,-0.370708346366882,2.25578999519348,0.348061382770538,0,0,0
143604,0.016664,32.0703736823052,0.0621686577796936,-23.5420932769775,0.331758677959442,13.1089315414429,-0.370708346366882,2.25578999519348,0.348061382770538,0,0,0
143608,0.0166662,32.0870398823172,0.0621686577796936,-23.5420932769775,0.331758677959442,13.1089315414429,-0.370708346366882,2.25578999519348,0.348061382770538,0,0,0
143610,0.0166674,32.1037072818726,-0.239345014095306,-22.7764072418213,0.0580160096287727,13.0097494125366,-0.495220065116882,2.38030171394348,0.316017925739288,0,0,0
143616,0.0166676,32.1203748825938,-0.239345014095306,-22.7764072418213,0.0580160096287727,13.0097494125366,-0.495220065116882,2.38030171394348,0.316017925739288,0,0,0
143618,0.016667,32.1370418816805,-0.239345014095306,-22.7764072418213,0.0580160096287727,13.0097494125366,-0.495220065116882,2.38030171394348,0.316017925739288,0,0,0
143622,0.0166774,32.1537192817777,0.0621686577796936,-22.328104019165,0.407137095928192,12.9859457015991,-0.280986666679382,2.17064595222473,0.373696148395538,0,0,0
143624,0.0166647,32.1703839823604,0.109776079654694,-22.3043003082275,0.383333384990692,12.9383382797241,-0.352397799491882,2.24297261238098,0.392922222614288,0,0,0
143630,0.0166661,32.1870500817895,0.387486040592194,-22.3043003082275,0.609468638896942,13.4580526351929,-0.352397799491882,2.21642231941223,0.360878765583038,0,0,0
143632,0.0172387,32.2042887825519,0.585850298404694,-22.28049659729,0.934786021709442,13.5810384750366,-0.292888522148132,2.20360493659973,0.405739605426788,0,0,0
143636,0.0166687,32.2209574822336,0.585850298404694,-22.28049659729,0.934786021709442,13.5810384750366,-0.292888522148132,2.20360493659973,0.405739605426788,0,0,0
143638,0.0166661,32.2376235816628,0.585850298404694,-22.28049659729,0.934786021709442,13.5810384750366,-0.292888522148132,2.20360493659973,0.405739605426788,0,0,0
143642,0.0166671,32.2542906813324,0.359715044498444,-23.4191074371338,0.807832896709442,13.7794027328491,-0.489726901054382,2.32170796394348,0.24460680782795,0.148438176227183,2.02739895447437,5.24529741020108
143644,0.0166676,32.2709582820535,0.359715044498444,-23.4191074371338,0.807832896709442,13.7794027328491,-0.489726901054382,2.32170796394348,0.24460680782795,0.148438176227183,2.02739895447437,5.24529741020108
143648,0.0166679,32.2876261826605,0.359715044498444,-23.4191074371338,0.807832896709442,13.7794027328491,-0.489726901054382,2.32170796394348,0.24460680782795,0.148438176227183,2.02739895447437,5.24529741020108
143652,0.0166679,32.3042940832675,-0.215541303157806,-23.51828956604,0.280183970928192,13.8785848617554,-0.489726901054382,2.43340229988098,0.276650249958038,0.214399685559625,1.85519476171687,4.4095156952713
143656,0.016665,32.3209590837359,-0.215541303157806,-23.51828956604,0.280183970928192,13.8785848617554,-0.489726901054382,2.43340229988098,0.276650249958038,0.214399685559625,1.85519476171687,4.4095156952713
143658,0.0166671,32.3376261834055,-0.215541303157806,-23.51828956604,0.280183970928192,13.8785848617554,-0.489726901054382,2.43340229988098,0.276650249958038,0.214399685559625,1.85519476171687,4.4095156952713
143662,0.0166671,32.3542932830751,1.0103497505188,-23.6174716949463,1.66079926490784,13.6088094711304,-0.542827486991882,2.30889058113098,0.309609234333038,0.722236740921167,1.95389627270093,3.47243252061876
143664,0.0166668,32.3709600828588,1.0103497505188,-23.6174716949463,1.66079926490784,13.6088094711304,-0.542827486991882,2.30889058113098,0.309609234333038,0.722236740921167,1.95389627270093,3.47243252061876
143670,0.016667,32.3876270819455,0.712803423404694,-23.3199253082275,1.38308930397034,13.2596883773804,-0.644451022148132,2.45903706550598,0.270241558551788,0.484269090275946,2.801737437526,2.98940681890138
143674,0.0213538,32.4089808817953,0.712803423404694,-23.3199253082275,1.38308930397034,13.2596883773804,-0.644451022148132,2.45903706550598,0.270241558551788,0.484269090275946,2.801737437526,2.98940681890138
143676,0.0184318,32.4274126812816,-0.215541303157806,-23.2683506011963,0.482515513896942,12.6645956039429,-0.459514498710632,2.36107563972473,0.316017925739288,0.0932213970215835,2.95907416154731,2.97578648164631
143680,0.0166683,32.4440809804946,-0.215541303157806,-23.2683506011963,0.482515513896942,12.6645956039429,-0.459514498710632,2.36107563972473,0.316017925739288,0.0932213970215835,2.95907416154731,2.97578648164631
143682,0.0166668,32.4607477802783,-0.215541303157806,-23.2683506011963,0.482515513896942,12.6645956039429,-0.459514498710632,2.36107563972473,0.316017925739288,0.0932213970215835,2.95907416154731,2.97578648164631
143686,0.0166673,32.4774150811136,-1.91353940963745,-22.9985752105713,-1.37020659446716,12.3670492172241,-0.530925631523132,2.71446919441223,0.16770251095295,-0.280622989794567,3.75094599747604,2.56462616073828
143690,0.0166664,32.4940814804286,-2.0127215385437,-22.9747714996338,-1.47335600852966,12.0417318344116,-0.620647311210632,2.87834858894348,0.1741112023592,-1.1067290314942,3.62631498588693,2.72823681129166
143694,0.0166675,32.5107489805669,-2.0127215385437,-22.9747714996338,-1.47335600852966,12.0417318344116,-0.620647311210632,2.87834858894348,0.1741112023592,-1.1067290314942,3.62631498588693,2.72823681129166
143696,0.0166666,32.5274155810475,-3.2901873588562,-23.3675327301025,-2.67544341087341,12.5892171859741,-0.299297213554382,2.89116597175598,0.24460680782795,-1.62800202240545,2.90213823902826,3.03605744858325
143700,0.0166673,32.5440828818828,-2.36580991744995,-23.2445468902588,-1.59634184837341,13.3072957992554,-0.335002779960632,2.83898091316223,0.289467632770538,-1.8576382220864,3.25226637639011,2.983634371588
143702,0.0166663,32.5607491824776,-2.36580991744995,-23.2445468902588,-1.59634184837341,13.3072957992554,-0.335002779960632,2.83898091316223,0.289467632770538,-1.8576382220864,3.25226637639011,2.983634371588
143706,0.0166677,32.5774168819189,-1.38985776901245,-23.8158359527588,-0.620389759540558,13.7317953109741,-0.370708346366882,2.87834858894348,0.276650249958038,-1.41921281745657,1.7834427235757,2.56761250853342
143708,0.0166663,32.5940831825137,-1.38985776901245,-23.8158359527588,-0.620389759540558,13.7317953109741,-0.370708346366882,2.87834858894348,0.276650249958038,-1.41921281745657,1.7834427235757,2.56761250853342
143716,0.0210002,32.6150833833963,-0.0647844672203064,-23.343729019165,0.708650767803192,12.6368246078491,-0.388103365898132,2.60369038581848,0.316017925739288,-1.71790926845021,1.13090297733213,2.51823045374645
143718,0.0166671,32.6317504830658,-0.0647844672203064,-23.343729019165,0.708650767803192,12.6368246078491,-0.388103365898132,2.60369038581848,0.316017925739288,-1.71790926845021,1.13090297733213,2.51823045374645
143720,0.0166675,32.6484179832041,-0.0647844672203064,-23.343729019165,0.708650767803192,12.6368246078491,-0.388103365898132,2.60369038581848,0.316017925739288,-1.71790926845021,1.13090297733213,2.51823045374645
143724,0.0166679,32.6650858838111,0.760410845279694,-24.010232925415,1.68460297584534,12.6883993148804,-0.323100924491882,2.53777241706848,0.354470074176788,-1.79026344116445,0.977097065471572,2.28151593525255
143728,0.0166693,32.6817551832646,0.760410845279694,-24.010232925415,1.68460297584534,12.6883993148804,-0.323100924491882,2.53777241706848,0.354470074176788,-1.79026344116445,0.977097065471572,2.28151593525255
143730,0.0166645,32.6984196826816,-0.0885881781578064,-23.6888828277588,0.684847056865692,12.4384603500366,-0.358806490898132,2.62291646003723,0.302285015583038,-2.01073337957066,1.41915067482733,2.36499244536556
143734,0.0166699,32.7150895819068,-0.489283978939056,-24.1609897613525,0.430940806865692,13.1089315414429,-0.250774264335632,2.64946675300598,0.316017925739288,-2.21200393833951,1.72819928086141,2.25613009231644
143736,0.0166641,32.7317536827177,-0.489283978939056,-24.1609897613525,0.430940806865692,13.1089315414429,-0.250774264335632,2.64946675300598,0.316017925739288,-2.21200393833951,1.72819928086141,2.25613009231644
143740,0.0166678,32.7484214827418,-0.588466107845306,-24.4307651519775,0.256380259990692,13.0097494125366,-0.209575548768044,2.68883442878723,0.302285015583038,-2.72525408671448,1.43196810952825,2.96062081181625
143744,0.0166667,32.7650881819427,-0.588466107845306,-24.4307651519775,0.256380259990692,13.0097494125366,-0.209575548768044,2.68883442878723,0.302285015583038,-2.72525408671448,1.43196810952825,2.96062081181625
143746,0.0166666,32.7817547824234,-0.588466107845306,-24.4307651519775,0.256380259990692,13.0097494125366,-0.209575548768044,2.68883442878723,0.302285015583038,-2.72525408671448,1.43196810952825,2.96062081181625
143750,0.0166673,32.7984220832586,-0.814601361751556,-24.62912940979,0.00644130259752274,13.1843099594116,-0.138164415955544,2.66869282722473,0.257424175739288,-2.83718567933684,0.919941079185321,3.191015978562
143754,0.0166668,32.8150888830423,-0.814601361751556,-24.62912940979,0.00644130259752274,13.1843099594116,-0.138164415955544,2.66869282722473,0.257424175739288,-2.83718567933684,0.919941079185321,3.191015978562
143756,0.0166699,32.8317587822676,-0.362330853939056,-24.5061435699463,0.506319224834442,13.4580526351929,-0.203166857361794,2.66228413581848,0.309609234333038,0,0,0
143760,0.0166779,32.8484366815537,-0.362330853939056,-24.5061435699463,0.506319224834442,13.4580526351929,-0.203166857361794,2.66228413581848,0.309609234333038,0,0,0
143764,0.0166662,32.8651028815657,-0.362330853939056,-24.5061435699463,0.506319224834442,13.4580526351929,-0.203166857361794,2.66228413581848,0.309609234333038,0,0,0
143768,0.0166669,32.8817697819322,-0.163966596126556,-23.4905185699463,0.807832896709442,12.5892171859741,-0.179363146424294,2.41966938972473,0.302285015583038,0,0,0
143770,0.016668,32.8984377812594,-0.163966596126556,-23.4905185699463,0.807832896709442,12.5892171859741,-0.179363146424294,2.41966938972473,0.302285015583038,0,0,0
143774,0.0166657,32.9151034820825,-1.06454038619995,-23.6412754058838,-0.120511822402477,12.6645956039429,-0.155559435486794,2.51122212409973,0.335243999958038,0,0,0
143776,0.0166691,32.931772582233,-0.913783490657806,-22.677225112915,0.00644130259752274,12.7875814437866,-0.150066271424294,2.32170796394348,0.309609234333038,0,0,0
143780,0.0166646,32.9484371822327,-0.913783490657806,-22.677225112915,0.00644130259752274,12.7875814437866,-0.150066271424294,2.32170796394348,0.309609234333038,0,0,0
143784,0.0166691,32.9651062823832,-0.437709271907806,-22.5542392730713,0.482515513896942,12.8113851547241,-0.161968126893044,2.32811665534973,0.295876324176788,0,0,0
143788,0.0166653,32.9817715827376,-0.588466107845306,-22.3796787261963,0.355562388896942,12.8867635726929,-0.155559435486794,2.25578999519348,0.354470074176788,0,0,0
143790,0.0166684,32.9984399825335,-0.588466107845306,-22.3796787261963,0.355562388896942,12.8867635726929,-0.155559435486794,2.25578999519348,0.354470074176788,0,0,0
143794,0.0166656,33.0151055827737,-0.0132097601890564,-22.4788608551025,1.03396821022034,13.6326131820679,-0.203166857361794,2.33452534675598,0.316017925739288,0,0,0
143798,0.0184871,33.0335926823318,-0.0370134711265564,-21.7131748199463,0.934786021709442,12.9383382797241,-0.226970568299294,2.28234028816223,0.328835308551788,-3.36403308873697,2.0170263455705,5.81366739158375
143802,0.0166672,33.0502598825842,-0.0370134711265564,-21.7131748199463,0.934786021709442,12.9383382797241,-0.226970568299294,2.28234028816223,0.328835308551788,-3.36403308873697,2.0170263455705,5.81366739158375
143804,0.0166678,33.0669276826084,0.137547075748444,-21.5148105621338,1.16092133522034,13.0097494125366,-0.238872423768044,2.29515767097473,0.316017925739288,-3.36774115053283,1.94892327574671,5.91173039689603
143808,0.0166665,33.0835941825062,0.0859723687171936,-21.6377964019775,0.982393443584442,13.9539632797241,-0.215068712830544,2.40685200691223,0.386513531208038,-3.09492812405842,1.94524400208076,5.10558638391933
143810,0.0166679,33.1002620831132,0.0859723687171936,-21.6377964019775,0.982393443584442,13.9539632797241,-0.215068712830544,2.40685200691223,0.386513531208038,-3.09492812405842,1.94524400208076,5.10558638391933
143814,0.0166659,33.1169279832393,-0.0370134711265564,-20.7451572418213,0.883211314678192,13.1367025375366,-0.250774264335632,2.21001362800598,0.309609234333038,-2.76634582218489,2.27292715620906,4.85504764139886
143818,0.0166671,33.1335950829089,-0.0370134711265564,-20.7451572418213,0.883211314678192,13.1367025375366,-0.250774264335632,2.21001362800598,0.309609234333038,-2.76634582218489,2.27292715620906,4.85504764139886
143820,0.0166668,33.1502618826926,0.387486040592194,-20.995096206665,1.35928559303284,13.1605062484741,-0.269084811210632,2.24297261238098,0.302285015583038,-3.14820837431695,2.47599946840887,4.91713335317598
143824,0.0166671,33.1669289823622,0.486668169498444,-20.7213535308838,1.41086030006409,13.2081136703491,-0.292888522148132,2.17064595222473,0.328835308551788,-3.30447845195103,2.40480305617031,5.1562960364037
143828,0.0166667,33.183595681563,0.486668169498444,-20.7213535308838,1.41086030006409,13.2081136703491,-0.292888522148132,2.17064595222473,0.328835308551788,-3.30447845195103,2.40480305617031,5.1562960364037
143830,0.0166673,33.2002629823983,0.637425005435944,-20.4515781402588,1.58542084693909,12.8629598617554,-0.304790377616882,2.11846089363098,0.295876324176788,-3.2542153919756,2.13468285470106,5.48999727357955
143834,0.0166665,33.2169294822961,0.109776079654694,-20.7213535308838,1.05777192115784,13.2081136703491,-0.269084811210632,2.17064595222473,0.328835308551788,-3.05959642790702,2.05016673875096,5.64085579946776
143840,0.0166666,33.2335960827768,0.109776079654694,-20.7213535308838,1.05777192115784,13.2081136703491,-0.269084811210632,2.17064595222473,0.328835308551788,-3.05959642790702,2.05016673875096,5.64085579946776
143842,0.017458,33.2510540820658,0.0621686577796936,-21.7845859527588,1.05777192115784,13.9301595687866,-0.245281115174294,2.26952290534973,0.289467632770538,-2.35332933988812,2.2251251166448,5.19466742003768
143844,0.0166678,33.26772188209,0.109776079654694,-21.7845859527588,1.03396821022034,14.0293416976929,-0.286479830741882,2.28874897956848,0.289467632770538,-2.44344183856759,2.42187233378622,5.19855321550653
143848,0.016667,33.2843888811767,0.109776079654694,-21.7845859527588,1.03396821022034,14.0293416976929,-0.286479830741882,2.28874897956848,0.289467632770538,-2.44344183856759,2.42187233378622,5.19855321550653
143850,0.0166669,33.3010557815433,-0.239345014095306,-21.4156284332275,0.633272349834442,14.1285238265991,-0.191265001893044,2.26311421394348,0.270241558551788,-1.51146239346843,2.5687124490861,4.17868873997316
143854,0.0166669,33.3177226819098,-0.239345014095306,-21.4156284332275,0.633272349834442,14.1285238265991,-0.191265001893044,2.26311421394348,0.270241558551788,-1.51146239346843,2.5687124490861,4.17868873997316
143858,0.016667,33.3343896809965,-0.687648236751556,-21.439432144165,0.232576549053192,14.0769491195679,-0.155559435486794,2.25578999519348,0.309609234333038,-1.52158734352515,2.7361472800968,4.21608280679339
143862,0.0166669,33.3510565813631,-0.564662396907806,-20.8721103668213,0.331758677959442,13.9063558578491,-0.203166857361794,2.15141987800598,0.302285015583038,-1.19915556107113,2.96248809637867,4.04406731083535
143864,0.0166665,33.3677230812609,-0.564662396907806,-20.8721103668213,0.331758677959442,13.9063558578491,-0.203166857361794,2.15141987800598,0.302285015583038,-1.19915556107113,2.96248809637867,4.04406731083535
143868,0.016667,33.3843900803477,-0.862208783626556,-20.7451572418213,0.0580160096287727,14.1285238265991,-0.143657580018044,2.19078755378723,0.295876324176788,-0.530761157393973,2.56161763994942,4.1452534470611
143870,0.0166688,33.4010588806123,-0.862208783626556,-20.7451572418213,0.0580160096287727,14.1285238265991,-0.143657580018044,2.19078755378723,0.295876324176788,-0.530761157393973,2.56161763994942,4.1452534470611
143874,0.016665,33.4177238810807,-0.790797650814056,-20.7213535308838,0.133394420146942,14.1047201156616,-0.167461290955544,2.16423726081848,0.316017925739288,-0.521271409083979,2.59375796317058,4.14906774426989
143880,0.0234975,33.4412213806063,-0.913783490657806,-19.979471206665,-0.0173624083399773,13.9063558578491,-0.179363146424294,2.08550190925598,0.335243999958038,-0.24787360863066,3.00381380754102,3.4911223912531
143884,0.0188258,33.4600471798331,-0.913783490657806,-19.979471206665,-0.0173624083399773,13.9063558578491,-0.179363146424294,2.08550190925598,0.335243999958038,-0.24787360863066,3.00381380754102,3.4911223912531
143886,0.0166682,33.4767153803259,-0.163966596126556,-20.3523960113525,0.760225474834442,13.7555990219116,-0.221477404236794,2.05986714363098,0.295876324176788,0.194809250854758,3.08669621414494,2.75082090938336
143888,0.0166666,33.4933819808066,-0.163966596126556,-20.3523960113525,0.760225474834442,13.7555990219116,-0.221477404236794,2.05986714363098,0.295876324176788,0.194809250854758,3.08669621414494,2.75082090938336
143892,0.0166671,33.5100490804762,-0.163966596126556,-20.3523960113525,0.760225474834442,13.7555990219116,-0.221477404236794,2.05986714363098,0.295876324176788,0.194809250854758,3.08669621414494,2.75082090938336
143896,0.0166671,33.5267161801457,-0.413905560970306,-21.1934604644775,0.482515513896942,13.9777669906616,-0.209575548768044,2.15782856941223,0.386513531208038,0.410525431517806,3.08966619750808,2.17968381416378
143900,0.0166671,33.5433832798153,-0.413905560970306,-21.1934604644775,0.482515513896942,13.9777669906616,-0.209575548768044,2.15782856941223,0.386513531208038,0.410525431517806,3.08966619750808,2.17968381416378
143902,0.0166666,33.560049880296,0.0343976616859436,-22.50266456604,0.907015025615692,14.7474203109741,-0.257182955741882,2.36748433113098,0.309609234333038,0.0756863305613822,2.99337897597025,3.75981801200057
143906,0.0166679,33.576717780903,-0.290919721126556,-21.0704746246338,0.407137095928192,13.5810384750366,-0.226970568299294,2.19719624519348,0.380104839801788,0.00618975994904479,2.9557688185139,2.79685357464673
143908,0.0166661,33.5933838803321,-0.290919721126556,-21.0704746246338,0.407137095928192,13.5810384750366,-0.226970568299294,2.19719624519348,0.380104839801788,0.00618975994904479,2.9557688185139,2.79685357464673
143914,0.0166669,33.6100507806987,-0.140162885189056,-21.5624179840088,0.407137095928192,13.6802206039429,-0.215068712830544,2.27593159675598,0.335243999958038,0.255968811680376,2.78558100107906,1.75174310464689
143916,0.0166671,33.6267178803682,-0.0885881781578064,-22.328104019165,0.482515513896942,13.6802206039429,-0.203166857361794,2.38030171394348,0.341652691364288,0.764819660911675,2.8032759638984,1.69521851736783
143922,0.0221147,33.6488325800747,-0.0885881781578064,-23.16916847229,0.506319224834442,14.2039022445679,-0.215068712830544,2.49840474128723,0.335243999958038,0.363136275182124,2.53565877120889,2.98951972349293
143924,0.0166674,33.6654999796301,-0.163966596126556,-22.05832862854,0.355562388896942,13.2358846664429,-0.191265001893044,2.41326069831848,0.360878765583038,0.013267650009947,2.30644690277986,0.74717388507477
143928,0.0166669,33.6821668799967,-0.163966596126556,-22.05832862854,0.355562388896942,13.2358846664429,-0.191265001893044,2.41326069831848,0.360878765583038,0.013267650009947,2.30644690277986,0.74717388507477
143930,0.0166679,33.6988347806036,-0.163966596126556,-22.05832862854,0.355562388896942,13.2358846664429,-0.191265001893044,2.41326069831848,0.360878765583038,0.013267650009947,2.30644690277986,0.74717388507477
143934,0.0166667,33.7155014798045,-1.1875262260437,-23.6888828277588,-0.521207630634308,13.5572347640991,-0.126262560486794,2.71446919441223,0.412148296833038,-0.180479927010447,1.86871154194332,3.3099844922259
143936,0.0166669,33.7321683801711,-1.1875262260437,-23.6888828277588,-0.521207630634308,13.5572347640991,-0.126262560486794,2.71446919441223,0.412148296833038,-0.180479927010447,1.86871154194332,3.3099844922259
143940,0.0166668,33.7488351799548,-1.1399188041687,-23.4667148590088,-0.493436634540558,13.6088094711304,-0.126262560486794,2.62932515144348,0.360878765583038,-0.264018211289964,1.82205581952995,3.61168662094016
143944,0.016668,33.765503179282,-1.21529722213745,-23.4429111480713,-0.695768177509308,12.5654134750366,-0.0365408733487129,2.44621968269348,0.412148296833038,0.464682304786391,1.42832836372252,0.400869305698599
143948,0.0166658,33.7821689788252,-1.21529722213745,-23.4429111480713,-0.695768177509308,12.5654134750366,-0.0365408733487129,2.44621968269348,0.412148296833038,0.464682304786391,1.42832836372252,0.400869305698599
143950,0.0166671,33.7988360784948,-1.2906756401062,-24.3831577301025,-0.695768177509308,12.8351888656616,-0.0841482952237129,2.54418110847473,0.380104839801788,0.408745304095506,1.58820698891175,1.09526030018859
143954,0.0166666,33.8155026789755,-1.1637225151062,-23.4905185699463,-0.719571888446808,12.4900350570679,-0.0429495647549629,2.47917866706848,0.412148296833038,0.838843455292727,0.836518238166638,1.37129407083411
143956,0.0166671,33.832169778645,-1.1637225151062,-23.4905185699463,-0.719571888446808,12.4900350570679,-0.0429495647549629,2.47917866706848,0.412148296833038,0.838843455292727,0.836518238166638,1.37129407083411
143962,0.0207657,33.8529354780912,-0.937587201595306,-26.3866367340088,-0.469632923603058,13.6088094711304,-0.107952006161213,2.76024556159973,0.2253807336092,0.486507682873596,0.775937915839584,2.0370333278127
143964,0.0166672,33.8696026783437,-0.937587201595306,-26.3866367340088,-0.469632923603058,13.6088094711304,-0.107952006161213,2.76024556159973,0.2253807336092,0.486507682873596,0.775937915839584,2.0370333278127
143968,0.0166676,33.8862702790648,-0.465480268001556,-25.20041847229,0.105623431503773,12.2162923812866,-0.215068712830544,2.54418110847473,0.1228416711092,1.02947697243357,0.224472276406869,-1.20517736951462
143970,0.0166666,33.9029368795455,-0.465480268001556,-25.20041847229,0.105623431503773,12.2162923812866,-0.215068712830544,2.54418110847473,0.1228416711092,1.02947697243357,0.224472276406869,-1.20517736951462
143976,0.0166679,33.9196047801524,-0.612269818782806,-24.8790683746338,-0.0173624083399773,12.4662313461304,-0.238872423768044,2.57073140144348,0.1869285851717,0.859627764666667,0.242258625255661,-1.26133630512027
143978,0.016666,33.9362707808614,-4.4645037651062,-28.4654941558838,-4.20284843444824,18.8456268310547,0.571369290351868,5.13878536224365,0.656594097614288,11.0419644342802,-3.06266260995079,-3.96562700026489
143982,0.0166678,33.9529385808855,-4.4645037651062,-28.4654941558838,-4.20284843444824,18.8456268310547,0.571369290351868,5.13878536224365,0.656594097614288,11.0419644342802,-3.06266260995079,-3.96562700026489
143984,0.0166672,33.9696057811379,-4.9167742729187,-28.2909336090088,-4.67892265319824,18.7464447021484,0.613483548164368,4.9089879989624,0.579689800739288,12.0399492393737,-3.39110555242543,-4.55924687857828
143988,0.0166661,33.9862718805671,-5.4642596244812,-26.0652866363525,-5.43270683288574,16.8619842529297,0.875324368476868,4.2607946395874,0.688637554645538,14.4560285942244,-4.49860830558367,-8.38317209273369
143990,0.0166673,34.0029391814023,-5.4642596244812,-26.0652866363525,-5.43270683288574,16.8619842529297,0.875324368476868,4.2607946395874,0.688637554645538,14.4560285942244,-4.49860830558367,-8.38317209273369
143996,0.0166667,34.0196058806032,-6.53939390182495,-23.8158359527588,-6.50784111022949,16.5366668701172,1.04835903644562,4.59496212005615,0.637368023395538,18.1870205538004,-6.18944350221265,-14.6497325222935
143998,0.0166668,34.0362726803869,-6.5671648979187,-23.7166538238525,-6.46023368835449,16.4890594482422,1.03096401691437,4.6013708114624,0.663002789020538,18.1221774372756,-6.21292895088654,-14.5329341770798
144004,0.0189272,34.0551998801529,-6.5671648979187,-23.7166538238525,-6.46023368835449,16.4890594482422,1.03096401691437,4.6013708114624,0.663002789020538,18.1221774372756,-6.21292895088654,-14.5329341770798
144006,0.016667,34.0718668792397,-6.31722593307495,-23.8396396636963,-6.30947685241699,17.0087738037109,1.00716030597687,4.7258825302124,0.560463726520538,17.8427308114321,-7.09918054761328,-11.4747825904936
144008,0.0166678,34.0885346792638,-6.31722593307495,-23.8396396636963,-6.30947685241699,17.0087738037109,1.00716030597687,4.7258825302124,0.560463726520538,17.8427308114321,-7.09918054761328,-11.4747825904936
144012,0.0166669,34.1052015796304,-6.31722593307495,-23.8396396636963,-6.30947685241699,17.0087738037109,1.00716030597687,4.7258825302124,0.560463726520538,17.8427308114321,-7.09918054761328,-11.4747825904936
144016,0.0166695,34.1218710802495,-6.7417254447937,-23.4191074371338,-6.78555107116699,17.3816986083984,1.04835903644562,4.79820919036865,0.527504742145538,19.8119615235096,-7.78933689789067,-12.5616925856028
144018,0.0166675,34.1385385803878,-6.7417254447937,-23.4191074371338,-6.78555107116699,17.3816986083984,1.04835903644562,4.79820919036865,0.527504742145538,19.8119615235096,-7.78933689789067,-12.5616925856028
144022,0.0166658,34.1552043799311,-6.81710386276245,-23.8158359527588,-6.88473320007324,17.4055023193359,1.01265347003937,4.85680294036865,0.527504742145538,20.3293611471416,-8.16099452259184,-12.9858796175039
144024,0.0166672,34.1718715801835,-6.81710386276245,-23.8158359527588,-6.88473320007324,17.4055023193359,1.01265347003937,4.85680294036865,0.527504742145538,20.3293611471416,-8.16099452259184,-12.9858796175039
144028,0.0166671,34.1885386798531,-6.81710386276245,-23.8158359527588,-6.88473320007324,17.4055023193359,1.01265347003937,4.85680294036865,0.527504742145538,20.3293611471416,-8.16099452259184,-12.9858796175039
144032,0.0166684,34.205207079649,-7.5669207572937,-24.1094150543213,-7.53536796569824,18.2505340576172,1.07216274738312,5.08568477630615,0.527504742145538,21.7011913124303,-8.51887934953709,-12.8740592267964
144036,0.0166661,34.2218731790781,-7.5669207572937,-24.1094150543213,-7.53536796569824,18.2505340576172,1.07216274738312,5.08568477630615,0.527504742145538,21.7011913124303,-8.51887934953709,-12.8740592267964
144038,0.0166682,34.238541379571,-7.84066343307495,-24.5299472808838,-7.93606376647949,18.6234588623047,1.07216274738312,5.3154821395874,0.566872417926788,22.7470762098931,-8.25393190028519,-12.7572085046381
144044,0.0219849,34.2605262789875,-7.7176775932312,-24.7045078277588,-7.78927421569824,18.7226409912109,1.07216274738312,5.3484411239624,0.586098492145538,22.784141742404,-8.34633691160154,-12.5152516675568
144046,0.0171071,34.2776333782822,-7.81685972213745,-24.5577182769775,-7.86465263366699,19.0201873779297,1.09047329425812,5.32189083099365,0.592507183551788,23.7863501359218,-8.46099384285541,-11.901109583398
144050,0.0166677,34.2943010777235,-7.81685972213745,-24.5577182769775,-7.86465263366699,19.0201873779297,1.09047329425812,5.32189083099365,0.592507183551788,23.7863501359218,-8.46099384285541,-11.901109583398
144052,0.0166691,34.310970177874,-7.81685972213745,-24.5577182769775,-7.86465263366699,19.0201873779297,1.09047329425812,5.32189083099365,0.592507183551788,23.7863501359218,-8.46099384285541,-11.901109583398
144056,0.0166666,34.3276367783546,-8.18978404998779,-23.96262550354,-8.23757743835449,18.6472625732422,1.13808071613312,5.1122350692749,0.611733257770538,24.9694439363795,-9.05902999560471,-12.7203604773898
144058,0.0166662,34.3443029783666,-8.18978404998779,-23.96262550354,-8.23757743835449,18.6472625732422,1.13808071613312,5.1122350692749,0.611733257770538,24.9694439363795,-9.05902999560471,-12.7203604773898
144064,0.0166677,34.3609706778079,-7.9160418510437,-23.9110507965088,-7.93606376647949,18.2743377685547,1.13808071613312,4.9419469833374,0.618141949176788,25.0174817757599,-9.32291015868145,-12.7017834739028
144066,0.016667,34.3776376768947,-7.7652850151062,-23.788064956665,-7.83688163757324,17.8538055419922,1.11427700519562,4.8375768661499,0.605324566364288,24.5184365833435,-9.57307506444654,-12.7078487687071
144070,0.016666,34.3943036776036,-7.7652850151062,-23.788064956665,-7.83688163757324,17.8538055419922,1.11427700519562,4.8375768661499,0.605324566364288,24.5184365833435,-9.57307506444654,-12.7078487687071
144072,0.0166672,34.410970877856,-8.14217662811279,-23.6412754058838,-8.21377372741699,17.6554412841797,1.13167202472687,4.79820919036865,0.579689800739288,23.9593680564753,-9.88388088561318,-12.9537304213417
144076,0.0166667,34.4276375770569,-8.14217662811279,-23.6412754058838,-8.21377372741699,17.6554412841797,1.13167202472687,4.79820919036865,0.579689800739288,23.9593680564753,-9.88388088561318,-12.9537304213417
144080,0.0166668,34.4443043768406,-7.81685972213745,-23.8396396636963,-7.91226005554199,17.3063201904297,1.11427700519562,4.66637325286865,0.540322124958038,23.3413839567776,-9.80379100010265,-12.947186061555
144086,0.0218644,34.4661687761545,-7.96761655807495,-23.8634433746338,-8.01144218444824,17.3063201904297,1.11977016925812,4.60777950286865,0.560463726520538,23.1850730112641,-9.93777574390416,-12.7036203934525
144088,0.0224234,34.4885921757668,-7.99142026901245,-23.74045753479,-8.06301689147949,16.9849700927734,1.12617886066437,4.49608516693115,0.553139507770538,22.3962265811102,-10.1185460970722,-12.2754438332048
144092,0.0167055,34.5052976757288,-7.5669207572937,-23.6650791168213,-7.61074638366699,16.8104095458984,1.06026089191437,4.4182653427124,0.444191753864288,22.0958728981892,-10.1004273036117,-12.7211005935686
144096,0.0166676,34.5219652764499,-7.5669207572937,-23.6650791168213,-7.61074638366699,16.8104095458984,1.06026089191437,4.4182653427124,0.444191753864288,22.0958728981892,-10.1004273036117,-12.7211005935686
144098,0.0166654,34.5386306755245,-7.68990659713745,-23.3675327301025,-7.76150321960449,16.3144989013672,1.09047329425812,4.34593868255615,0.489052593708038,21.7416966525932,-9.79314537926856,-13.3342083469463
144102,0.0166668,34.5552974753082,-7.8922381401062,-23.51828956604,-7.93606376647949,16.3621063232422,1.07857143878937,4.37889766693115,0.450600445270538,21.5919563158135,-9.68812094143559,-13.927466986474
144104,0.016667,34.5719644743949,-7.8922381401062,-23.51828956604,-7.93606376647949,16.3621063232422,1.07857143878937,4.37889766693115,0.450600445270538,21.5919563158135,-9.68812094143559,-13.927466986474
144108,0.0166681,34.5886325743049,-6.6147723197937,-24.1609897613525,-6.35708427429199,16.6120452880859,0.822223782539368,4.34593868255615,0.23178942501545,19.5114372382494,-8.28916968633987,-12.6620472300521
144112,0.016669,34.6053015738726,-6.19027280807495,-24.0380039215088,-5.95638847351074,16.7866058349609,0.732502102851868,4.45030879974365,0.2125633507967,19.1225747608256,-7.94481007199949,-12.1972234680429
144116,0.0166655,34.62196707353,-6.19027280807495,-24.0380039215088,-5.95638847351074,16.7866058349609,0.732502102851868,4.45030879974365,0.2125633507967,19.1225747608256,-7.94481007199949,-12.1972234680429
144118,0.0166663,34.6386333741248,-3.84163999557495,-25.8431186676025,-3.57601714134216,17.7784271240234,0.219806775450706,4.4768590927124,0.0322044640779495,16.6598280254826,-5.6043579590977,-6.87669290868708
144122,0.0166684,34.6553017739207,-3.41317319869995,-25.4463901519775,-3.02456450462341,17.4332733154297,0.165790662169456,4.45763301849365,0.0587547570466995,15.8775885197942,-5.42008328904137,-5.49408264850401
144128,0.0194744,34.6747761741281,-3.3139910697937,-25.9661045074463,-3.05233550071716,18.1513519287109,0.0705758258700371,4.45763301849365,0.0587547570466995,15.2400006393232,-5.18970303708507,-4.6011075420407
144130,0.0179252,34.6927013732493,-3.6155047416687,-24.6529331207275,-3.62759184837341,16.3621063232422,0.153888806700706,4.0117712020874,-0.0126563757658005,14.706384854146,-7.15527969591081,-5.07434911625024
144132,0.0166682,34.7093695737422,-3.6155047416687,-24.6529331207275,-3.62759184837341,16.3621063232422,0.153888806700706,4.0117712020874,-0.0126563757658005,14.706384854146,-7.15527969591081,-5.07434911625024
144136,0.0166672,34.7260367739946,-3.06405210494995,-25.1012363433838,-2.87380766868591,16.0883636474609,0.106281392276287,3.69042134284973,-0.0126563757658005,13.3168693366948,-5.11635963464618,-4.60556121791354
144138,0.0166682,34.7427049744874,-3.06405210494995,-25.1012363433838,-2.87380766868591,16.0883636474609,0.106281392276287,3.69042134284973,-0.0126563757658005,13.3168693366948,-5.11635963464618,-4.60556121791354
144142,0.0166659,34.7593708746135,-3.06405210494995,-25.1012363433838,-2.87380766868591,16.0883636474609,0.106281392276287,3.69042134284973,-0.0126563757658005,13.3168693366948,-5.11635963464618,-4.60556121791354
144146,0.0166671,34.7760379742831,-1.3382830619812,-24.0856113433838,-0.418058216571808,12.7875814437866,-0.328594088554382,2.13860249519348,-0.2122413367033,8.65628368827849,-3.76066443902282,-2.21711605430913
144150,0.0166666,34.7927045747638,-1.7905535697937,-24.6053256988525,-1.44558501243591,13.2834920883179,-0.250774264335632,2.81334614753723,-0.263510882854462,6.08256946697717,-3.41788291644095,-0.465750066727243
144152,0.0166669,34.8093714751303,-1.7905535697937,-24.6053256988525,-1.44558501243591,13.2834920883179,-0.250774264335632,2.81334614753723,-0.263510882854462,6.08256946697717,-3.41788291644095,-0.465750066727243
144156,0.0166669,34.8260383754969,-0.687648236751556,-26.1882724761963,-0.342679798603058,14.5768270492554,-0.400005221366882,3.03581929206848,-0.16005627810955,6.81780861350787,-2.40353337073188,0.347532997520585
144158,0.0166669,34.8427052758634,-0.687648236751556,-26.1882724761963,-0.342679798603058,14.5768270492554,-0.400005221366882,3.03581929206848,-0.16005627810955,6.81780861350787,-2.40353337073188,0.347532997520585
144162,0.0166673,34.8593725766987,-0.687648236751556,-26.1882724761963,-0.342679798603058,14.5768270492554,-0.400005221366882,3.03581929206848,-0.16005627810955,6.81780861350787,-2.40353337073188,0.347532997520585
144170,0.0220623,34.8814348764718,-0.540858685970306,-25.7915439605713,-0.219693958759308,14.8227987289429,-0.358806490898132,2.87834858894348,-0.1280128210783,6.95357431853025,-1.4108315541577,-0.195059437843943
144172,0.0193148,34.9007496759295,-0.540858685970306,-25.7915439605713,-0.219693958759308,14.8227987289429,-0.358806490898132,2.87834858894348,-0.1280128210783,6.95357431853025,-1.4108315541577,-0.195059437843943
144174,0.0166708,34.917420476675,-0.814601361751556,-26.0137119293213,-0.267301380634308,14.4260702133179,-0.519023776054382,2.70165181159973,-0.1994239538908,6.23821601526222,-0.802563176158307,0.0893483896196017
144176,0.0166666,34.9340870771557,-0.739222943782806,-25.7915439605713,-0.394254505634308,14.0293416976929,-0.459514498710632,2.72087788581848,-0.1664649695158,4.68768720993549,-1.13544441300611,1.21854139313792
144182,0.0166672,34.9507542774081,-0.739222943782806,-25.7915439605713,-0.394254505634308,14.0293416976929,-0.459514498710632,2.72087788581848,-0.1664649695158,4.68768720993549,-1.13544441300611,1.21854139313792
144184,0.0178069,34.9685611780733,-0.838405072689056,-26.0137119293213,-0.418058216571808,14.1285238265991,-0.483318209648132,2.79961323738098,-0.18569104373455,4.38434390270471,-1.37024470569619,2.02636151022781
144188,0.0166671,34.9852282777429,-1.04073667526245,-26.041482925415,-0.695768177509308,14.6482381820679,-0.418315768241882,2.74742817878723,-0.1994239538908,4.32945335798697,-1.480916291225,2.23709956211278
144190,0.0166664,35.0018946770579,-1.08834409713745,-25.8907260894775,-0.846525013446808,14.6244344711304,-0.465923190116882,2.76024556159973,-0.2250587195158,4.33318048380466,-1.40395851589708,2.24667636167408
144194,0.016667,35.0185616761446,-1.08834409713745,-25.692361831665,-0.747342884540558,13.7555990219116,-0.435710787773132,2.32811665534973,-0.23146741092205,4.28477903556119,-0.744316090022841,2.03021975766612
144198,0.0166671,35.0352287758142,-1.08834409713745,-25.692361831665,-0.747342884540558,13.7555990219116,-0.435710787773132,2.32811665534973,-0.23146741092205,4.28477903556119,-0.744316090022841,2.03021975766612
144202,0.0166677,35.0518964752555,-1.3382830619812,-25.1726474761963,-0.921903431415558,13.2081136703491,-0.430217623710632,2.10564351081848,-0.21865002810955,2.31158802853006,-1.12797363429687,2.6114995808971
144204,0.0166665,35.0685629751533,-1.3382830619812,-25.1726474761963,-0.921903431415558,13.2081136703491,-0.430217623710632,2.10564351081848,-0.21865002810955,2.31158802853006,-1.12797363429687,2.6114995808971
144210,0.0199583,35.0885212756693,-1.21529722213745,-25.4463901519775,-0.644193470478058,13.1089315414429,-0.507121920585632,2.07909321784973,-0.2378761023283,2.2168289340255,-1.50720227630516,2.62236235034581
144212,0.016667,35.1051882747561,-1.6636004447937,-25.248025894165,-1.19564604759216,13.2834920883179,-0.328594088554382,2.11846089363098,-0.1994239538908,2.23342925014653,-2.07255179537562,2.75859249533512
144216,0.016668,35.1218562740833,-2.04049253463745,-25.4939975738525,-1.57253813743591,13.0613241195679,-0.382610201835632,2.10564351081848,-0.2250587195158,2.25435009572141,-2.24032187375429,2.59924311855597
144218,0.016667,35.13852327317,-2.04049253463745,-25.4939975738525,-1.57253813743591,13.0613241195679,-0.382610201835632,2.10564351081848,-0.2250587195158,2.25435009572141,-2.24032187375429,2.59924311855597
144222,0.016667,35.1551902722567,-2.1396746635437,-25.5455722808838,-1.72329497337341,13.4818563461304,-0.376201510429382,2.06627583503723,-0.263510882854462,1.06184578370672,-2.33097529363971,3.97378455706477
144224,0.0166672,35.1718574725091,-2.1396746635437,-25.5455722808838,-1.72329497337341,13.4818563461304,-0.376201510429382,2.06627583503723,-0.263510882854462,1.06184578370672,-2.33097529363971,3.97378455706477
144228,0.0166684,35.188525872305,-2.19124937057495,-25.3234043121338,-1.72329497337341,13.4342489242554,-0.423808932304382,2.05345845222473,-0.295554339885712,0.963611046524881,-2.27039511778322,3.96621022451832
144232,0.0166678,35.2051936723292,-3.2901873588562,-25.9899082183838,-2.77462553977966,14.3268880844116,-0.226970568299294,2.13860249519348,-0.276328265666962,1.73626274847586,-2.66593703102309,2.86403188871918
144236,0.0166666,35.2218602728099,-2.0127215385437,-25.6685581207275,-1.22341704368591,13.2081136703491,-0.406413912773132,2.04613423347473,-0.289145648479462,1.61029650082369,-2.42058313921573,2.49808888437406
144238,0.0166661,35.238526372239,-2.0127215385437,-25.6685581207275,-1.22341704368591,13.2081136703491,-0.406413912773132,2.04613423347473,-0.289145648479462,1.61029650082369,-2.42058313921573,2.49808888437406
144242,0.0166664,35.255192771554,-3.71468687057495,-26.1882724761963,-3.25069975852966,14.0055379867554,-0.376201510429382,2.39403462409973,-0.391684710979462,1.0196996471947,-1.70347710613034,2.95786516377443
144244,0.0166669,35.2718596719205,-3.71468687057495,-26.1882724761963,-3.25069975852966,14.0055379867554,-0.376201510429382,2.39403462409973,-0.391684710979462,1.0196996471947,-1.70347710613034,2.95786516377443
144250,0.0204597,35.2923193722963,-5.1389422416687,-25.4939975738525,-4.80587577819824,14.6482381820679,-0.0786551311612129,2.47185444831848,-0.443869769573212,1.11396340241391,-1.87805961484616,4.06141029074888
144252,0.0169698,35.3092891722918,-5.1389422416687,-25.4939975738525,-4.80587577819824,14.6482381820679,-0.0786551311612129,2.47185444831848,-0.443869769573212,1.11396340241391,-1.87805961484616,4.06141029074888
144256,0.0166682,35.3259573727846,-5.1389422416687,-25.4939975738525,-4.80587577819824,14.6482381820679,-0.0786551311612129,2.47185444831848,-0.443869769573212,1.11396340241391,-1.87805961484616,4.06141029074888
144258,0.0166674,35.3426247723401,2.03787660598755,-25.9899082183838,2.86288666725159,14.1047201156616,-0.304790377616882,1.65337288379669,-0.16005627810955,2.2962557523091,-3.22280484021421,1.14073518576462
144262,0.0166667,35.3592914715409,2.03787660598755,-25.9899082183838,2.86288666725159,14.1047201156616,-0.304790377616882,1.65337288379669,-0.16005627810955,2.2962557523091,-3.22280484021421,1.14073518576462
144266,0.0166681,35.3759595714509,3.2875714302063,-24.85129737854,3.91421723365784,13.8785848617554,-0.530925631523132,1.55541145801544,-0.2250587195158,1.38976389620585,-4.00107776800832,4.73234127940433
144268,0.0166659,35.392625471577,-0.290919721126556,-23.5420932769775,0.407137095928192,13.2358846664429,-0.829387545585632,2.00035786628723,-0.514365375041962,1.38928824508923,-0.837507134073159,2.41367648513063
144272,0.016667,35.4092924706638,2.3116192817688,-23.788064956665,2.98983979225159,13.2358846664429,-0.912700533866882,1.86943733692169,-0.366049945354462,1.64970254588814,-2.05101100763279,2.37145806467649
144276,0.0166668,35.4259592704475,-0.965358197689056,-23.5897006988525,-0.394254505634308,15.6678304672241,0.172199353575706,1.98113167285919,-0.16005627810955,0.361219276677474,-3.86438490865376,5.47743888207558
144278,0.0166671,35.4426263701171,-0.965358197689056,-23.5897006988525,-0.394254505634308,15.6678304672241,0.172199353575706,1.98113167285919,-0.16005627810955,0.361219276677474,-3.86438490865376,5.47743888207558
144282,0.0166668,35.4592931699008,-2.7903094291687,-21.4156284332275,-2.10018706321716,13.2596883773804,-0.519023776054382,2.03972554206848,-0.488730609416962,1.44006224780377,0.858785059650403,1.14895178368565
144286,0.0166674,35.4759605694562,-2.7903094291687,-21.4156284332275,-2.10018706321716,13.2596883773804,-0.519023776054382,2.03972554206848,-0.488730609416962,1.44006224780377,0.858785059650403,1.14895178368565
144290,0.0166667,35.4926272686571,4.06119203567505,-23.9864292144775,4.74337959289551,13.7555990219116,-0.423808932304382,1.60759651660919,-0.250693500041962,1.9684878648483,-3.05336362593527,1.86421788137909
144292,0.0166681,35.5092953685671,-6.2418475151062,-20.772928237915,-5.73422050476074,15.2195272445679,-0.0667532756924629,2.34093403816223,-0.410910785198212,0.0166093181787574,2.67929864300054,3.21791060939008
144296,0.0166662,35.5259615685791,-6.96786069869995,-20.201639175415,-6.21029472351074,14.8743734359741,0.0348702594637871,2.32811665534973,-0.385276019573212,0.0690900682653752,3.3752687700073,2.85733284800202
144298,0.016667,35.5426285676658,-6.96786069869995,-20.201639175415,-6.21029472351074,14.8743734359741,0.0348702594637871,2.32811665534973,-0.385276019573212,0.0690900682653752,3.3752687700073,2.85733284800202
144302,0.0166664,35.5592949669808,6.86209535598755,-21.2410678863525,7.59982490539551,15.8661947250366,-0.495220065116882,1.61400520801544,-0.18569104373455,-0.636834879533738,-6.61517945084076,5.6273813004179
144306,0.0166677,35.5759626664221,6.86209535598755,-21.2410678863525,7.59982490539551,15.8661947250366,-0.495220065116882,1.61400520801544,-0.18569104373455,-0.636834879533738,-6.61517945084076,5.6273813004179
144310,0.0166662,35.5926288664341,0.661228716373444,-20.1778354644775,1.30771088600159,16.5128631591797,0.136493787169456,1.94176399707794,-0.1408302038908,-1.02833778317424,-3.32821517975168,5.79126668302738
144312,0.0166673,35.6092961672693,-5.4404559135437,-18.8170566558838,-4.65511894226074,16.1161346435547,-0.292888522148132,2.38030171394348,-0.450278460979462,-0.26560419358883,2.63242935700346,3.57562498809215
144316,0.0166683,35.6259644664824,-5.4404559135437,-18.8170566558838,-4.65511894226074,16.1161346435547,-0.292888522148132,2.38030171394348,-0.450278460979462,-0.26560419358883,2.63242935700346,3.57562498809215
144318,0.0166668,35.6426312662661,1.1849102973938,-20.2770175933838,1.96231293678284,16.6596527099609,0.226215466856956,1.86302864551544,-0.0639259070158005,-0.539272497348004,-2.50588168615438,4.87774927189586
144322,0.0166669,35.6592981666327,-1.1399188041687,-20.3008213043213,-0.318876087665558,17.3578948974609,0.0705758258700371,2.11846089363098,-0.23146741092205,-0.465885495080675,0.47432608643863,4.30583771136819
144326,0.0166673,35.6759654674679,-1.1399188041687,-20.3008213043213,-0.318876087665558,17.3578948974609,0.0705758258700371,2.11846089363098,-0.23146741092205,-0.465885495080675,0.47432608643863,4.30583771136819
144330,0.0186691,35.6946345679462,6.5883526802063,-21.661600112915,7.42526435852051,14.6760091781616,-0.591350436210632,1.69274055957794,-0.2378761023283,0.559672409292456,-3.84946377592033,3.61959317982918
144332,0.0166679,35.7113024685532,6.5883526802063,-21.661600112915,7.42526435852051,14.6760091781616,-0.591350436210632,1.69274055957794,-0.2378761023283,0.559672409292456,-3.84946377592033,3.61959317982918
144336,0.0166671,35.7279695682228,4.86258363723755,-22.105936050415,5.71933174133301,16.8857879638672,-0.143657580018044,1.75865852832794,-0.0895606726408005,-0.464548021662853,-4.51396130772968,4.54108914617286
144338,0.0166669,35.7446364685893,-5.86495542526245,-19.3367710113525,-5.05581474304199,16.6120452880859,0.112690083682537,2.10564351081848,-0.353232562541962,-0.130572540923616,1.13624963132171,3.04724230639775
144344,0.0166669,35.7613033689559,-5.86495542526245,-19.3367710113525,-5.05581474304199,16.6120452880859,0.112690083682537,2.10564351081848,-0.353232562541962,-0.130572540923616,1.13624963132171,3.04724230639775
144346,0.0166671,35.7779704686254,5.03714418411255,-21.4156284332275,5.87008857727051,14.3784627914429,-0.411907076835632,1.62682259082794,-0.295554339885712,1.28268126256751,-3.57042483131254,1.94823068334103
144350,0.0166665,35.7946369685233,4.4142804145813,-20.82053565979,5.12027168273926,14.0293416976929,-0.615154147148132,1.68633186817169,-0.372458636760712,1.87573828264483,-2.38278541341813,1.80144775522733
144352,0.0166676,35.8113045692444,4.4142804145813,-20.82053565979,5.12027168273926,14.0293416976929,-0.615154147148132,1.68633186817169,-0.372458636760712,1.87573828264483,-2.38278541341813,1.80144775522733
144356,0.0166662,35.8279707692564,-5.69039487838745,-20.6221714019775,-5.07961845397949,16.5128631591797,-0.155559435486794,2.29515767097473,-0.430136859416962,0.523074116506271,1.6168627344943,2.60180321549304
144358,0.0166675,35.8446382693946,-5.69039487838745,-20.6221714019775,-5.07961845397949,16.5128631591797,-0.155559435486794,2.29515767097473,-0.430136859416962,0.523074116506271,1.6168627344943,2.60180321549304
144364,0.0166663,35.8613045699894,6.81448793411255,-21.9353427886963,7.42526435852051,14.6760091781616,-0.430217623710632,1.47026741504669,-0.308371722698212,1.08211382207566,-4.87157043585151,1.49114353092991
144366,0.0166673,35.8779718708247,6.81448793411255,-21.9353427886963,7.42526435852051,14.6760091781616,-0.430217623710632,1.47026741504669,-0.308371722698212,1.08211382207566,-4.87157043585151,1.49114353092991
144370,0.0166654,35.8946372698992,-0.739222943782806,-21.439432144165,-0.144315540790558,16.1399383544922,-0.299297213554382,1.93535530567169,-0.391684710979462,0.335837215857499,-1.56437243222458,1.75410523241401
144374,0.0166667,35.9113039691001,1.4626202583313,-22.0067539215088,2.08529877662659,14.6998128890991,-0.238872423768044,1.74492561817169,-0.308371722698212,1.41328405964374,-1.33943689843513,1.51034174484677
144376,0.0166678,35.9279717691243,1.4626202583313,-22.0067539215088,2.08529877662659,14.6998128890991,-0.238872423768044,1.74492561817169,-0.308371722698212,1.41328405964374,-1.33943689843513,1.51034174484677
144378,0.0166672,35.9446389693767,2.86307191848755,-23.1453647613525,3.43814301490784,14.7236166000366,-0.0127371642738581,1.58837044239044,-0.16005627810955,1.38435404804465,-2.55650093893853,1.94001542465508
144384,0.0166664,35.9613053686917,-2.3142352104187,-21.4156284332275,-1.92165923118591,15.2711019515991,-0.185771837830544,1.80443489551544,-0.423728168010712,1.13792020376689,-0.0450627147476423,0.62179040208888
144386,0.0166672,35.9779725689441,-2.3142352104187,-21.4156284332275,-1.92165923118591,15.2711019515991,-0.185771837830544,1.80443489551544,-0.423728168010712,1.13792020376689,-0.0450627147476423,0.62179040208888
144390,0.0170519,35.9950244687498,0.661228716373444,-24.0856113433838,0.760225474834442,16.0169525146484,-0.250774264335632,2.03972554206848,-0.321189105510712,0.85809933687936,-1.32092106824032,3.2228410963477
144392,0.0166666,36.0116910692304,0.661228716373444,-24.0856113433838,0.760225474834442,16.0169525146484,-0.250774264335632,2.03972554206848,-0.321189105510712,0.85809933687936,-1.32092106824032,3.2228410963477
144396,0.016667,36.0283580683172,-0.564662396907806,-22.7764072418213,-0.445829212665558,14.9735555648804,-0.0667532756924629,1.78429329395294,-0.327597796916962,1.36575313480603,-1.846515619067,0.0303233875282994
144400,0.0166677,36.0450257677585,-0.564662396907806,-22.7764072418213,-0.445829212665558,14.9735555648804,-0.0667532756924629,1.78429329395294,-0.327597796916962,1.36575313480603,-1.846515619067,0.0303233875282994
144404,0.0166658,36.0616915673018,0.312107622623444,-23.3675327301025,0.280183970928192,15.9415731430054,-0.00083530880510807,2.00035786628723,-0.340415179729462,0.938392625416586,-1.89976802938198,2.64570505664881
144406,0.016671,36.0783625673503,0.312107622623444,-23.3675327301025,0.280183970928192,15.9415731430054,-0.00083530880510807,2.00035786628723,-0.340415179729462,0.938392625416586,-1.89976802938198,2.64570505664881
144410,0.0166643,36.0950268674642,0.312107622623444,-23.3675327301025,0.280183970928192,15.9415731430054,-0.00083530880510807,2.00035786628723,-0.340415179729462,0.938392625416586,-1.89976802938198,2.64570505664881
144416,0.02115,36.1161768678576,-0.140162885189056,-25.819314956665,-0.195890247821808,16.1637420654297,0.00557338260114193,2.06627583503723,-0.327597796916962,1.77318168453646,-1.77362471663437,0.41499358231626
144418,0.0196573,36.1358341686428,-0.140162885189056,-25.819314956665,-0.195890247821808,16.1637420654297,0.00557338260114193,2.06627583503723,-0.327597796916962,1.77318168453646,-1.77362471663437,0.41499358231626
144422,0.0166686,36.1525027677417,-0.263148725032806,-25.5217685699463,-0.168119251728058,15.5448446273804,0.0467721149325371,1.98754036426544,-0.398093402385712,2.66866623438499,-1.77683213624456,-1.20809753161158
144424,0.0166665,36.1691692676395,-0.263148725032806,-25.5217685699463,-0.168119251728058,15.5448446273804,0.0467721149325371,1.98754036426544,-0.398093402385712,2.66866623438499,-1.77683213624456,-1.20809753161158
144428,0.016667,36.1858362667263,-0.187770307064056,-27.4498691558838,-0.243497669696808,15.8185873031616,0.0943795368075371,2.08550190925598,-0.398093402385712,2.06818844272219,-1.77792974627983,1.07030440040505
144430,0.0166662,36.2025024667382,0.0859723687171936,-25.7201328277588,-0.0451334044337273,15.2949056625366,0.279316067695618,2.00676655769348,-0.308371722698212,2.5410895827086,-2.15729970059401,-0.481706451968016
144436,0.0166672,36.2191696669906,0.0859723687171936,-25.7201328277588,-0.0451334044337273,15.2949056625366,0.279316067695618,2.00676655769348,-0.308371722698212,2.5410895827086,-2.15729970059401,-0.481706451968016
144438,0.0166672,36.2358368672431,0.0859723687171936,-25.7201328277588,-0.0451334044337273,15.2949056625366,0.279316067695618,2.00676655769348,-0.308371722698212,2.5410895827086,-2.15729970059401,-0.481706451968016
144442,0.0166667,36.2525035664439,0.185154497623444,-27.723611831665,0.0580160096287727,15.8185873031616,0.374530911445618,2.11205220222473,-0.327597796916962,1.98788326677436,-1.47175021301418,1.43309086120111
144444,0.0166666,36.2691701669246,0.185154497623444,-27.723611831665,0.0580160096287727,15.8185873031616,0.374530911445618,2.11205220222473,-0.327597796916962,1.98788326677436,-1.47175021301418,1.43309086120111
144448,0.0166674,36.28583756648,-0.239345014095306,-26.485818862915,-0.493436634540558,15.4694662094116,0.410236477851868,2.02690815925598,-0.327597796916962,2.334664918474,-1.63687426697386,0.0300585954463857
144452,0.0166668,36.3025043662637,-0.0885881781578064,-27.3506870269775,-0.219693958759308,15.2195272445679,0.445942044258118,1.98754036426544,-0.334006488323212,3.05492685965875,-1.53665773294172,-1.56589774794663
144456,0.0186084,36.3211127668619,-0.0885881781578064,-27.3506870269775,-0.219693958759308,15.2195272445679,0.445942044258118,1.98754036426544,-0.334006488323212,3.05492685965875,-1.53665773294172,-1.56589774794663
144458,0.0206354,36.3417481668293,-0.437709271907806,-28.1441440582275,-0.719571888446808,15.1203451156616,0.625385403633118,2.03972554206848,-0.353232562541962,2.98102433541169,-1.67580201234246,-0.349857595323173
144462,0.0166677,36.3584158662707,-0.437709271907806,-27.99338722229,-0.568815052509308,14.9219808578491,0.732502102851868,2.01409077644348,-0.359641253948212,2.90485088677832,-1.76596495776756,-0.376851286679416
144464,0.016667,36.3750828653574,-0.437709271907806,-27.99338722229,-0.568815052509308,14.9219808578491,0.732502102851868,2.01409077644348,-0.359641253948212,2.90485088677832,-1.76596495776756,-0.376851286679416
144470,0.0166668,36.3917496651411,-0.838405072689056,-28.2393589019775,-1.04488921165466,14.9497518539429,0.815815091133118,1.88225471973419,-0.308371722698212,3.05642509992919,-1.56496468633174,-2.06005132516069
144472,0.0166673,36.4084169659764,-0.889979779720306,-28.167947769165,-1.22341704368591,14.9735555648804,0.732502102851868,1.94176399707794,-0.372458636760712,3.08419234444336,-1.30576383601187,-1.98624125716031
144476,0.0166663,36.4250832665712,-0.437709271907806,-28.5884799957275,-0.418058216571808,14.5252523422241,0.869831204414368,1.79711067676544,-0.327597796916962,3.38832087655083,-1.82583789078191,-1.95709057229137
144478,0.0166673,36.4417505674064,-0.965358197689056,-28.78684425354,-1.17184233665466,15.0489339828491,0.846027493476868,1.94817268848419,-0.346823871135712,3.82513091043019,-1.43184645837127,-1.79906984907318
144482,0.016667,36.4584175664932,-0.965358197689056,-28.78684425354,-1.17184233665466,15.0489339828491,0.846027493476868,1.94817268848419,-0.346823871135712,3.82513091043019,-1.43184645837127,-1.79906984907318
144484,0.0166668,36.4750843662769,-1.21529722213745,-28.9336338043213,-1.34640288352966,15.3464803695679,0.899128079414368,1.94176399707794,-0.321189105510712,3.76938538302471,-1.44519705106237,-1.61924137417535
144490,0.0166677,36.4917520657182,-1.4890398979187,-28.4139194488525,-1.62411284446716,15.1481161117554,0.917438626289368,1.86943733692169,-0.321189105510712,4.00264484491371,-1.39759058957459,-1.81713265846216
144492,0.0166666,36.5084186661989,-1.4890398979187,-28.4139194488525,-1.62411284446716,15.1481161117554,0.917438626289368,1.86943733692169,-0.321189105510712,4.00264484491371,-1.39759058957459,-1.81713265846216
144498,0.0207263,36.5291449669749,-1.21529722213745,-28.4139194488525,-1.34640288352966,15.3702840805054,0.958637356758118,1.85021126270294,-0.308371722698212,3.656392840532,-1.61386853612638,-1.64539004500616
144500,0.0166671,36.5458120666444,-1.21529722213745,-28.4139194488525,-1.34640288352966,15.3702840805054,0.958637356758118,1.85021126270294,-0.308371722698212,3.656392840532,-1.61386853612638,-1.64539004500616
144504,0.0166677,36.5624797660857,-0.965358197689056,-28.2909336090088,-1.04488921165466,15.4456624984741,0.905536770820618,1.87584602832794,-0.321189105510712,3.49941464272514,-1.59761779234907,-1.00910115560341
144506,0.0166697,36.5791494660079,-0.640040814876556,-28.7114658355713,-0.747342884540558,15.5686483383179,0.911029934883118,1.91521370410919,-0.301963031291962,3.25821724704585,-1.47717116739651,-0.720399475791652
144510,0.0166666,36.5958160664886,-0.640040814876556,-28.7114658355713,-0.747342884540558,15.5686483383179,0.911029934883118,1.91521370410919,-0.301963031291962,3.25821724704585,-1.47717116739651,-0.720399475791652
144512,0.0166667,36.6124827656895,-0.739222943782806,-28.6360874176025,-0.794950306415558,15.4932699203491,0.929340481758118,1.90239632129669,-0.327597796916962,3.23628269522015,-1.4788458936038,-0.726043226097684
144516,0.0166667,36.6291494648904,-0.465480268001556,-28.6360874176025,-0.418058216571808,15.1957235336304,0.851520657539368,1.86943733692169,-0.340415179729462,2.73518911965294,-1.53627247755993,-0.0944371781561832
144520,0.0166674,36.6458168644458,-0.465480268001556,-28.6360874176025,-0.418058216571808,15.1957235336304,0.851520657539368,1.86943733692169,-0.340415179729462,2.73518911965294,-1.53627247755993,-0.0944371781561832
144524,0.0166662,36.6624830644578,-0.187770307064056,-28.78684425354,-0.267301380634308,15.3940877914429,0.803913235664368,1.91521370410919,-0.353232562541962,2.78957305329551,-1.16853911107463,0.0185434770977844
144526,0.0166669,36.6791499648243,-0.187770307064056,-28.78684425354,-0.267301380634308,15.3940877914429,0.803913235664368,1.91521370410919,-0.353232562541962,2.78957305329551,-1.16853911107463,0.0185434770977844
144530,0.0166669,36.6958168651909,0.359715044498444,-28.7590732574463,0.280183970928192,15.3187093734741,0.839618802070618,1.83647835254669,-0.359641253948212,2.80040640740071,-1.2204802705655,-0.659781849519025
144532,0.0166676,36.712484465912,0.462864458560944,-28.9336338043213,0.331758677959442,15.3464803695679,0.798420071601868,1.92162239551544,-0.366049945354462,2.96719866297839,-1.15066353543362,-1.19093404018539
144540,0.0210674,36.7335518654436,0.661228716373444,-29.3065586090088,0.482515513896942,15.8423910140991,0.774616360664368,2.03972554206848,-0.378867328166962,2.01183535867957,-1.08869357491807,0.395281974907248
144542,0.0178544,36.7514062654227,1.53799867630005,-29.1081943511963,1.33548188209534,15.9891805648804,0.714191555976868,1.96831429004669,-0.314780414104462,1.87277358739018,-0.937303126132809,0.840423429572848
144544,0.016668,36.7680742647499,1.53799867630005,-29.1081943511963,1.33548188209534,15.9891805648804,0.714191555976868,1.96831429004669,-0.314780414104462,1.87277358739018,-0.937303126132809,0.840423429572848
144546,0.0166676,36.784741865471,1.53799867630005,-29.1081943511963,1.33548188209534,15.9891805648804,0.714191555976868,1.96831429004669,-0.314780414104462,1.87277358739018,-0.937303126132809,0.840423429572848
144550,0.0166664,36.801408264786,3.33914613723755,-29.0328159332275,3.01364350318909,15.1957235336304,0.630878567695618,1.89598762989044,-0.00624768435955048,1.95830456630454,-0.626736778590445,-1.04917268326479
144556,0.0166667,36.8180749639869,3.33914613723755,-29.0328159332275,3.01364350318909,15.1957235336304,0.630878567695618,1.89598762989044,-0.00624768435955048,1.95830456630454,-0.626736778590445,-1.04917268326479
144558,0.0166667,36.8347416631877,3.33914613723755,-29.0328159332275,3.01364350318909,15.1957235336304,0.630878567695618,1.89598762989044,-0.00624768435955048,1.95830456630454,-0.626736778590445,-1.04917268326479
144562,0.0166674,36.8514090627432,3.6604962348938,-27.3506870269775,3.51352143287659,15.5924520492554,0.666584134101868,1.86302864551544,0.251015484333038,1.38515468717948,1.87194234553701,0.0722605580692388
144564,0.0166665,36.868075562641,3.6604962348938,-27.3506870269775,3.51352143287659,15.5924520492554,0.666584134101868,1.86302864551544,0.251015484333038,1.38515468717948,1.87194234553701,0.0722605580692388
144568,0.0166673,36.8847428634763,3.6604962348938,-27.3506870269775,3.51352143287659,15.5924520492554,0.666584134101868,1.86302864551544,0.251015484333038,1.38515468717948,1.87194234553701,0.0722605580692388
144570,0.0166667,36.9014095626771,3.2875714302063,-26.3628330230713,3.46591401100159,14.6760091781616,0.786518216133118,1.64055550098419,0.309609234333038,0.202306505299825,0.390102837320854,1.86503955311066
144576,0.0166668,36.9180763624609,2.2878155708313,-25.5931797027588,2.43838715553284,14.6006307601929,0.727008938789368,1.71196663379669,0.309609234333038,0.458883360374806,0.289866579368064,0.710435033603447
144578,0.0181161,36.9361924622208,2.2878155708313,-25.5931797027588,2.43838715553284,14.6006307601929,0.727008938789368,1.71196663379669,0.309609234333038,0.458883360374806,0.289866579368064,0.710435033603447
144582,0.0166675,36.9528599623591,1.10953187942505,-24.1609897613525,1.56161713600159,14.1047201156616,0.976947903633118,1.42449104785919,0.328835308551788,-0.462516470146762,0.961151941982925,2.90224169597419
144584,0.0166669,36.9695268627256,1.10953187942505,-24.1609897613525,1.56161713600159,14.1047201156616,0.976947903633118,1.42449104785919,0.328835308551788,-0.462516470146762,0.961151941982925,2.90224169597419
144588,0.0166682,36.9861950632185,0.161350786685944,-23.7642612457275,0.760225474834442,15.5686483383179,1.09047329425812,1.71929085254669,0.380104839801788,-0.989864909372172,0.538952694139007,2.62408421493729
144590,0.0166658,37.0028608627617,0.161350786685944,-23.7642612457275,0.760225474834442,15.5686483383179,1.09047329425812,1.71929085254669,0.380104839801788,-0.989864909372172,0.538952694139007,2.62408421493729
144596,0.0166696,37.0195304621011,0.161350786685944,-23.7642612457275,0.760225474834442,15.5686483383179,1.09047329425812,1.71929085254669,0.380104839801788,-0.989864909372172,0.538952694139007,2.62408421493729
144598,0.0166646,37.0361950621009,1.9624981880188,-21.4156284332275,2.76370453834534,14.6760091781616,0.637287259101868,1.47026741504669,0.2125633507967,-0.315061857951981,0.487326773909005,1.2333598496144
144602,0.0166673,37.0528623629361,1.9624981880188,-21.4156284332275,2.76370453834534,14.6760091781616,0.637287259101868,1.47026741504669,0.2125633507967,-0.315061857951981,0.487326773909005,1.2333598496144
144604,0.0179712,37.0708335638046,-1.91353940963745,-21.5148105621338,-1.17184233665466,15.5210409164429,0.958637356758118,1.62041389942169,0.360878765583038,-0.169379420889873,2.20996332263911,0.869903963041864
144608,0.0166674,37.0875009633601,-0.112391889095306,-21.48703956604,0.784029185771942,16.3898773193359,0.970539212226868,1.65337288379669,0.24460680782795,-0.30922814409316,1.64681216901575,2.33199705809758
144610,0.0166663,37.1041672639549,-0.112391889095306,-21.48703956604,0.784029185771942,16.3898773193359,0.970539212226868,1.65337288379669,0.24460680782795,-0.30922814409316,1.64681216901575,2.33199705809758
144616,0.0166678,37.120835063979,-5.5912127494812,-22.1337070465088,-4.85348320007324,16.9333953857422,0.786518216133118,1.94817268848419,0.283058941364288,0.047726039709648,2.93200598977677,1.84326413049198
144620,0.0179505,37.1387855634093,-5.5912127494812,-22.1337070465088,-4.85348320007324,16.9333953857422,0.786518216133118,1.94817268848419,0.283058941364288,0.047726039709648,2.93200598977677,1.84326413049198
144622,0.0166686,37.1554541625082,2.73611879348755,-22.899393081665,3.61667084693909,16.8104095458984,1.18568813800812,1.43089973926544,0.450600445270538,0.781741367251811,-0.252508045590107,3.43481071952718
144624,0.0166661,37.1721202619374,2.73611879348755,-22.899393081665,3.61667084693909,16.8104095458984,1.18568813800812,1.43089973926544,0.450600445270538,0.781741367251811,-0.252508045590107,3.43481071952718
144628,0.0166678,37.1887880619615,2.73611879348755,-22.899393081665,3.61667084693909,16.8104095458984,1.18568813800812,1.43089973926544,0.450600445270538,0.781741367251811,-0.252508045590107,3.43481071952718
144632,0.0166677,37.2054557614028,3.68826723098755,-21.6854038238525,4.44186592102051,14.8227987289429,0.756305813789368,1.29357063770294,0.295876324176788,1.896194634209,0.646546023569194,-0.288359003784684
144636,0.0166661,37.222121860832,3.68826723098755,-21.6854038238525,4.44186592102051,14.8227987289429,0.756305813789368,1.29357063770294,0.295876324176788,1.896194634209,0.646546023569194,-0.288359003784684
144638,0.016667,37.2387888599187,3.68826723098755,-21.6854038238525,4.44186592102051,14.8227987289429,0.756305813789368,1.29357063770294,0.295876324176788,1.896194634209,0.646546023569194,-0.288359003784684
144642,0.0166673,37.255456160754,-7.4399676322937,-22.0345249176025,-6.96011161804199,16.0883636474609,1.09047329425812,1.66619026660919,0.367287456989288,-1.08015940364147,4.32860506881015,2.26413168662082
144644,0.0166668,37.2721229605377,-7.4399676322937,-22.0345249176025,-6.96011161804199,16.0883636474609,1.09047329425812,1.66619026660919,0.367287456989288,-1.08015940364147,4.32860506881015,2.26413168662082
144648,0.0166671,37.2887900602072,1.56180238723755,-26.75559425354,2.51376557350159,17.8538055419922,0.970539212226868,1.85021126270294,0.309609234333038,0.275885368104275,0.573449652599343,3.36468543663793
144652,0.0166664,37.3054564595222,-2.69112730026245,-26.1406650543213,-1.99703764915466,15.6916341781616,1.29280483722687,1.59477913379669,0.469826519489288,1.05650803614034,1.34356407542368,1.8188308364337
144656,0.016667,37.322123458609,-2.69112730026245,-26.1406650543213,-1.99703764915466,15.6916341781616,1.29280483722687,1.59477913379669,0.469826519489288,1.05650803614034,1.34356407542368,1.8188308364337
144660,0.0207852,37.3429086580873,-0.612269818782806,-30.7903232574463,-0.144315540790558,16.1161346435547,1.35231411457062,1.75865852832794,0.598915874958038,1.76695762522994,1.13271177287887,-1.54560638804908
144662,0.0173596,37.3602682575583,-0.612269818782806,-30.7903232574463,-0.144315540790558,16.1161346435547,1.35231411457062,1.75865852832794,0.598915874958038,1.76695762522994,1.13271177287887,-1.54560638804908
144666,0.0166686,37.3769368566573,-0.612269818782806,-30.7903232574463,-0.144315540790558,16.1161346435547,1.35231411457062,1.75865852832794,0.598915874958038,1.76695762522994,1.13271177287887,-1.54560638804908
144668,0.0166665,37.3936033565551,-2.58797788619995,-32.2463188171387,-2.12399077415466,15.2711019515991,0.494464993476868,2.24938130378723,0.20615465939045,1.19642806720924,1.74194511959272,-1.63935247659969
144674,0.0166676,37.4102709572762,-2.58797788619995,-32.2463188171387,-2.12399077415466,15.2711019515991,0.494464993476868,2.24938130378723,0.20615465939045,1.19642806720924,1.74194511959272,-1.63935247659969
144676,0.0166662,37.4269371572882,-2.58797788619995,-32.2463188171387,-2.12399077415466,15.2711019515991,0.494464993476868,2.24938130378723,0.20615465939045,1.19642806720924,1.74194511959272,-1.63935247659969
144680,0.0166681,37.4436052571982,-4.01620054244995,-33.6070976257324,-3.92910552024841,15.1719198226929,0.326923489570618,2.34093403816223,0.15488512814045,0.752428547295871,3.19306827521809,-2.18402310171152
144682,0.0166654,37.4602706562728,-4.01620054244995,-33.6070976257324,-3.92910552024841,15.1719198226929,0.326923489570618,2.34093403816223,0.15488512814045,0.752428547295871,3.19306827521809,-2.18402310171152
144686,0.0166689,37.4769395571202,-0.0370134711265564,-32.8652153015137,0.383333384990692,15.3464803695679,1.07216274738312,1.82366096973419,0.495461285114288,1.27336715196256,1.95326888984358,-1.55347088593448
144688,0.0166674,37.4936069566756,-0.0370134711265564,-32.8652153015137,0.383333384990692,15.3464803695679,1.07216274738312,1.82366096973419,0.495461285114288,1.27336715196256,1.95326888984358,-1.55347088593448
144692,0.0166665,37.5102734565735,-0.0370134711265564,-32.8652153015137,0.383333384990692,15.3464803695679,1.07216274738312,1.82366096973419,0.495461285114288,1.27336715196256,1.95326888984358,-1.55347088593448
144696,0.0166701,37.5269435569644,-0.0370134711265564,-32.8652153015137,0.383333384990692,15.3464803695679,1.07216274738312,1.82366096973419,0.495461285114288,1.27336715196256,1.95326888984358,-1.55347088593448
144702,0.018087,37.5450305566192,-0.814601361751556,-33.2857475280762,-0.243497669696808,15.8185873031616,0.738910794258118,2.13860249519348,0.367287456989288,1.05379983818211,2.21332524780481,-1.52133335157567
144704,0.0208939,37.5659244563431,-0.814601361751556,-33.2857475280762,-0.243497669696808,15.8185873031616,0.738910794258118,2.13860249519348,0.367287456989288,1.05379983818211,2.21332524780481,-1.52133335157567
144706,0.0166683,37.5825927555561,-0.814601361751556,-33.2857475280762,-0.243497669696808,15.8185873031616,0.738910794258118,2.13860249519348,0.367287456989288,1.05379983818211,2.21332524780481,-1.52133335157567
144710,0.0166668,37.5992595553398,-0.763026654720306,-33.0635795593262,-0.493436634540558,16.2629241943359,0.893634915351868,2.13860249519348,0.380104839801788,0.980162986876865,1.57940692795589,-0.691023465946843
144714,0.0166675,37.6159270554781,-0.965358197689056,-32.9405937194824,-0.747342884540558,16.1915130615234,0.732502102851868,2.23656392097473,0.386513531208038,0.78721999963036,1.80405244726466,-0.665659133951624
144718,0.0166669,37.6325939558446,-0.965358197689056,-32.9405937194824,-0.747342884540558,16.1915130615234,0.732502102851868,2.23656392097473,0.386513531208038,0.78721999963036,1.80405244726466,-0.665659133951624
144720,0.0166666,37.6492605563253,-0.612269818782806,-32.0995292663574,0.00644130259752274,16.3898773193359,0.863422513008118,2.23015522956848,0.386513531208038,0.56373262900786,1.74433614595875,-0.611912999868855
144724,0.0166672,37.6659277565777,-0.612269818782806,-32.0995292663574,0.00644130259752274,16.3898773193359,0.863422513008118,2.23015522956848,0.386513531208038,0.56373262900786,1.74433614595875,-0.611912999868855
144726,0.0166668,37.6825945563614,-0.838405072689056,-31.9011631011963,-0.493436634540558,16.2391204833984,0.846027493476868,2.23656392097473,0.405739605426788,0.373406000950819,1.94358421053775,-0.641398179126831
144732,0.0166669,37.699261456728,-0.540858685970306,-31.35764503479,0.232576549053192,15.9177694320679,0.768207669258118,2.16423726081848,0.399330914020538,-0.170832663938416,1.44402475073406,-0.511142346922489
144734,0.0166671,37.7159285563976,-0.540858685970306,-31.35764503479,0.232576549053192,15.9177694320679,0.768207669258118,2.16423726081848,0.399330914020538,-0.170832663938416,1.44402475073406,-0.511142346922489
144738,0.0166667,37.7325952555984,-1.41366147994995,-31.1116733551025,-0.969510853290558,15.6916341781616,0.690387845039368,2.18437886238098,0.367287456989288,-0.191835092338128,1.47435080351366,-0.666984056050866
144742,0.018856,37.7514512557536,-0.739222943782806,-31.5044345855713,-0.0927408263087273,15.9177694320679,0.774616360664368,2.19078755378723,0.412148296833038,-0.480470280744038,1.1090648270395,-0.508210467595961
144744,0.0179697,37.7694209553301,-0.739222943782806,-31.5044345855713,-0.0927408263087273,15.9177694320679,0.774616360664368,2.19078755378723,0.412148296833038,-0.480470280744038,1.1090648270395,-0.508210467595961
144748,0.016668,37.7860889546573,-0.540858685970306,-31.8535556793213,0.208772838115692,15.8899984359741,0.834125638008118,2.20360493659973,0.367287456989288,-0.64406194293251,0.95035011876278,-0.287738752312434
144750,0.0166665,37.8027554545552,-0.540858685970306,-31.8535556793213,0.208772838115692,15.8899984359741,0.834125638008118,2.20360493659973,0.367287456989288,-0.64406194293251,0.95035011876278,-0.287738752312434
144754,0.0166679,37.8194233551621,-0.588466107845306,-31.7781772613525,0.157198131084442,15.8423910140991,0.810321927070618,2.21642231941223,0.412148296833038,-0.6361585433957,0.956506197715233,-0.308184536318325
144758,0.0166663,37.836089655757,-0.0885881781578064,-31.9527378082275,0.760225474834442,15.6678304672241,0.756305813789368,2.15782856941223,0.341652691364288,-0.689689474028107,1.03881687769541,-0.490527819581263
144760,0.0166672,37.8527568560094,-0.0885881781578064,-31.9527378082275,0.760225474834442,15.6678304672241,0.756305813789368,2.15782856941223,0.341652691364288,-0.689689474028107,1.03881687769541,-0.490527819581263
144764,0.0166664,37.8694232553244,-0.163966596126556,-32.1233329772949,0.633272349834442,15.7194051742554,0.780109524726868,2.19719624519348,0.341652691364288,-1.16835987118416,0.939283878522291,-0.63419445422898
144768,0.016667,37.8860902544111,-0.163966596126556,-32.1233329772949,0.633272349834442,15.7194051742554,0.780109524726868,2.19719624519348,0.341652691364288,-1.16835987118416,0.939283878522291,-0.63419445422898
144772,0.0166672,37.9027574546635,-0.163966596126556,-32.1233329772949,0.633272349834442,15.7194051742554,0.780109524726868,2.19719624519348,0.341652691364288,-1.16835987118416,0.939283878522291,-0.63419445422898
144774,0.0166666,37.9194240551442,0.0105939507484436,-31.3814487457275,0.831636607646942,15.1719198226929,0.738910794258118,2.15141987800598,0.373696148395538,-1.50585617767019,0.717199953786791,-0.4410776017272
144778,0.0166671,37.9360911548138,0.0105939507484436,-31.3814487457275,0.831636607646942,15.1719198226929,0.738910794258118,2.15141987800598,0.373696148395538,-1.50585617767019,0.717199953786791,-0.4410776017272
144784,0.0179695,37.9540606550872,0.109776079654694,-31.57981300354,0.760225474834442,15.1203451156616,0.768207669258118,2.15782856941223,0.360878765583038,-1.85804754895608,0.836883398570268,-0.073871813057997
144786,0.0184438,37.9725044555962,0.109776079654694,-31.57981300354,0.760225474834442,15.1203451156616,0.768207669258118,2.15782856941223,0.360878765583038,-1.85804754895608,0.836883398570268,-0.073871813057997
144788,0.0166686,37.9891730546951,0.109776079654694,-31.57981300354,0.760225474834442,15.1203451156616,0.768207669258118,2.15782856941223,0.360878765583038,-1.85804754895608,0.836883398570268,-0.073871813057997
144792,0.016666,38.0058390554041,0.312107622623444,-31.5044345855713,1.05777192115784,15.0489339828491,0.857929348945618,2.05986714363098,0.450600445270538,-2.10125457907233,0.826750756183892,-0.113916681770474
144794,0.0166682,38.0225072558969,0.312107622623444,-31.5044345855713,1.05777192115784,15.0489339828491,0.857929348945618,2.05986714363098,0.450600445270538,-2.10125457907233,0.826750756183892,-0.113916681770474
144798,0.0166663,38.0391735564917,0.312107622623444,-31.5044345855713,1.05777192115784,15.0489339828491,0.857929348945618,2.05986714363098,0.450600445270538,-2.10125457907233,0.826750756183892,-0.113916681770474
144802,0.0166673,38.055840857327,0.911167681217194,-31.2822666168213,1.56161713600159,14.8227987289429,0.750812649726868,2.03972554206848,0.412148296833038,-2.06929277624182,0.904739893740276,0.326985915506753
144804,0.0166663,38.0725071579218,0.661228716373444,-31.2108554840088,1.30771088600159,14.6998128890991,0.875324368476868,1.99394905567169,0.450600445270538,-2.09549664971065,0.890006846375685,0.337639562498619
144810,0.0166669,38.0891740582883,0.359715044498444,-30.960916519165,0.859407603740692,14.4260702133179,0.720600247383118,2.10564351081848,0.418556988239288,-1.93663874122586,1.2102656892849,0.088101664463996
144812,0.0166681,38.1058421581984,0.359715044498444,-30.960916519165,0.859407603740692,14.4260702133179,0.720600247383118,2.10564351081848,0.418556988239288,-1.93663874122586,1.2102656892849,0.088101664463996
144814,0.0166668,38.1225089579821,0.137547075748444,-30.9847202301025,0.784029185771942,14.9973592758179,0.822223782539368,2.17705464363098,0.405739605426788,-1.94063711689004,1.0328417053688,-0.131911915703002
144818,0.0166659,38.1391748581082,0.411289751529694,-30.5403842926025,1.20852875709534,14.6998128890991,0.803913235664368,2.02049946784973,0.405739605426788,-2.12389415767471,0.908514702819624,-0.0305687972818234
144822,0.0166709,38.1558457575738,0.411289751529694,-30.5403842926025,1.20852875709534,14.6998128890991,0.803913235664368,2.02049946784973,0.405739605426788,-2.12389415767471,0.908514702819624,-0.0305687972818234
144826,0.0166632,38.1725089568645,-0.239345014095306,-30.11985206604,0.407137095928192,14.3030843734741,0.822223782539368,2.03331685066223,0.399330914020538,-1.6433656203325,1.5653416700179,-0.329927616870976
144828,0.0166671,38.1891760565341,-0.239345014095306,-30.11985206604,0.407137095928192,14.3030843734741,0.822223782539368,2.03331685066223,0.399330914020538,-1.6433656203325,1.5653416700179,-0.329927616870976
144832,0.0166676,38.2058436572552,-0.0132097601890564,-30.1476230621338,0.684847056865692,15.0727376937866,0.792011380195618,2.08550190925598,0.405739605426788,-1.74169137856991,1.17257825665906,-0.555061902333721
144834,0.0166666,38.2225102577358,-0.0647844672203064,-29.9492588043213,0.458711802959442,15.2195272445679,0.834125638008118,2.24938130378723,0.405739605426788,-1.74645228571538,1.18913515636745,-0.782159697169769
144838,0.0166692,38.2391794584692,-0.0647844672203064,-29.9492588043213,0.458711802959442,15.2195272445679,0.834125638008118,2.24938130378723,0.405739605426788,-1.74645228571538,1.18913515636745,-0.782159697169769
144842,0.0166658,38.2558452580124,0.510471880435944,-29.6517124176025,1.05777192115784,14.6998128890991,0.881733059883118,2.11846089363098,0.380104839801788,-1.35376123979293,1.16008989218718,-0.554740916267982
144846,0.0166694,38.2725146580487,0.510471880435944,-29.6517124176025,1.05777192115784,14.6998128890991,0.881733059883118,2.11846089363098,0.380104839801788,-1.35376123979293,1.16008989218718,-0.554740916267982
144848,0.0166703,38.2891849577427,0.284336626529694,-29.6517124176025,0.934786021709442,14.7474203109741,0.846027493476868,2.22374653816223,0.373696148395538,-1.50104180452354,1.16266317581451,-1.21140474350926
144852,0.0166642,38.3058491572738,0.510471880435944,-29.1796054840088,1.10934662818909,14.3506917953491,0.887226223945618,2.09923481941223,0.418556988239288,-1.93935845516783,1.06440521674675,-0.784714430504739
144854,0.0166686,38.3225177563727,0.510471880435944,-29.1796054840088,1.10934662818909,14.3506917953491,0.887226223945618,2.09923481941223,0.418556988239288,-1.93935845516783,1.06440521674675,-0.784714430504739
144860,0.0166637,38.3391814567149,0.462864458560944,-30.0484409332275,1.08554291725159,14.3030843734741,0.893634915351868,2.19078755378723,0.405739605426788,-2.35978441019139,0.91761611375829,-0.776842366818605
144864,0.0167088,38.355890257284,0.962742388248444,-31.3814487457275,1.56161713600159,14.1761312484741,0.815815091133118,2.20360493659973,0.392922222614288,-1.93113266645643,0.727686598117987,-0.128803798189075
144866,0.0193089,38.3751991577446,0.934971392154694,-31.532205581665,1.60922455787659,14.5490560531616,0.846027493476868,2.17705464363098,0.405739605426788,-2.18295905394558,0.684061528743919,0.393310023065463
144868,0.016668,38.3918671570718,0.712803423404694,-30.3935947418213,1.30771088600159,13.7079916000366,0.851520657539368,2.15782856941223,0.348061382770538,-2.37209336884417,1.26267293906281,-1.33474170812097
144872,0.0166667,38.4085338562727,0.835789263248444,-30.8379306793213,1.43466401100159,13.7794027328491,0.881733059883118,2.16423726081848,0.373696148395538,-2.29175667972843,1.29013867195322,-1.53388061978083
144874,0.0166669,38.4252007566392,0.835789263248444,-30.8379306793213,1.43466401100159,13.7794027328491,0.881733059883118,2.16423726081848,0.373696148395538,-2.29175667972843,1.29013867195322,-1.53388061978083
144880,0.0166671,38.4418678563088,0.585850298404694,-32.8414115905762,1.23629975318909,15.1719198226929,0.827716946601868,2.78038716316223,0.316017925739288,-1.46781646380874,1.18610786889742,-1.68823278428857
144882,0.016667,38.4585348553956,0.411289751529694,-32.8652153015137,0.831636607646942,15.1203451156616,0.905536770820618,1.64055550098419,0.392922222614288,-1.23070579781928,1.2443398756371,-2.02104151082205
144886,0.0166673,38.4752021562308,0.359715044498444,-30.69114112854,1.35928559303284,12.5654134750366,0.756305813789368,2.13860249519348,0.302285015583038,-1.09293779935587,1.28494749806098,-3.6309486561513
144888,0.0166675,38.4918696563691,1.26028871536255,-26.5611972808838,2.73990082740784,10.5024251937866,0.727008938789368,1.26702034473419,0.380104839801788,-1.48221274057991,2.41384671911122,-7.81053959265398
144892,0.0166664,38.5085360556841,1.26028871536255,-26.5611972808838,2.73990082740784,10.5024251937866,0.727008938789368,1.26702034473419,0.380104839801788,-1.48221274057991,2.41384671911122,-7.81053959265398
144894,0.0166669,38.5252029560506,1.26028871536255,-26.5611972808838,2.73990082740784,10.5024251937866,0.727008938789368,1.26702034473419,0.380104839801788,-1.48221274057991,2.41384671911122,-7.81053959265398
144898,0.0166684,38.5418713558465,4.23575258255005,-23.0977573394775,5.84628486633301,8.21726894378662,0.565876126289368,0.552909016609192,0.431374371051788,0.0737177534428638,9.68574778961219,-25.6516389034304
144902,0.0166656,38.5585369560868,4.23575258255005,-23.0977573394775,5.84628486633301,8.21726894378662,0.565876126289368,0.552909016609192,0.431374371051788,0.0737177534428638,9.68574778961219,-25.6516389034304
144904,0.016667,38.5752039551735,4.23575258255005,-23.0977573394775,5.84628486633301,8.21726894378662,0.565876126289368,0.552909016609192,0.431374371051788,0.0737177534428638,9.68574778961219,-25.6516389034304
144908,0.0166671,38.5918710548431,4.18814516067505,-21.1180820465088,5.62014961242676,6.55497646331787,0.601581692695618,-0.416634440422058,0.630959331989288,-4.66823349333943,8.16294407160179,-19.210632850254
144912,0.0166667,38.6085377540439,4.18814516067505,-21.1180820465088,5.62014961242676,6.55497646331787,0.601581692695618,-0.416634440422058,0.630959331989288,-4.66823349333943,8.16294407160179,-19.210632850254
144914,0.016667,38.6252047531307,4.3111310005188,-18.8170566558838,5.94546699523926,4.54356288909912,0.637287259101868,-1.03919303417206,0.707863628864288,-7.19430734070623,8.10850051197193,-21.5680193052443
144920,0.0166678,38.6418725531548,5.1125226020813,-17.2856845855713,6.77462959289551,3.69853115081787,0.571369290351868,-1.18933951854706,0.688637554645538,-8.3397145617079,8.67181058553674,-23.4920379930774
144922,0.0166663,38.6585388537496,5.1125226020813,-17.2856845855713,6.77462959289551,3.69853115081787,0.571369290351868,-1.18933951854706,0.688637554645538,-8.3397145617079,8.67181058553674,-23.4920379930774
144924,0.0166674,38.6752062533051,5.4378399848938,-16.2224521636963,7.29831123352051,2.23460292816162,0.547565579414368,-1.79908072948456,0.804909527301788,-9.39425826006376,8.93307899038895,-26.413225020566
144928,0.0166667,38.6918729525059,5.53702211380005,-16.12327003479,7.57602119445801,1.23881435394287,0.559467434883118,-2.22480082511902,0.824135601520538,-10.0770283887915,8.87671691626693,-27.9574818149747
144932,0.0166664,38.7085393518209,5.53702211380005,-16.12327003479,7.57602119445801,1.23881435394287,0.559467434883118,-2.22480082511902,0.824135601520538,-10.0770283887915,8.87671691626693,-27.9574818149747
144936,0.0166669,38.7252062521875,5.2632794380188,-15.7503452301025,7.12375068664551,0.195418387651443,0.589679837226868,-2.81440043449402,0.856179058551788,-14.0428992014094,8.04980507771197,-27.9361713352114
144938,0.0166672,38.7418734524399,5.38626527786255,-15.726541519165,7.29831123352051,0.223189383745193,0.595173001289368,-2.78144145011902,0.888222515583038,-14.3275099504209,7.93660747648557,-27.8598931182093
144944,0.0206988,38.7625722531229,8.16336536407471,-15.77414894104,10.3808917999268,0.917464315891266,0.440448880195618,-3.37104105949402,1.04843986034393,-16.808983712488,11.1227439058313,-28.7005790247101
144946,0.0166675,38.7792397532612,8.16336536407471,-15.77414894104,10.3808917999268,0.917464315891266,0.440448880195618,-3.37104105949402,1.04843986034393,-16.808983712488,11.1227439058313,-28.7005790247101
144950,0.0166672,38.7959069535136,8.16336536407471,-15.77414894104,10.3808917999268,0.917464315891266,0.440448880195618,-3.37104105949402,1.04843986034393,-16.808983712488,11.1227439058313,-28.7005790247101
144952,0.016667,38.8125739526004,8.33792591094971,-17.9283847808838,10.5316486358643,1.61173915863037,0.238117322325706,-2.91877055168152,1.01639640331268,-16.8671442546493,15.2614420940833,-27.110648013232
144958,0.016667,38.8292409516871,8.33792591094971,-17.9283847808838,10.5316486358643,1.61173915863037,0.238117322325706,-2.91877055168152,1.01639640331268,-16.8671442546493,15.2614420940833,-27.110648013232
144960,0.0166669,38.8459078520536,8.33792591094971,-17.9283847808838,10.5316486358643,1.61173915863037,0.238117322325706,-2.91877055168152,1.01639640331268,-16.8671442546493,15.2614420940833,-27.110648013232
144964,0.016667,38.8625748511404,8.73862171173096,-19.8802890777588,10.6586017608643,2.75431728363037,0.106281392276287,-2.72925639152527,1.07499015331268,-19.9847606978376,12.6347694513822,-20.0754893320784
144966,0.0166665,38.8792413510382,8.73862171173096,-19.8802890777588,10.6586017608643,2.75431728363037,0.106281392276287,-2.72925639152527,1.07499015331268,-19.9847606978376,12.6347694513822,-20.0754893320784
144970,0.0166672,38.8959085512906,8.61563587188721,-23.1453647613525,10.2063312530518,4.54356288909912,0.0348702594637871,-1.95563590526581,1.07499015331268,-19.9590350002174,14.6789371922571,-15.5590100805539
144972,0.016667,38.9125755503774,8.36569690704346,-23.3675327301025,10.0317707061768,4.54356288909912,-0.0127371642738581,-1.90345084667206,1.06858146190643,-20.0194143321281,14.754727259783,-14.6618016927644
144976,0.0166669,38.9292424507439,8.36569690704346,-23.3675327301025,10.0317707061768,4.54356288909912,-0.0127371642738581,-1.90345084667206,1.06858146190643,-20.0194143321281,14.754727259783,-14.6618016927644
144980,0.0166668,38.9459092505276,8.36569690704346,-23.3675327301025,10.0317707061768,4.54356288909912,-0.0127371642738581,-1.90345084667206,1.06858146190643,-20.0194143321281,14.754727259783,-14.6618016927644
144984,0.0169764,38.9628856498748,7.4135479927063,-27.1761264801025,9.17880439758301,6.90013027191162,-0.114360697567463,-1.03919303417206,1.03562247753143,-20.0138742932048,13.8101273405148,-7.08554992234087
144988,0.0187225,38.9816081505269,7.4135479927063,-27.1761264801025,9.17880439758301,6.90013027191162,-0.114360697567463,-1.03919303417206,1.03562247753143,-20.0138742932048,13.8101273405148,-7.08554992234087
144990,0.016668,38.9982761498541,7.0644268989563,-30.960916519165,8.90109443664551,10.8753499984741,-0.406413912773132,0.238883152604103,0.856179058551788,-17.9474512120296,13.4751701944441,-0.84332398839068
144992,0.0166666,39.0149427503347,6.53677797317505,-31.3814487457275,8.07589912414551,10.8515462875366,-0.364299654960632,0.467764973640442,0.804909527301788,-17.3715684868322,13.8379646784723,-0.70617137130619
144996,0.016668,39.0316107496619,6.53677797317505,-31.3814487457275,8.07589912414551,10.8515462875366,-0.364299654960632,0.467764973640442,0.804909527301788,-17.3715684868322,13.8379646784723,-0.70617137130619
145000,0.016666,39.0482767503709,6.51297426223755,-32.1987113952637,7.80215644836426,12.6883993148804,-0.769878268241882,1.43089973926544,0.586098492145538,-13.2734360156408,14.2762734821002,1.0822231396644
145004,0.0166694,39.0649461504072,6.51297426223755,-32.1987113952637,7.80215644836426,12.6883993148804,-0.769878268241882,1.43089973926544,0.586098492145538,-13.2734360156408,14.2762734821002,1.0822231396644
145006,0.0166659,39.0816120505333,5.31485414505005,-32.8652153015137,5.99704170227051,13.4818563461304,-0.382610201835632,1.52886116504669,0.707863628864288,-11.5638127551225,13.8286436191108,1.07525286591213
145010,0.0166668,39.098278850317,3.1606183052063,-33.7816581726074,3.66427826881409,15.0965414047241,-0.400005221366882,1.88957893848419,0.586098492145538,-8.55265137663446,11.7181596081985,3.40315938466045
145012,0.0166668,39.1149456501007,3.1606183052063,-33.7816581726074,3.66427826881409,15.0965414047241,-0.400005221366882,1.88957893848419,0.586098492145538,-8.55265137663446,11.7181596081985,3.40315938466045
145016,0.016667,39.1316126491874,0.609654009342194,-33.1627616882324,1.03396821022034,15.0727376937866,-0.340495944023132,2.32811665534973,0.424965679645538,-3.80662500240134,7.1315478785088,3.82169094245385
145020,0.0166669,39.148279549554,0.609654009342194,-33.1627616882324,1.03396821022034,15.0727376937866,-0.340495944023132,2.32811665534973,0.424965679645538,-3.80662500240134,7.1315478785088,3.82169094245385
145026,0.0212541,39.1695336494595,-2.23885679244995,-32.2740898132324,-1.92165923118591,15.5448446273804,-0.173869982361794,2.45903706550598,0.276650249958038,-2.28829034120943,3.28870398595397,4.92085828006582
145028,0.018464,39.1879976503551,-2.23885679244995,-32.2740898132324,-1.92165923118591,15.5448446273804,-0.173869982361794,2.45903706550598,0.276650249958038,-2.28829034120943,3.28870398595397,4.92085828006582
145032,0.0166682,39.204665850848,-2.23885679244995,-32.2740898132324,-1.92165923118591,15.5448446273804,-0.173869982361794,2.45903706550598,0.276650249958038,-2.28829034120943,3.28870398595397,4.92085828006582
145034,0.0166684,39.2213342506438,-2.1396746635437,-29.7508945465088,-1.69949126243591,13.5334310531616,-0.215068712830544,2.05345845222473,0.1100242882967,-0.492390839857243,1.03242106125717,1.41154488903583
145038,0.0166651,39.2379993498325,-2.1396746635437,-29.7508945465088,-1.69949126243591,13.5334310531616,-0.215068712830544,2.05345845222473,0.1100242882967,-0.492390839857243,1.03242106125717,1.41154488903583
145040,0.0166684,39.2546677496284,-2.2666277885437,-30.11985206604,-1.57253813743591,13.8071737289429,-0.131755724549294,2.16423726081848,0.12925036251545,-0.303823194089849,0.89619356315183,1.37832065882232
145046,0.0166666,39.2713343501091,-1.06454038619995,-28.4654941558838,-0.342679798603058,13.6326131820679,-0.280986666679382,1.98113167285919,-0.0382911413908005,-0.355667513198327,0.279261186082834,2.28511141400883
145048,0.0166668,39.2880011498928,-1.06454038619995,-28.4654941558838,-0.342679798603058,13.6326131820679,-0.280986666679382,1.98113167285919,-0.0382911413908005,-0.355667513198327,0.279261186082834,2.28511141400883
145052,0.0166664,39.3046675492078,-0.640040814876556,-27.596658706665,0.0580160096287727,14.7751913070679,-0.257182955741882,1.86302864551544,-0.1408302038908,0.278602635833787,-1.46925181019068,3.78953655402797
145054,0.016667,39.3213345482945,-0.640040814876556,-27.596658706665,0.0580160096287727,14.7751913070679,-0.257182955741882,1.86302864551544,-0.1408302038908,0.278602635833787,-1.46925181019068,3.78953655402797
145058,0.0166667,39.3380012474954,-0.640040814876556,-27.596658706665,0.0580160096287727,14.7751913070679,-0.257182955741882,1.86302864551544,-0.1408302038908,0.278602635833787,-1.46925181019068,3.78953655402797
145062,0.0166677,39.3546689469367,0.510471880435944,-27.818826675415,1.20852875709534,16.0645599365234,-0.221477404236794,2.11846089363098,-0.10878674685955,0.365465365972807,-1.1274187525587,3.60249359112312
145068,0.0220807,39.3767496477813,-0.140162885189056,-27.4974765777588,0.482515513896942,15.7194051742554,-0.245281115174294,2.02049946784973,-0.14723889529705,0.285035328384303,-0.127354861609447,2.44306331202433
145070,0.0200685,39.3968181479722,-0.0647844672203064,-26.7317905426025,0.557893931865692,15.0489339828491,-0.155559435486794,1.83647835254669,-0.0703345984220505,0.817301745895453,-0.786797848926958,0.664113146423666
145072,0.0177166,39.4145347476006,-0.0647844672203064,-26.7317905426025,0.557893931865692,15.0489339828491,-0.155559435486794,1.83647835254669,-0.0703345984220505,0.817301745895453,-0.786797848926958,0.664113146423666
145078,0.0166695,39.4312042482197,-0.239345014095306,-26.4620151519775,0.355562388896942,14.7989950180054,-0.173869982361794,1.70555794239044,-0.13442151248455,0.872997691002808,-0.849653906281575,0.559733368125937
145080,0.0166637,39.4478679485619,-0.314723432064056,-27.77121925354,0.430940806865692,16.3144989013672,-0.119853861629963,2.02049946784973,-0.0382911413908005,1.06761075896942,-1.96123093210722,3.67152531163793
145084,0.0166678,39.4645357485861,-0.314723432064056,-27.77121925354,0.430940806865692,16.3144989013672,-0.119853861629963,2.02049946784973,-0.0382911413908005,1.06761075896942,-1.96123093210722,3.67152531163793
145086,0.0166662,39.481201948598,-0.838405072689056,-27.2515048980713,-0.219693958759308,16.3383026123047,-0.0841482952237129,1.71929085254669,0.000161007046699524,0.586697495456994,-0.865337560083943,2.51203176026065
145090,0.016667,39.4978689476848,-0.838405072689056,-27.2515048980713,-0.219693958759308,16.3383026123047,-0.0841482952237129,1.71929085254669,0.000161007046699524,0.586697495456994,-0.865337560083943,2.51203176026065
145092,0.0166667,39.5145356468856,-0.838405072689056,-27.2515048980713,-0.219693958759308,16.3383026123047,-0.0841482952237129,1.71929085254669,0.000161007046699524,0.586697495456994,-0.865337560083943,2.51203176026065
145098,0.0166679,39.5312035474926,-0.838405072689056,-26.8547763824463,-0.267301380634308,15.2949056625366,-0.179363146424294,1.79711067676544,-0.0318824499845505,0.130885943442873,-1.07903155057209,3.80293573571632
145100,0.0166662,39.5478697475046,-0.838405072689056,-26.8547763824463,-0.267301380634308,15.2949056625366,-0.179363146424294,1.79711067676544,-0.0318824499845505,0.130885943442873,-1.07903155057209,3.80293573571632
145104,0.0166677,39.5645374469459,-0.814601361751556,-27.6244297027588,-0.168119251728058,16.9849700927734,-0.0905569866299629,1.99394905567169,-0.0511085242033005,0.391835054475011,-1.33667966702497,3.70132631231293
145108,0.0178364,39.5823738463223,-0.814601361751556,-27.6244297027588,-0.168119251728058,16.9849700927734,-0.0905569866299629,1.99394905567169,-0.0511085242033005,0.391835054475011,-1.33667966702497,3.70132631231293
145110,0.0166676,39.5990414470434,-0.814601361751556,-27.6244297027588,-0.168119251728058,16.9849700927734,-0.0905569866299629,1.99394905567169,-0.0511085242033005,0.391835054475011,-1.33667966702497,3.70132631231293
145114,0.0166674,39.6157088465989,-0.390101850032806,-26.6088047027588,0.133394420146942,15.3702840805054,-0.107952006161213,1.58837044239044,-0.1023780554533,0.542604491422297,-1.17701054489185,2.92884011834834
145116,0.0166671,39.6323759462684,-0.390101850032806,-26.6088047027588,0.133394420146942,15.3702840805054,-0.107952006161213,1.58837044239044,-0.1023780554533,0.542604491422297,-1.17701054489185,2.92884011834834
145120,0.0166669,39.649042846635,-1.04073667526245,-26.707986831665,-0.445829212665558,15.7908163070679,-0.126262560486794,1.79070198535919,-0.18569104373455,0.464245200482324,-1.02239546977531,2.20009698357741
145122,0.0166665,39.6657093465328,-1.04073667526245,-26.707986831665,-0.445829212665558,15.7908163070679,-0.126262560486794,1.79070198535919,-0.18569104373455,0.464245200482324,-1.02239546977531,2.20009698357741
145128,0.0166676,39.6823769472539,-1.1637225151062,-27.32688331604,-0.545011341571808,16.4374847412109,-0.0429495647549629,1.78429329395294,-0.20583264529705,0.634199091851718,-1.41329528944917,2.97463764415961
145130,0.0166667,39.6990436464548,-0.739222943782806,-27.0293369293213,-0.267301380634308,16.5128631591797,-0.185771837830544,1.80443489551544,-0.276328265666962,0.396898370614331,-1.06595142540146,3.58381935860595
145134,0.0166663,39.7157099470496,-0.739222943782806,-27.0293369293213,-0.267301380634308,16.5128631591797,-0.185771837830544,1.80443489551544,-0.276328265666962,0.396898370614331,-1.06595142540146,3.58381935860595
145136,0.0166667,39.7323766462505,-3.1156268119812,-26.2120761871338,-2.79842925071716,16.4374847412109,-0.226970568299294,1.83006966114044,-0.301963031291962,0.085841152626477,-0.408263677932795,2.95021761103341
145140,0.0166686,39.7490452453494,-3.1156268119812,-26.2120761871338,-2.79842925071716,16.4374847412109,-0.226970568299294,1.83006966114044,-0.301963031291962,0.085841152626477,-0.408263677932795,2.95021761103341
145142,0.016666,39.7657112460583,-4.21456480026245,-26.8071689605713,-3.75454497337341,17.1595306396484,-0.143657580018044,1.94817268848419,-0.301963031291962,0.110568140710796,-1.13345280095046,2.94019144290251
145148,0.0196689,39.7853801455349,-2.08809995651245,-26.707986831665,-1.69949126243591,16.8619842529297,-0.0182303283363581,1.73851692676544,-0.263510882854462,0.710327809564688,-1.93145254808956,3.11471920390078
145152,0.0184766,39.8038567453623,-1.06454038619995,-26.7317905426025,-0.445829212665558,16.2629241943359,-0.143657580018044,1.58104622364044,-0.282736957073212,1.01888474836138,-1.88137430359406,2.54254817994913
145154,0.0166677,39.8205244448036,-0.889979779720306,-26.707986831665,-0.342679798603058,16.4612884521484,0.172199353575706,1.60118782520294,-0.2122413367033,1.06941287100988,-2.17909166508979,2.77048177347765
145158,0.0166676,39.8371920455247,-0.889979779720306,-26.707986831665,-0.342679798603058,16.4612884521484,0.172199353575706,1.60118782520294,-0.2122413367033,1.06941287100988,-2.17909166508979,2.77048177347765
145160,0.0166662,39.8538582455367,-1.38985776901245,-26.263650894165,-0.921903431415558,16.2906951904297,0.0888863727450371,1.60118782520294,-0.17287366092205,0.810511008756219,-1.62310362002461,2.23769553448406
145164,0.0166671,39.8705253452063,-1.38985776901245,-26.263650894165,-0.921903431415558,16.2906951904297,0.0888863727450371,1.60118782520294,-0.17287366092205,0.810511008756219,-1.62310362002461,2.23769553448406
145168,0.0166673,39.8871926460415,-1.9651141166687,-26.31125831604,-1.39797759056091,16.4136810302734,0.153888806700706,1.53526985645294,-0.17287366092205,0.805958510680433,-1.70134920676233,2.32852458372833
145172,0.0166671,39.9038597457111,-2.21505308151245,-25.3234043121338,-1.69949126243591,15.4932699203491,-0.335002779960632,1.46385872364044,-0.308371722698212,1.58092113169377,-1.54729626818877,1.77573845463002
145174,0.0166666,39.9205263461918,-2.21505308151245,-25.3234043121338,-1.69949126243591,15.4932699203491,-0.335002779960632,1.46385872364044,-0.308371722698212,1.58092113169377,-1.54729626818877,1.77573845463002
145178,0.0166673,39.937193647027,-4.56368589401245,-25.4463901519775,-4.35360527038574,16.1637420654297,-0.542827486991882,1.76506721973419,-0.308371722698212,0.552372669717495,0.711576594834777,2.69106910117038
145182,0.0166663,39.9538599476218,-4.56368589401245,-25.4463901519775,-4.35360527038574,16.1637420654297,-0.542827486991882,1.76506721973419,-0.308371722698212,0.552372669717495,0.711576594834777,2.69106910117038
145186,0.0166672,39.9705271478742,0.0621686577796936,-26.263650894165,0.482515513896942,15.9415731430054,0.255512356758118,1.31920540332794,-0.10878674685955,1.37219671033123,-2.09241408600517,2.23443129662945
145190,0.0248731,39.9954002480954,-4.56368589401245,-26.1644687652588,-4.57974052429199,16.3383026123047,-0.370708346366882,1.78429329395294,-0.327597796916962,1.42112330449347,1.15045969863402,1.09978395789972
145192,0.016668,40.0120682474226,-0.465480268001556,-26.1882724761963,-0.243497669696808,15.9653768539429,-0.107952006161213,1.59477913379669,-0.2250587195158,1.83237294982406,-0.650519484190565,0.92232528666644
145196,0.0166672,40.028735447675,-4.0915789604187,-28.2909336090088,-4.10366630554199,17.0325775146484,0.172199353575706,1.64696419239044,-0.17287366092205,1.59973031060703,-1.5702572554396,1.59044832003383
145200,0.0166668,40.0454022474587,-4.0915789604187,-28.2909336090088,-4.10366630554199,17.0325775146484,0.172199353575706,1.64696419239044,-0.17287366092205,1.59973031060703,-1.5702572554396,1.59044832003383
145202,0.016668,40.0620702467859,-2.0127215385437,-28.1163730621338,-2.25094389915466,17.0087738037109,-0.561138033866882,2.18437886238098,-0.507956683635712,1.15220271529,-0.500871862787792,1.99668155254494
145206,0.0166658,40.0787360463291,1.1373028755188,-28.2671298980713,1.08554291725159,16.4136810302734,-0.549236178398132,1.96099007129669,-0.295554339885712,1.38832820393777,-1.77316711841038,1.77286491407194
145208,0.0166686,40.0954046454281,1.1373028755188,-28.2671298980713,1.08554291725159,16.4136810302734,-0.549236178398132,1.96099007129669,-0.295554339885712,1.38832820393777,-1.77316711841038,1.77286491407194
145212,0.0166659,40.1120705455542,-2.4649920463562,-27.9695835113525,-2.77462553977966,16.5882415771484,0.0293770935386419,1.62041389942169,-0.20583264529705,1.24817636337247,-0.330589079538359,1.13917176701777
145216,0.0166667,40.128737244755,-2.4649920463562,-27.9695835113525,-2.77462553977966,16.5882415771484,0.0293770935386419,1.62041389942169,-0.20583264529705,1.24817636337247,-0.330589079538359,1.13917176701777
145220,0.0166671,40.1454043444246,-4.7422137260437,-29.00901222229,-5.28194999694824,16.9611663818359,-0.161968126893044,1.95458137989044,-0.2250587195158,1.19293042566261,0.434501595819172,1.51764676318741
145222,0.0166675,40.1620718445629,5.53702211380005,-29.9730625152588,5.52096748352051,16.1637420654297,0.226215466856956,1.41075813770294,-0.24428479373455,0.881215471491298,-4.09970448512527,2.8721344909639
145226,0.0166665,40.1787383444607,5.53702211380005,-29.9730625152588,5.52096748352051,16.1637420654297,0.226215466856956,1.41075813770294,-0.24428479373455,0.881215471491298,-4.09970448512527,2.8721344909639
145232,0.0196078,40.1983461435884,-5.21432065963745,-27.54905128479,-6.23409843444824,16.2629241943359,-0.584941744804382,2.15782856941223,-0.417319476604462,1.53747760950217,1.60038180385042,-0.00654135131188384
145234,0.020806,40.2191521432251,-5.21432065963745,-27.54905128479,-6.23409843444824,16.2629241943359,-0.584941744804382,2.15782856941223,-0.417319476604462,1.53747760950217,1.60038180385042,-0.00654135131188384
145238,0.0166729,40.2358250431716,3.56131410598755,-29.278787612915,3.23977875709534,15.7908163070679,0.291217923164368,1.48949348926544,-0.13442151248455,0.889902705751708,-3.64322640622119,1.2232784925101
145240,0.0166661,40.2524911426008,3.56131410598755,-29.278787612915,3.23977875709534,15.7908163070679,0.291217923164368,1.48949348926544,-0.13442151248455,0.889902705751708,-3.64322640622119,1.2232784925101
145244,0.016669,40.2691601421684,3.56131410598755,-29.278787612915,3.23977875709534,15.7908163070679,0.291217923164368,1.48949348926544,-0.13442151248455,0.889902705751708,-3.64322640622119,1.2232784925101
145246,0.0166651,40.2858252413571,1.4864239692688,-28.5884799957275,0.883211314678192,15.7670125961304,-0.638957858085632,1.96099007129669,-0.475913226604462,0.0750180287206273,-0.395141959635918,1.81672471705409
145250,0.0166674,40.3024926409125,1.4864239692688,-28.5884799957275,0.883211314678192,15.7670125961304,-0.638957858085632,1.96099007129669,-0.475913226604462,0.0750180287206273,-0.395141959635918,1.81672471705409
145254,0.0166665,40.3191591408104,-5.1389422416687,-27.723611831665,-6.33328056335449,15.9653768539429,-0.233379259705544,2.02690815925598,-0.334006488323212,0.598215807734244,1.6085608418551,0.260968941537275
145258,0.0166692,40.3358283415437,-4.06380796432495,-28.0687656402588,-5.15499687194824,16.1637420654297,-0.501628756523132,2.08550190925598,-0.385276019573212,0.348499496791581,-0.255239749583822,0.232646445701177
145260,0.0166644,40.3524927422404,-4.06380796432495,-28.0687656402588,-5.15499687194824,16.1637420654297,-0.501628756523132,2.08550190925598,-0.385276019573212,0.348499496791581,-0.255239749583822,0.232646445701177
145264,0.0166672,40.3691599424928,-1.21529722213745,-29.00901222229,-2.29855132102966,15.2711019515991,-0.245281115174294,1.77147591114044,-0.263510882854462,-0.00564769299882072,-1.53777487680628,0.893278075641707
145266,0.0166689,40.3858288433403,-1.21529722213745,-29.00901222229,-2.29855132102966,15.2711019515991,-0.245281115174294,1.77147591114044,-0.263510882854462,-0.00564769299882072,-1.53777487680628,0.893278075641707
145274,0.0219304,40.4077592436224,3.3113751411438,-30.072244644165,2.63675141334534,15.2195272445679,-0.0246390197426081,1.50231087207794,-0.18569104373455,-0.668340258115139,-3.00010314292979,2.19136327826038
145276,0.0172857,40.4250449445099,3.3113751411438,-30.072244644165,2.63675141334534,15.2195272445679,-0.0246390197426081,1.50231087207794,-0.18569104373455,-0.668340258115139,-3.00010314292979,2.19136327826038
145280,0.0166678,40.441712744534,-0.588466107845306,-27.723611831665,-1.97323393821716,16.1915130615234,-0.549236178398132,1.92162239551544,-0.423728168010712,-0.126292866740619,0.457224812626976,0.726432111474589
145282,0.0166669,40.4583796449006,4.18814516067505,-29.4771518707275,3.41433930397034,15.3940877914429,-0.0548514202237129,1.48949348926544,-0.24428479373455,0.140149705889438,-2.39815012915102,0.0759082237358616
145286,0.0166669,40.4750465452671,4.18814516067505,-29.4771518707275,3.41433930397034,15.3940877914429,-0.0548514202237129,1.48949348926544,-0.24428479373455,0.140149705889438,-2.39815012915102,0.0759082237358616
145288,0.016668,40.4917145445943,4.18814516067505,-29.4771518707275,3.41433930397034,15.3940877914429,-0.0548514202237129,1.48949348926544,-0.24428479373455,0.140149705889438,-2.39815012915102,0.0759082237358616
145292,0.0166658,40.5083803441375,2.08548402786255,-28.3385410308838,0.982393443584442,15.1719198226929,-0.203166857361794,1.58104622364044,-0.289145648479462,-0.0107095755008814,-2.19079463154444,0.630042093577166
145294,0.0166673,40.5250476449728,2.08548402786255,-28.3385410308838,0.982393443584442,15.1719198226929,-0.203166857361794,1.58104622364044,-0.289145648479462,-0.0107095755008814,-2.19079463154444,0.630042093577166
145300,0.0166679,40.5417155455798,1.23648500442505,-29.7508945465088,0.0818197205662727,15.5686483383179,-0.119853861629963,1.72569954395294,-0.301963031291962,0.219623282078457,-1.68782424671335,0.49371669969894
145302,0.0166662,40.5583817455918,1.23648500442505,-29.7508945465088,0.0818197205662727,15.5686483383179,-0.119853861629963,1.72569954395294,-0.301963031291962,0.219623282078457,-1.68782424671335,0.49371669969894
145306,0.0166669,40.5750486459583,1.21268129348755,-29.89768409729,0.0818197205662727,15.5924520492554,-0.119853861629963,1.74492561817169,-0.346823871135712,0.246260388946573,-1.50971773693445,0.539535998709291
145308,0.0166683,40.5917169451714,0.835789263248444,-30.5681552886963,-0.120511822402477,15.7908163070679,-0.0603445842862129,1.77788460254669,-0.321189105510712,0.0756237627711652,-1.98059170522785,1.080248747513
145312,0.016678,40.6083949450403,0.736607134342194,-30.34202003479,-0.144315540790558,15.7670125961304,-0.0484427288174629,1.76506721973419,-0.340415179729462,0.059098236633789,-1.97915472357573,1.04302739805796
145316,0.0166545,40.6250494457781,0.788181841373444,-30.1476230621338,-0.0927408263087273,15.7908163070679,-0.0301321838051081,1.77147591114044,-0.308371722698212,0.0459715906546142,-2.00681556712434,1.02373601187088
145320,0.0170806,40.6421300452203,0.760410845279694,-30.2706089019775,-0.219693958759308,15.5448446273804,0.0531808063387871,1.69274055957794,-0.372458636760712,0.397083422897601,-1.71416597051483,-0.0258903513843932
145322,0.0166679,40.6587979458272,0.760410845279694,-30.2706089019775,-0.219693958759308,15.5448446273804,0.0531808063387871,1.69274055957794,-0.372458636760712,0.397083422897601,-1.71416597051483,-0.0258903513843932
145326,0.0166673,40.6754652466625,0.760410845279694,-30.2706089019775,-0.219693958759308,15.5448446273804,0.0531808063387871,1.69274055957794,-0.372458636760712,0.397083422897601,-1.71416597051483,-0.0258903513843932
145328,0.0166663,40.6921315472573,0.335911333560944,-29.6993198394775,-0.620389759540558,15.2949056625366,0.201496228575706,1.63414680957794,-0.366049945354462,0.400372232935126,-1.33218382462192,0.419986501744088
145332,0.0166673,40.7087988480926,0.335911333560944,-29.6993198394775,-0.620389759540558,15.2949056625366,0.201496228575706,1.63414680957794,-0.366049945354462,0.400372232935126,-1.33218382462192,0.419986501744088
145334,0.0166674,40.725466247648,0.335911333560944,-29.7508945465088,-0.568815052509308,15.2711019515991,0.184101209044456,1.65978157520294,-0.359641253948212,0.394163794243654,-1.22112651370444,0.330258574408996
145338,0.0166684,40.7421346474439,0.161350786685944,-30.3182163238525,-0.545011341571808,15.1481161117554,0.321430325508118,1.60759651660919,-0.378867328166962,0.151583958944765,-0.974443852964389,0.867740366609732
145342,0.0166655,40.7588001471013,0.161350786685944,-30.3182163238525,-0.545011341571808,15.1481161117554,0.321430325508118,1.60759651660919,-0.378867328166962,0.151583958944765,-0.974443852964389,0.867740366609732
145346,0.0166679,40.7754680477083,0.0105939507484436,-30.4927768707275,-0.719571888446808,15.0727376937866,0.464252591133118,1.61400520801544,-0.372458636760712,-0.185926393680409,-0.532075279780707,1.36646045485463
145348,0.0166663,40.7921343483031,0.0105939507484436,-30.6633701324463,-0.747342884540558,15.1481161117554,0.547565579414368,1.56822884082794,-0.359641253948212,-0.275727296693283,-0.639298936225095,1.34618939131634
145352,0.0166683,40.8088026475161,0.0105939507484436,-30.6633701324463,-0.747342884540558,15.1481161117554,0.547565579414368,1.56822884082794,-0.359641253948212,-0.275727296693283,-0.639298936225095,1.34618939131634
145356,0.0166656,40.8254682477564,0.0859723687171936,-30.516580581665,-0.596586048603058,15.3187093734741,0.696796536445618,1.59477913379669,-0.353232562541962,-0.0441691344776196,-0.0774102092075513,1.07700575442243
145360,0.0166693,40.8421375472099,0.0859723687171936,-30.516580581665,-0.596586048603058,15.3187093734741,0.696796536445618,1.59477913379669,-0.353232562541962,-0.0441691344776196,-0.0774102092075513,1.07700575442243
145362,0.0166651,40.8588026463985,0.0859723687171936,-30.516580581665,-0.596586048603058,15.3187093734741,0.696796536445618,1.59477913379669,-0.353232562541962,-0.0441691344776196,-0.0774102092075513,1.07700575442243
145366,0.0166671,40.8754697460681,-0.612269818782806,-30.7903232574463,-1.22341704368591,15.9653768539429,0.732502102851868,1.69914925098419,-0.378867328166962,0.0913474482701472,-0.375192021558978,0.707558665937222
145368,0.0166667,40.892136445269,-0.612269818782806,-30.7903232574463,-1.22341704368591,15.9653768539429,0.732502102851868,1.69914925098419,-0.378867328166962,0.0913474482701472,-0.375192021558978,0.707558665937222
145372,0.0166673,40.9088037461042,0.538242876529694,-30.9847202301025,-0.144315540790558,16.3144989013672,0.750812649726868,1.70555794239044,-0.301963031291962,-0.34330677339005,-0.480663899648157,2.5275795074404
145374,0.0166668,40.9254705458879,0.538242876529694,-30.9847202301025,-0.144315540790558,16.3144989013672,0.750812649726868,1.70555794239044,-0.301963031291962,-0.34330677339005,-0.480663899648157,2.5275795074404
145380,0.0166676,40.9421381466091,0.538242876529694,-30.9847202301025,-0.144315540790558,16.3144989013672,0.750812649726868,1.70555794239044,-0.301963031291962,-0.34330677339005,-0.480663899648157,2.5275795074404
145382,0.0166665,40.9588046465069,0.911167681217194,-29.7985019683838,0.307954967021942,15.4178915023804,0.732502102851868,1.53526985645294,-0.1151954382658,0.435256055918767,0.037437392363356,0.0654693961142949
145386,0.0166668,40.9754714462906,1.26028871536255,-30.6157627105713,0.732454478740692,16.2153167724609,0.732502102851868,1.58837044239044,-0.0703345984220505,0.592204832326781,-0.151808968293146,-0.0128936377909304
145388,0.0166669,40.9921383466572,1.26028871536255,-30.6157627105713,0.732454478740692,16.2153167724609,0.732502102851868,1.58837044239044,-0.0703345984220505,0.592204832326781,-0.151808968293146,-0.0128936377909304
145392,0.0166672,41.0088055469096,1.10953187942505,-27.723611831665,0.732454478740692,14.7751913070679,0.649189114570618,1.45653450489044,0.0386131554841995,0.351185742750632,1.5081396736894,0.724845309464261
145394,0.0166662,41.0254717469215,1.10953187942505,-27.723611831665,0.732454478740692,14.7751913070679,0.649189114570618,1.45653450489044,0.0386131554841995,0.351185742750632,1.5081396736894,0.724845309464261
145400,0.0179336,41.0434053465724,1.5102276802063,-29.0804233551025,1.20852875709534,15.6202230453491,0.630878567695618,1.66619026660919,0.1228416711092,0.0494782878266406,1.39007207200891,0.205732344489633
145402,0.0171718,41.060577146709,0.0859723687171936,-26.6326084136963,0.105623431503773,15.3187093734741,0.750812649726868,1.47667610645294,0.302285015583038,0.169245220641045,0.730916170112783,-0.24961016522559
145406,0.0166693,41.0772464461625,0.0859723687171936,-26.6326084136963,0.105623431503773,15.3187093734741,0.750812649726868,1.47667610645294,0.302285015583038,0.169245220641045,0.730916170112783,-0.24961016522559
145408,0.0166656,41.0939120464027,0.0859723687171936,-26.6326084136963,0.105623431503773,15.3187093734741,0.750812649726868,1.47667610645294,0.302285015583038,0.169245220641045,0.730916170112783,-0.24961016522559
145412,0.0166674,41.1105794459581,-0.465480268001556,-24.85129737854,-0.243497669696808,14.5490560531616,0.750812649726868,1.27983772754669,0.289467632770538,-0.0121478282629115,1.05264432552653,1.50646563252295
145416,0.0166666,41.1272460464388,-0.465480268001556,-24.85129737854,-0.243497669696808,14.5490560531616,0.750812649726868,1.27983772754669,0.289467632770538,-0.0121478282629115,1.05264432552653,1.50646563252295
145420,0.0166672,41.1439132466912,-0.465480268001556,-24.85129737854,-0.243497669696808,14.5490560531616,0.750812649726868,1.27983772754669,0.289467632770538,-0.0121478282629115,1.05264432552653,1.50646563252295
145422,0.0166667,41.1605799458921,0.0105939507484436,-24.6053256988525,0.307954967021942,15.7908163070679,0.750812649726868,1.54900276660919,0.302285015583038,-1.03309114468234,2.32263198424216,2.91793447158333
145426,0.016667,41.1772469449788,0.0105939507484436,-24.6053256988525,0.307954967021942,15.7908163070679,0.750812649726868,1.54900276660919,0.302285015583038,-1.03309114468234,2.32263198424216,2.91793447158333
145428,0.0166667,41.1939136441797,1.06192445755005,-25.819314956665,1.63699555397034,16.4374847412109,0.738910794258118,1.65978157520294,0.302285015583038,-1.09980053581783,0.838018304926749,2.60266812513028
145432,0.0166673,41.210580945015,1.06192445755005,-25.819314956665,1.63699555397034,16.4374847412109,0.738910794258118,1.65978157520294,0.302285015583038,-1.09980053581783,0.838018304926749,2.60266812513028
145436,0.0166665,41.2272474449128,1.06192445755005,-25.819314956665,1.63699555397034,16.4374847412109,0.738910794258118,1.65978157520294,0.302285015583038,-1.09980053581783,0.838018304926749,2.60266812513028
145440,0.0166672,41.2439146451652,2.88687562942505,-24.2601718902588,3.61667084693909,15.4178915023804,0.744403958320618,1.45012581348419,0.263832867145538,-0.502492751146404,1.70545694946359,0.422395580673469
145444,0.0184904,41.2624050453305,2.88687562942505,-24.2601718902588,3.61667084693909,15.4178915023804,0.744403958320618,1.45012581348419,0.263832867145538,-0.502492751146404,1.70545694946359,0.422395580673469
145446,0.0197137,41.2821187451482,2.88687562942505,-24.2601718902588,3.61667084693909,15.4178915023804,0.744403958320618,1.45012581348419,0.263832867145538,-0.502492751146404,1.70545694946359,0.422395580673469
145450,0.0166693,41.2987880446017,2.6369366645813,-24.5299472808838,3.31515717506409,16.1637420654297,0.786518216133118,1.53526985645294,0.289467632770538,-1.05462634654544,2.63647378674961,3.17068998471845
145454,0.0166654,41.3154534436762,2.6369366645813,-24.5299472808838,3.31515717506409,16.1637420654297,0.786518216133118,1.53526985645294,0.289467632770538,-1.05462634654544,2.63647378674961,3.17068998471845
145456,0.0166684,41.3321218434721,0.788181841373444,-23.9388217926025,1.48623871803284,15.7908163070679,0.815815091133118,1.55541145801544,0.23178942501545,-1.06424273263652,2.22897371444893,1.74976166709297
145460,0.0166658,41.3487876430154,1.1849102973938,-24.5577182769775,2.03769135475159,17.0087738037109,0.988849759101868,1.64696419239044,0.2253807336092,-0.939759508109623,1.15265894880029,1.31416562572416
145462,0.0166675,41.3654551431537,1.1849102973938,-24.5577182769775,2.03769135475159,17.0087738037109,0.988849759101868,1.64696419239044,0.2253807336092,-0.939759508109623,1.15265894880029,1.31416562572416
145466,0.0166663,41.3821214437485,-0.640040814876556,-22.9985752105713,0.280183970928192,15.7432088851929,0.863422513008118,1.49590218067169,0.283058941364288,-1.75600561314649,1.73538494691918,2.88843639211037
145470,0.0166672,41.3987886440009,-0.640040814876556,-22.9985752105713,0.280183970928192,15.7432088851929,0.863422513008118,1.49590218067169,0.283058941364288,-1.75600561314649,1.73538494691918,2.88843639211037
145474,0.0166669,41.4154555443674,-0.913783490657806,-22.4788608551025,0.0302450135350227,15.6440267562866,0.518268704414368,1.52886116504669,0.21897204220295,-1.38199427681882,1.51027708986532,2.30323716421077
145476,0.0166672,41.4321227446198,1.58560609817505,-22.4034824371338,2.38681244850159,15.7432088851929,1.13167202472687,1.33934700489044,0.354470074176788,-1.51247760529797,0.697123776620431,2.32247905779307
145480,0.0166673,41.4487900454551,1.58560609817505,-22.4034824371338,2.38681244850159,15.7432088851929,1.13167202472687,1.33934700489044,0.354470074176788,-1.51247760529797,0.697123776620431,2.32247905779307
145486,0.0174759,41.466265944764,-2.0127215385437,-23.2445468902588,-1.12026762962341,16.0645599365234,0.786518216133118,1.54167854785919,0.316017925739288,-1.56503889821274,2.00750929079669,1.56729500307219
145488,0.0189137,41.485179644078,-2.0127215385437,-23.2445468902588,-1.12026762962341,16.0645599365234,0.786518216133118,1.54167854785919,0.316017925739288,-1.56503889821274,2.00750929079669,1.56729500307219
145490,0.0166677,41.5018473435193,-1.06454038619995,-23.3953037261963,-0.0689371153712273,15.8661947250366,1.22688686847687,1.33934700489044,0.386513531208038,-1.47298180672525,0.820983262406574,1.56554205324801
145494,0.016667,41.5185143426061,-3.38936948776245,-23.121561050415,-2.52468657493591,16.1915130615234,0.350727200508118,1.80443489551544,0.2381981164217,-1.55960540575898,2.97446376741052,1.92520434269097
145496,0.016667,41.5351813416928,-3.38936948776245,-23.121561050415,-2.52468657493591,16.1915130615234,0.350727200508118,1.80443489551544,0.2381981164217,-1.55960540575898,2.97446376741052,1.92520434269097
145502,0.0166667,41.5518480408937,-3.41317319869995,-23.565896987915,-2.54849028587341,15.8661947250366,0.875324368476868,1.76506721973419,0.373696148395538,-1.06112573983658,1.11774653954936,0.998252187306504
145504,0.016667,41.5685150399804,-3.41317319869995,-23.565896987915,-2.54849028587341,15.8661947250366,0.875324368476868,1.76506721973419,0.373696148395538,-1.06112573983658,1.11774653954936,0.998252187306504
145508,0.0166673,41.5851823408157,-4.23836851119995,-23.121561050415,-3.40145659446716,16.1161346435547,0.214313611388206,2.18437886238098,0.2125633507967,-1.27754640264853,2.7706598152595,0.902351492691875
145510,0.0166674,41.6018497403711,1.10953187942505,-23.5897006988525,1.96231293678284,15.4694662094116,1.42372524738312,1.54167854785919,0.540322124958038,-0.895224861451017,0.603537675039313,0.83817518784018
145514,0.0166668,41.6185165401548,-4.38912534713745,-22.7486362457275,-3.77834868431091,15.9415731430054,0.649189114570618,2.05986714363098,0.380104839801788,-1.33178198786221,3.93884021474543,0.365232915903804
145516,0.0166668,41.6351833399385,-4.38912534713745,-22.7486362457275,-3.77834868431091,15.9415731430054,0.649189114570618,2.05986714363098,0.380104839801788,-1.33178198786221,3.93884021474543,0.365232915903804
145520,0.0166667,41.6518500391394,-3.0918231010437,-24.5299472808838,-2.19936919212341,16.6120452880859,0.434040188789368,2.15141987800598,0.24460680782795,-0.275087779415042,2.65635060197683,-0.641158779272805
145526,0.0215773,41.6734273396432,0.911167681217194,-25.7439365386963,1.78378510475159,16.6120452880859,1.43013393878937,1.75133430957794,0.546730816364288,-0.339134964315989,0.262217552071443,0.0168298150450987
145530,0.0192859,41.6927132401615,-1.4890398979187,-24.9028720855713,-0.596586048603058,15.5686483383179,0.661090970039368,1.98113167285919,0.283058941364288,-0.226939858158879,2.48865251812316,-0.857319956481992
145532,0.0166678,41.7093810401857,-1.4890398979187,-24.9028720855713,-0.596586048603058,15.5686483383179,0.661090970039368,1.98113167285919,0.283058941364288,-0.226939858158879,2.48865251812316,-0.857319956481992
145534,0.0166665,41.7260475400835,-1.4890398979187,-24.9028720855713,-0.596586048603058,15.5686483383179,0.661090970039368,1.98113167285919,0.283058941364288,-0.226939858158879,2.48865251812316,-0.857319956481992
145538,0.0166693,41.742716839537,4.03738832473755,-26.1882724761963,5.01712226867676,16.2391204833984,0.672992825508118,1.86302864551544,0.263832867145538,-0.0711435515067017,1.32213315698199,-1.0195090706285
145542,0.0166652,41.7593820393085,-7.5669207572937,-26.930154800415,-6.90853691101074,16.6120452880859,0.464252591133118,2.41966938972473,0.322426617145538,-0.988051460283712,5.12970103169551,0.360691364074071
145546,0.0166674,41.776049438864,-7.5669207572937,-26.930154800415,-6.90853691101074,16.6120452880859,0.464252591133118,2.41966938972473,0.322426617145538,-0.988051460283712,5.12970103169551,0.360691364074071
145548,0.0166671,41.7927165385336,4.16434144973755,-27.2038974761963,5.04489326477051,15.2472982406616,1.27540981769562,1.41716682910919,0.482643902301788,1.00416516863044,-1.19310485945836,-0.938436059638366
145552,0.0166661,41.8093826379627,4.16434144973755,-27.2038974761963,5.04489326477051,15.2472982406616,1.27540981769562,1.41716682910919,0.482643902301788,1.00416516863044,-1.19310485945836,-0.938436059638366
145554,0.0166725,41.8260551374406,2.86307191848755,-27.3030796051025,3.69204926490784,15.2949056625366,1.27540981769562,1.53526985645294,0.521096050739288,0.965009807217027,-0.961498065573873,-1.18428888626406
145560,0.016663,41.8427181374282,0.637425005435944,-28.3147373199463,1.41086030006409,15.3464803695679,0.547565579414368,2.03331685066223,0.309609234333038,-0.550581415721275,1.45708887363736,-0.429269041812557
145562,0.0167091,41.8594272378832,-0.187770307064056,-29.6993198394775,0.482515513896942,16.3144989013672,1.13808071613312,1.89598762989044,0.482643902301788,-0.68167951924649,0.601288499605891,0.644577994453761
145566,0.0166652,41.8760924376547,-2.8379168510437,-29.3065586090088,-2.29855132102966,16.1637420654297,0.738910794258118,2.19719624519348,0.444191753864288,-1.24755922558962,2.1065530207152,0.858077527118711
145568,0.0166663,41.8927587382495,3.38675355911255,-28.9574375152588,4.16812324523926,14.7989950180054,0.869831204414368,1.76506721973419,0.354470074176788,-0.79881080429345,0.796421773164486,-0.773343872114039
145572,0.0166682,41.9094269387424,3.38675355911255,-28.9574375152588,4.16812324523926,14.7989950180054,0.869831204414368,1.76506721973419,0.354470074176788,-0.79881080429345,0.796421773164486,-0.773343872114039
145574,0.0166673,41.9260942395777,1.03812074661255,-28.5131015777588,1.60922455787659,14.6998128890991,1.32851040363312,1.65978157520294,0.560463726520538,-0.858327304948175,0.852517194855424,-0.807664266151429
145580,0.0166669,41.9427611399442,-3.41317319869995,-28.0449619293213,-3.00076079368591,14.7751913070679,0.273822903633118,2.28874897956848,0.18051989376545,-1.43579930392669,3.53706712787005,-0.193347155914859
145582,0.0166671,41.9594282396138,-3.41317319869995,-28.0449619293213,-3.00076079368591,14.7751913070679,0.273822903633118,2.28874897956848,0.18051989376545,-1.43579930392669,3.53706712787005,-0.193347155914859
145586,0.0166662,41.9760944396257,0.510471880435944,-28.2393589019775,1.35928559303284,14.7989950180054,1.06666958332062,1.70555794239044,0.476235210895538,-1.17983626237067,-0.00627432587268669,0.0998404819759595
145588,0.0166679,41.9927623402327,0.510471880435944,-28.2393589019775,1.35928559303284,14.7989950180054,1.06666958332062,1.70555794239044,0.476235210895538,-1.17983626237067,-0.00627432587268669,0.0998404819759595
145592,0.0166663,42.0094286408275,0.0343976616859436,-27.5728549957275,0.883211314678192,14.0769491195679,0.148395642638206,2.07268452644348,0.1356590539217,-2.37058921458621,1.53385172787705,-0.55235443731077
145594,0.0166666,42.0260952413082,3.36294984817505,-28.56467628479,4.29110908508301,15.3702840805054,1.19758999347687,1.71196663379669,0.527504742145538,-1.85610938730316,-0.987282385424537,0.312216012521969
145600,0.0166674,42.0427626408637,3.36294984817505,-28.56467628479,4.29110908508301,15.3702840805054,1.19758999347687,1.71196663379669,0.527504742145538,-1.85610938730316,-0.987282385424537,0.312216012521969
145602,0.0166663,42.0594289414585,-3.7662615776062,-27.4260654449463,-3.12771391868591,13.7794027328491,0.589679837226868,2.05345845222473,0.23178942501545,-2.856731920685,3.56105955416057,0.651663650846552
145606,0.0166676,42.0760965421796,-3.7662615776062,-27.4260654449463,-3.12771391868591,13.7794027328491,0.589679837226868,2.05345845222473,0.23178942501545,-2.856731920685,3.56105955416057,0.651663650846552
145610,0.0190651,42.0951616428792,1.41104555130005,-27.0769443511963,2.33523774147034,13.8071737289429,0.672992825508118,1.82366096973419,0.295876324176788,-2.67699773895953,1.05164135622342,0.0256210417088069
145614,0.0187127,42.1138743422925,-3.9884295463562,-26.2874546051025,-3.34988188743591,14.5252523422241,0.380939602851868,2.50481343269348,0.19333727657795,-3.07391770798901,3.59564390651401,0.413338548875936
145616,0.0166688,42.1305431425571,-3.9884295463562,-26.2874546051025,-3.34988188743591,14.5252523422241,0.380939602851868,2.50481343269348,0.19333727657795,-3.07391770798901,3.59564390651401,0.413338548875936
145620,0.0166665,42.147209642455,3.4621319770813,-28.4139194488525,4.36648750305176,15.0211629867554,1.08406460285187,1.66619026660919,0.463417828083038,-1.30299854818429,-0.0803169751577732,0.520539922675148
145622,0.016667,42.1638766415417,-2.2666277885437,-25.4463901519775,-1.77486968040466,12.9105672836304,0.0650826618075371,2.19078755378723,0.1997459679842,-2.73540399463057,2.89417837682525,0.544302928150204
145626,0.0166662,42.1805428415537,-2.2666277885437,-25.4463901519775,-1.77486968040466,12.9105672836304,0.0650826618075371,2.19078755378723,0.1997459679842,-2.73540399463057,2.89417837682525,0.544302928150204
145628,0.0166672,42.1972100418061,-1.23910093307495,-26.08909034729,-0.521207630634308,14.3030843734741,0.250019192695618,2.30889058113098,0.19333727657795,-2.8007536659338,2.66340543208,1.54114966785396
145634,0.0166668,42.2138768415898,-1.36605405807495,-24.7521152496338,-0.719571888446808,13.7555990219116,0.720600247383118,1.96831429004669,0.392922222614288,-3.01668379908993,1.77229953595258,0.805080370936969
145636,0.0166671,42.2305439412594,-1.36605405807495,-24.7521152496338,-0.719571888446808,13.7555990219116,0.720600247383118,1.96831429004669,0.392922222614288,-3.01668379908993,1.77229953595258,0.805080370936969
145640,0.0167406,42.2472845409065,4.71182680130005,-25.6685581207275,5.62014961242676,15.9177694320679,0.798420071601868,1.89598762989044,0.257424175739288,-1.80721563134825,-0.361652214861985,1.22981140949883
145642,0.0166668,42.2639513406903,4.71182680130005,-25.6685581207275,5.62014961242676,15.9177694320679,0.798420071601868,1.89598762989044,0.257424175739288,-1.80721563134825,-0.361652214861985,1.22981140949883
145646,0.016667,42.280618339777,4.71182680130005,-25.6685581207275,5.62014961242676,15.9177694320679,0.798420071601868,1.89598762989044,0.257424175739288,-1.80721563134825,-0.361652214861985,1.22981140949883
145652,0.0183035,42.2989218402654,-2.69112730026245,-23.3675327301025,-1.97323393821716,13.2081136703491,0.506366848945618,2.27593159675598,0.21897204220295,-3.17530319913955,3.75777134843855,0.465707891834063
145654,0.0190877,42.3180095404387,-1.1399188041687,-23.6888828277588,-0.445829212665558,15.5924520492554,0.720600247383118,2.53136372566223,0.328835308551788,-3.49903222341643,1.81883883466578,1.07514965706958
145656,0.0166683,42.3346778396517,0.185154497623444,-23.9388217926025,1.05777192115784,14.5490560531616,1.09596645832062,1.96831429004669,0.469826519489288,-1.97982036406937,1.11633718745094,0.695601744837363
145660,0.0166667,42.3513445388526,0.185154497623444,-23.9388217926025,1.05777192115784,14.5490560531616,1.09596645832062,1.96831429004669,0.469826519489288,-1.97982036406937,1.11633718745094,0.695601744837363
145664,0.0166671,42.3680116385221,1.76016664505005,-23.0977573394775,2.68832612037659,14.6760091781616,1.19118130207062,1.79711067676544,0.546730816364288,-2.22070737001872,0.289376022253761,0.373931928628843
145668,0.0166668,42.3846784383059,2.91067934036255,-23.343729019165,3.83883881568909,14.2515096664429,1.10786831378937,1.69274055957794,0.495461285114288,-2.250831960289,0.0767868685854326,0.242757311058111
145670,0.0166682,42.4013466387987,2.91067934036255,-23.343729019165,3.83883881568909,14.2515096664429,1.10786831378937,1.69274055957794,0.495461285114288,-2.250831960289,0.0767868685854326,0.242757311058111
145674,0.0166661,42.4180127382278,-3.88924741744995,-21.9353427886963,-3.34988188743591,13.9777669906616,0.494464993476868,2.64946675300598,0.21897204220295,-4.08018114473607,3.96835275321753,0.937945325177615
145676,0.0166669,42.4346796385944,-3.88924741744995,-21.9353427886963,-3.34988188743591,13.9777669906616,0.494464993476868,2.64946675300598,0.21897204220295,-4.08018114473607,3.96835275321753,0.937945325177615
145680,0.0166668,42.4513464383781,-3.88924741744995,-21.9353427886963,-3.34988188743591,13.9777669906616,0.494464993476868,2.64946675300598,0.21897204220295,-4.08018114473607,3.96835275321753,0.937945325177615
145684,0.0166667,42.468013137579,-2.3142352104187,-21.4632358551025,-1.69949126243591,12.4900350570679,0.136493787169456,2.74101948738098,0.2125633507967,-3.69512710345556,3.16049111402223,-1.18877384382071
145688,0.0166667,42.4846798367798,-2.3142352104187,-21.4632358551025,-1.69949126243591,12.4900350570679,0.136493787169456,2.74101948738098,0.2125633507967,-3.69512710345556,3.16049111402223,-1.18877384382071
145694,0.021189,42.5058688372374,-3.56393003463745,-20.9712924957275,-2.97695708274841,12.3908529281616,0.559467434883118,2.58354878425598,0.23178942501545,-2.81929122850458,3.42508029730287,-2.20423243264855
145696,0.0206007,42.5264695379883,-3.56393003463745,-20.9712924957275,-2.97695708274841,12.3908529281616,0.559467434883118,2.58354878425598,0.23178942501545,-2.81929122850458,3.42508029730287,-2.20423243264855
145700,0.0166684,42.5431379377842,-3.56393003463745,-20.9712924957275,-2.97695708274841,12.3908529281616,0.559467434883118,2.58354878425598,0.23178942501545,-2.81929122850458,3.42508029730287,-2.20423243264855
145702,0.016666,42.5598039384931,4.5888409614563,-22.6018466949463,5.41781806945801,13.9777669906616,-0.0484427288174629,2.27593159675598,0.1356590539217,-1.40544653556184,0.00116200907011419,-2.8020723884154
145706,0.0166688,42.5764727387577,4.5888409614563,-22.6018466949463,5.41781806945801,13.9777669906616,-0.0484427288174629,2.27593159675598,0.1356590539217,-1.40544653556184,0.00116200907011419,-2.8020723884154
145708,0.0166667,42.5931394379586,0.0343976616859436,-22.3558750152588,1.03396821022034,14.2277059555054,1.09047329425812,2.11846089363098,0.501869976520538,-1.78166081558496,0.774007680778933,-1.66845968237111
145712,0.0166677,42.6098071373999,0.0343976616859436,-22.3558750152588,1.03396821022034,14.2277059555054,1.09047329425812,2.11846089363098,0.501869976520538,-1.78166081558496,0.774007680778933,-1.66845968237111
145714,0.0166663,42.6264734379947,0.0343976616859436,-22.3558750152588,1.03396821022034,14.2277059555054,1.09047329425812,2.11846089363098,0.501869976520538,-1.78166081558496,0.774007680778933,-1.66845968237111
145718,0.0166679,42.6431413386017,-0.965358197689056,-22.28049659729,-0.267301380634308,12.9383382797241,0.738910794258118,2.29515767097473,0.322426617145538,-2.00735502353023,2.7933217041128,-3.95157076323382
145722,0.0166661,42.6598074380308,2.9384503364563,-23.4191074371338,3.91421723365784,13.8547811508179,1.00075161457062,1.65337288379669,0.566872417926788,-1.43571984511583,1.47316946015668,-4.14331129508618
145724,0.0166671,42.6764745377004,4.1365704536438,-23.6412754058838,5.24325752258301,13.7079916000366,0.404743313789368,1.62041389942169,0.392922222614288,-2.66325835625519,3.06283587144533,-3.97102721822246
145728,0.0166671,42.69314163737,2.38699769973755,-21.2926425933838,3.58889985084534,10.6254110336304,0.941242337226868,1.13609993457794,0.257424175739288,-3.80275515768983,5.47059901385882,-7.49214614329138
145734,0.0166669,42.7098085377365,2.38699769973755,-21.2926425933838,3.58889985084534,10.6254110336304,0.941242337226868,1.13609993457794,0.257424175739288,-3.80275515768983,5.47059901385882,-7.49214614329138
145736,0.0175569,42.7273654378951,3.38675355911255,-20.9435214996338,4.31888008117676,10.7245931625366,0.696796536445618,1.35857307910919,0.335243999958038,-4.89507325945074,8.9948325690343,-11.5660703597338
145740,0.0166691,42.7440345380455,4.21194887161255,-20.59836769104,5.29483222961426,10.6016073226929,0.618976712226868,1.31279671192169,0.412148296833038,-4.93069943076206,9.09247845945934,-11.7989522023676
145742,0.0166662,42.7607007380575,4.21194887161255,-20.59836769104,5.29483222961426,10.6016073226929,0.618976712226868,1.31279671192169,0.412148296833038,-4.93069943076206,9.09247845945934,-11.7989522023676
145746,0.0166673,42.7773680388927,3.6366925239563,-19.0392246246338,4.74337959289551,9.55821132659912,0.738910794258118,0.978629231452942,0.405739605426788,-5.37831553005797,10.8992745570055,-14.0823890904903
145748,0.0166665,42.7940345387906,3.6366925239563,-19.0392246246338,4.74337959289551,9.55821132659912,0.738910794258118,0.978629231452942,0.405739605426788,-5.37831553005797,10.8992745570055,-14.0823890904903
145752,0.0166673,42.8107018396258,3.9858136177063,-19.1622104644775,5.12027168273926,9.53440761566162,0.738910794258118,0.874259114265442,0.424965679645538,-5.4540260357663,11.2486483630358,-14.3642821492669
145754,0.0166664,42.8273682389408,4.4142804145813,-17.9759922027588,5.52096748352051,9.03849697113037,0.637287259101868,0.579459309577942,0.482643902301788,-5.92813266062306,11.6986329375187,-16.5959643482595
145758,0.0166677,42.8440359383821,4.4142804145813,-17.9759922027588,5.52096748352051,9.03849697113037,0.637287259101868,0.579459309577942,0.482643902301788,-5.92813266062306,11.6986329375187,-16.5959643482595
145762,0.0166663,42.860702238977,4.4142804145813,-17.9759922027588,5.52096748352051,9.03849697113037,0.637287259101868,0.579459309577942,0.482643902301788,-5.92813266062306,11.6986329375187,-16.5959643482595
145766,0.0166679,42.8773701395839,1.6133770942688,-21.4632358551025,2.88669037818909,11.6965780258179,0.786518216133118,1.39153206348419,0.469826519489288,-4.50422627108206,7.59156067942289,-11.6101286096443
145768,0.0166664,42.8940365388989,1.6133770942688,-21.4632358551025,2.88669037818909,11.6965780258179,0.786518216133118,1.39153206348419,0.469826519489288,-4.50422627108206,7.59156067942289,-11.6101286096443
145774,0.019361,42.913397539407,1.8117413520813,-20.2532138824463,2.96206879615784,11.6688070297241,0.911029934883118,1.30638802051544,0.482643902301788,-5.03032442739614,7.82849086718402,-12.1701746893537
145776,0.0166674,42.9300649389625,0.887363970279694,-21.217264175415,2.00992035865784,11.2958822250366,0.720600247383118,1.62682259082794,0.476235210895538,-4.69588776902483,9.86585770821808,-15.250157408645
145780,0.0166673,42.9467322397977,0.887363970279694,-21.217264175415,2.00992035865784,11.2958822250366,0.720600247383118,1.62682259082794,0.476235210895538,-4.69588776902483,9.86585770821808,-15.250157408645
145782,0.016667,42.9633992388844,0.887363970279694,-21.217264175415,2.00992035865784,11.2958822250366,0.720600247383118,1.62682259082794,0.476235210895538,-4.69588776902483,9.86585770821808,-15.250157408645
145786,0.0166669,42.980066139251,-0.838405072689056,-23.4191074371338,0.0580160096287727,12.6130208969116,0.702289700508118,2.34825825691223,0.399330914020538,-4.4050850017588,5.09088514156034,-7.72002160383509
145788,0.016667,42.9967331383377,-1.1875262260437,-23.8396396636963,-0.318876087665558,12.7122030258179,0.744403958320618,2.36107563972473,0.399330914020538,-3.97173703328323,4.01219830157462,-6.43122485581236
145792,0.0166684,43.0134015381336,-1.1875262260437,-23.8396396636963,-0.318876087665558,12.7122030258179,0.744403958320618,2.36107563972473,0.399330914020538,-3.97173703328323,4.01219830157462,-6.43122485581236
145796,0.0166658,43.0300673376769,-0.437709271907806,-24.8274936676025,0.232576549053192,13.7555990219116,0.744403958320618,2.45903706550598,0.405739605426788,-3.11131522786619,2.21217451362739,-2.15428048368473
145800,0.0166676,43.046734938398,-0.437709271907806,-24.8274936676025,0.232576549053192,13.7555990219116,0.744403958320618,2.45903706550598,0.405739605426788,-3.11131522786619,2.21217451362739,-2.15428048368473
145802,0.0166663,43.0634012389928,-0.715419232845306,-24.9266757965088,0.0818197205662727,13.6088094711304,0.744403958320618,2.43981099128723,0.405739605426788,-3.16596745208167,2.36481393871606,-1.97688322303352
145806,0.0166672,43.0800684392452,-1.0129656791687,-24.5577182769775,-0.195890247821808,13.2834920883179,0.815815091133118,2.28874897956848,0.444191753864288,-2.62084237812716,0.982538923844855,-0.184280561710361
145808,0.0166667,43.0967351384461,-1.0129656791687,-24.5577182769775,-0.195890247821808,13.2834920883179,0.815815091133118,2.28874897956848,0.444191753864288,-2.62084237812716,0.982538923844855,-0.184280561710361
145814,0.0199112,43.1166463382542,-2.04049253463745,-24.6529331207275,-1.27102446556091,13.0613241195679,0.851520657539368,2.15782856941223,0.360878765583038,-2.60119193633258,-0.11505949987767,0.624139481869065
145818,0.0166673,43.1333136390895,-2.04049253463745,-24.6529331207275,-1.27102446556091,13.0613241195679,0.851520657539368,2.15782856941223,0.360878765583038,-2.60119193633258,-0.11505949987767,0.624139481869065
145820,0.0166673,43.1499809399247,-2.04049253463745,-24.6529331207275,-1.27102446556091,13.0613241195679,0.851520657539368,2.15782856941223,0.360878765583038,-2.60119193633258,-0.11505949987767,0.624139481869065
145822,0.0166689,43.1666498407722,-1.76278257369995,-23.8872470855713,-1.07266020774841,13.6088094711304,0.792011380195618,1.95458137989044,0.392922222614288,-2.376738553453,-0.275204801295398,1.21129500393282
145826,0.0166656,43.1833154410124,-1.76278257369995,-23.8872470855713,-1.07266020774841,13.6088094711304,0.792011380195618,1.95458137989044,0.392922222614288,-2.376738553453,-0.275204801295398,1.21129500393282
145830,0.0166676,43.1999830417335,-1.8381609916687,-23.8158359527588,-1.09646391868591,13.6088094711304,0.774616360664368,1.91521370410919,0.354470074176788,-2.25982345656666,-0.201760060444261,1.02208268688117
145834,0.0166672,43.2166502419859,-1.88973569869995,-24.7283115386963,-1.02108550071716,14.3784627914429,0.738910794258118,2.11846089363098,0.24460680782795,-2.27295887745251,-1.25838236078731,2.36439993025968
145836,0.0166667,43.2333169411868,-1.88973569869995,-24.7283115386963,-1.02108550071716,14.3784627914429,0.738910794258118,2.11846089363098,0.24460680782795,-2.27295887745251,-1.25838236078731,2.36439993025968
145840,0.0166668,43.2499837409705,-2.0127215385437,-23.8634433746338,-1.19564604759216,13.8071737289429,0.661090970039368,1.95458137989044,0.1100242882967,-2.13323731304326,-1.30240253910691,2.22582749414664
145842,0.0166673,43.2666510418057,-1.41366147994995,-23.1453647613525,-0.596586048603058,14.0055379867554,0.559467434883118,1.75133430957794,-0.0446998327970505,-1.47080901230415,-1.09738284383262,1.36948402710512
145846,0.0166662,43.2833172418177,-1.41366147994995,-23.1453647613525,-0.596586048603058,14.0055379867554,0.559467434883118,1.75133430957794,-0.0446998327970505,-1.47080901230415,-1.09738284383262,1.36948402710512
145850,0.0175177,43.3008349426091,-1.9651141166687,-24.4823398590088,-1.12026762962341,14.4260702133179,0.476154446601868,1.98113167285919,-0.23146741092205,-0.875643033013553,-1.20459943845975,1.11589985230855
145856,0.0186641,43.3194990418851,-1.73897886276245,-23.0977573394775,-1.07266020774841,14.8981771469116,0.219806775450706,2.07909321784973,-0.301963031291962,-0.91653530864565,-1.42253784564822,2.64142156673078
145858,0.0166951,43.3361941426992,-1.73897886276245,-23.0977573394775,-1.07266020774841,14.8981771469116,0.219806775450706,2.07909321784973,-0.301963031291962,-0.91653530864565,-1.42253784564822,2.64142156673078
145862,0.0166678,43.3528619427234,-2.4649920463562,-23.343729019165,-1.62411284446716,15.3940877914429,0.0110665466636419,2.19078755378723,-0.308371722698212,0.561735433544568,-0.650949163613742,0.205362145601444
145864,0.0166689,43.3695308435708,-2.4649920463562,-23.343729019165,-1.62411284446716,15.3940877914429,0.0110665466636419,2.19078755378723,-0.308371722698212,0.561735433544568,-0.650949163613742,0.205362145601444
145868,0.0166655,43.3861963432282,-3.51632261276245,-22.72483253479,-2.65163969993591,16.5128631591797,-0.358806490898132,2.51122212409973,-0.398093402385712,-0.119862029209809,-0.39234096217173,2.7501923604647
145870,0.0166669,43.4028632435948,-2.51656675338745,-22.455057144165,-1.64791655540466,16.3898773193359,-0.501628756523132,2.29515767097473,-0.398093402385712,-0.0861107752337604,-0.537989344110383,2.48642636728657
145874,0.0166673,43.41953054443,-2.51656675338745,-22.455057144165,-1.64791655540466,16.3898773193359,-0.501628756523132,2.29515767097473,-0.398093402385712,-0.0861107752337604,-0.537989344110383,2.48642636728657
145878,0.0166668,43.4361973442137,-3.71468687057495,-21.26487159729,-2.90157866477966,16.0645599365234,-0.0960501506924629,1.95458137989044,-0.2378761023283,-0.214547206455683,-1.85097296406855,4.59964412480692
145880,0.0166668,43.4528641439974,-3.71468687057495,-21.26487159729,-2.90157866477966,16.0645599365234,-0.0960501506924629,1.95458137989044,-0.2378761023283,-0.214547206455683,-1.85097296406855,4.59964412480692
145884,0.0166672,43.4695313442498,-3.71468687057495,-21.26487159729,-2.90157866477966,16.0645599365234,-0.0960501506924629,1.95458137989044,-0.2378761023283,-0.214547206455683,-1.85097296406855,4.59964412480692
145888,0.0166763,43.4862076435238,6.31461000442505,-22.3558750152588,7.09994697570801,17.0087738037109,-0.936504244804382,1.58104622364044,-0.404502093791962,1.82352755706327,-4.36324736409948,2.34469279077408
145890,0.0166586,43.5028662439436,6.31461000442505,-22.3558750152588,7.09994697570801,17.0087738037109,-0.936504244804382,1.58104622364044,-0.404502093791962,1.82352755706327,-4.36324736409948,2.34469279077408
145896,0.0193485,43.52221474424,-4.66683530807495,-19.4597568511963,-3.50063872337341,16.0169525146484,-0.316692233085632,2.14501118659973,-0.334006488323212,-0.973897980209886,1.02196445650153,4.00703401548397
145898,0.0206063,43.5428210441023,-4.66683530807495,-19.4597568511963,-3.50063872337341,16.0169525146484,-0.316692233085632,2.14501118659973,-0.334006488323212,-0.973897980209886,1.02196445650153,4.00703401548397
145902,0.0166676,43.5594886448234,-4.66683530807495,-19.4597568511963,-3.50063872337341,16.0169525146484,-0.316692233085632,2.14501118659973,-0.334006488323212,-0.973897980209886,1.02196445650153,4.00703401548397
145906,0.0166761,43.5761647447944,0.137547075748444,-19.8088779449463,0.982393443584442,16.1915130615234,-0.274577975273132,1.67992317676544,-0.263510882854462,-0.6862168679033,-2.52004453306073,4.09956708849546
145908,0.0166652,43.5928299445659,0.760410845279694,-18.9400424957275,1.75998139381409,14.6760091781616,-0.775371432304382,1.47026741504669,-0.469504535198212,-0.529290586954736,0.441288602280066,2.93198168566587
145912,0.0166682,43.6094981450588,0.760410845279694,-18.9400424957275,1.75998139381409,14.6760091781616,-0.775371432304382,1.47026741504669,-0.469504535198212,-0.529290586954736,0.441288602280066,2.93198168566587
145914,0.0166669,43.6261650454253,3.86282777786255,-19.2375888824463,4.71957588195801,14.7751913070679,-0.394512057304382,1.26061165332794,-0.282736957073212,0.0206596571560434,-0.941874159226139,2.62924809669508
145920,0.0166678,43.6428328454494,1.1611065864563,-20.0548496246338,2.13687348365784,16.5366668701172,0.542072415351868,1.28624641895294,-0.0126563757658005,-0.584722653538989,-2.83275561630991,3.35858635392439
145922,0.0166672,43.6595000457019,1.1611065864563,-20.0548496246338,2.13687348365784,16.5366668701172,0.542072415351868,1.28624641895294,-0.0126563757658005,-0.584722653538989,-2.83275561630991,3.35858635392439
145926,0.0166678,43.676167845726,2.23624086380005,-20.0032749176025,3.36276459693909,15.2711019515991,-0.191265001893044,1.40434944629669,-0.263510882854462,1.28710804849639,-0.00850208685418847,2.04737279246925
145928,0.0166673,43.6928351465613,2.23624086380005,-20.0032749176025,3.36276459693909,15.2711019515991,-0.191265001893044,1.40434944629669,-0.263510882854462,1.28710804849639,-0.00850208685418847,2.04737279246925
145932,0.0166672,43.7095023468137,-0.465480268001556,-19.757303237915,0.609468638896942,15.9653768539429,-0.131755724549294,1.48949348926544,-0.263510882854462,-0.194319327171025,-0.391466904443681,2.51851428716775
145938,0.0207893,43.7302916459739,-4.86519956588745,-18.91623878479,-3.87753081321716,15.0211629867554,0.0650826618075371,1.40434944629669,-0.250693500041962,1.27178770280134,0.00985118630097766,1.33724189260223
145940,0.0166673,43.7469589468092,-4.86519956588745,-18.91623878479,-3.87753081321716,15.0211629867554,0.0650826618075371,1.40434944629669,-0.250693500041962,1.27178770280134,0.00985118630097766,1.33724189260223
145944,0.016668,43.7636269461364,4.66421937942505,-21.3402500152588,5.37021064758301,16.8619842529297,0.273822903633118,1.22124397754669,-0.1664649695158,0.43016444624625,-3.16316714188192,2.69274587202208
145946,0.0166662,43.7802931461483,4.66421937942505,-21.3402500152588,5.37021064758301,16.8619842529297,0.273822903633118,1.22124397754669,-0.1664649695158,0.43016444624625,-3.16316714188192,2.69274587202208
145950,0.0166673,43.7969604469836,0.212925493717194,-19.9556674957275,1.20852875709534,15.3187093734741,-0.561138033866882,1.58104622364044,-0.456687152385712,1.49173475802812,0.854562902107946,1.66599314049128
145952,0.0167349,43.8136953469366,5.36246156692505,-22.3558750152588,6.27078437805176,16.3898773193359,0.184101209044456,1.12969124317169,-0.250693500041962,2.05598517347626,-3.11475308584044,0.684382853115675
145956,0.0166663,43.8303616475314,5.36246156692505,-22.3558750152588,6.27078437805176,16.3898773193359,0.184101209044456,1.12969124317169,-0.250693500041962,2.05598517347626,-3.11475308584044,0.684382853115675
145958,0.0166673,43.8470289483666,5.36246156692505,-22.3558750152588,6.27078437805176,16.3898773193359,0.184101209044456,1.12969124317169,-0.250693500041962,2.05598517347626,-3.11475308584044,0.684382853115675
145964,0.0166677,43.863696647808,4.23575258255005,-23.565896987915,5.21945381164551,16.5128631591797,0.226215466856956,1.14891731739044,-0.2250587195158,0.868021329126356,-2.77963289992615,2.85048170900755
145966,0.0166663,43.8803629484028,4.23575258255005,-23.565896987915,5.21945381164551,16.5128631591797,0.226215466856956,1.14891731739044,-0.2250587195158,0.868021329126356,-2.77963289992615,2.85048170900755
145970,0.0166668,43.8970297481865,2.7638897895813,-23.0223789215088,3.48971772193909,16.6358489990234,0.267414212226868,1.27342903614044,-0.17287366092205,0.749780438646531,-2.37187873120328,2.89751558497296
145972,0.0166673,43.9136970490217,2.91067934036255,-23.5420932769775,3.98959565162659,16.0645599365234,-0.233379259705544,1.43730843067169,-0.398093402385712,1.67557697785125,-0.429113740896884,0.905900842917386
145980,0.0194975,43.9331945497543,1.1373028755188,-25.7677402496338,2.18844819068909,17.0087738037109,-0.161968126893044,1.82366096973419,-0.24428479373455,1.72253820436385,0.150230298455535,1.23910372244689
145982,0.0227823,43.9559768494219,1.1373028755188,-25.7677402496338,2.18844819068909,17.0087738037109,-0.161968126893044,1.82366096973419,-0.24428479373455,1.72253820436385,0.150230298455535,1.23910372244689
145984,0.0166675,43.9726443495601,1.1373028755188,-25.7677402496338,2.18844819068909,17.0087738037109,-0.161968126893044,1.82366096973419,-0.24428479373455,1.72253820436385,0.150230298455535,1.23910372244689
145988,0.0166743,43.9893186502159,1.4626202583313,-25.6209506988525,2.38681244850159,17.2825164794922,-0.0841482952237129,2.02049946784973,0.0514305382966995,1.1218323864129,0.46044642952827,1.37188906644767
145990,0.0166607,44.0059793498367,1.26028871536255,-25.3710117340088,2.21225190162659,17.2071380615234,-0.0127371642738581,2.05986714363098,0.1484764367342,1.04082551148466,0.748212979135165,0.753256676179111
145994,0.0166691,44.0226484499872,1.26028871536255,-25.3710117340088,2.21225190162659,17.2071380615234,-0.0127371642738581,2.05986714363098,0.1484764367342,1.04082551148466,0.748212979135165,0.753256676179111
145998,0.016668,44.0393164493144,1.1849102973938,-25.3710117340088,2.08529877662659,17.2825164794922,0.124591939151287,2.11846089363098,0.2125633507967,0.76825233242024,0.404941405813377,0.264136208285925
146002,0.0166667,44.0559831485152,0.685032427310944,-25.1012363433838,1.58542084693909,16.7866058349609,0.184101209044456,2.07268452644348,0.257424175739288,0.877376780945478,0.170626451443871,0.177880373007864
146004,0.016666,44.0726491492242,0.685032427310944,-25.1012363433838,1.58542084693909,16.7866058349609,0.184101209044456,2.07268452644348,0.257424175739288,0.877376780945478,0.170626451443871,0.177880373007864
146008,0.0166688,44.0893179494888,0.859592974185944,-25.2718296051025,1.81155610084534,16.9333953857422,0.416645169258118,2.04613423347473,0.295876324176788,-0.141129873035639,0.276326535080498,-0.0790054511877078
146010,0.0166659,44.1059838496149,0.859592974185944,-25.2718296051025,1.81155610084534,16.9333953857422,0.416645169258118,2.04613423347473,0.295876324176788,-0.141129873035639,0.276326535080498,-0.0790054511877078
146014,0.0166689,44.1226527504623,0.859592974185944,-24.581521987915,1.75998139381409,16.4374847412109,0.410236477851868,2.03331685066223,0.251015484333038,-0.625771211509289,1.27266137701141,-0.245857947848881
146020,0.0201621,44.1428148504347,0.859592974185944,-24.581521987915,1.75998139381409,16.4374847412109,0.410236477851868,2.03331685066223,0.251015484333038,-0.625771211509289,1.27266137701141,-0.245857947848881
146024,0.019929,44.1627438496798,-0.790797650814056,-24.3831577301025,0.0302450135350227,16.3898773193359,0.535663723945618,2.07909321784973,0.289467632770538,-0.333917643130362,1.37219549670796,-0.586803959256103
146026,0.0167002,44.1794440504164,0.335911333560944,-24.4585361480713,1.33548188209534,16.2906951904297,0.839618802070618,2.02690815925598,0.341652691364288,-0.365258297841124,0.441879567740639,-0.315509225164804
146028,0.0166677,44.1961117498577,0.335911333560944,-24.4585361480713,1.33548188209534,16.2906951904297,0.839618802070618,2.02690815925598,0.341652691364288,-0.365258297841124,0.441879567740639,-0.315509225164804
146032,0.0166678,44.2127795498818,-0.215541303157806,-23.9864292144775,0.684847056865692,16.1637420654297,0.511860013008118,2.13860249519348,0.23178942501545,-0.647940227643218,1.3191269311175,-0.604703473022229
146036,0.0166661,44.2294456493109,-0.215541303157806,-23.9864292144775,0.684847056865692,16.1637420654297,0.511860013008118,2.13860249519348,0.23178942501545,-0.647940227643218,1.3191269311175,-0.604703473022229
146040,0.0166674,44.2461130488664,-0.838405072689056,-24.010232925415,0.0580160096287727,16.3383026123047,0.535663723945618,2.24938130378723,0.1869285851717,-0.893096769468792,2.69660547331339,-1.02297993658634
146042,0.016668,44.2627810481936,-0.314723432064056,-24.3831577301025,0.581697642803192,16.4612884521484,0.702289700508118,2.07268452644348,0.263832867145538,-0.978172308764729,2.11224873478981,-0.93345884874395
146046,0.0166659,44.2794469483197,-0.314723432064056,-24.3831577301025,0.581697642803192,16.4612884521484,0.702289700508118,2.07268452644348,0.263832867145538,-0.978172308764729,2.11224873478981,-0.93345884874395
146048,0.0166681,44.2961150482297,-0.564662396907806,-23.9864292144775,0.383333384990692,16.4374847412109,0.499958157539368,2.20360493659973,0.20615465939045,-1.26656628941074,1.81193491650884,-0.388962208679592
146052,0.0166661,44.3127811476588,-3.4885516166687,-23.74045753479,-2.60006499290466,15.8661947250366,0.440448880195618,2.43981099128723,0.21897204220295,-1.30803795235617,2.1700215099731,-0.0788402798420782
146056,0.0166664,44.3294475469738,-2.2904314994812,-24.3077793121338,-1.42178130149841,16.0407562255859,0.810321927070618,2.17705464363098,0.418556988239288,-1.2664659418716,1.80848864662124,-0.0393554544794766
146062,0.019571,44.349018547684,3.1368145942688,-24.7521152496338,4.04117012023926,15.7194051742554,1.14357388019562,1.79070198535919,0.437783062458038,-0.23083558530352,-0.874499213425082,0.170830406533948
146064,0.0201585,44.3691770471632,3.1368145942688,-24.7521152496338,4.04117012023926,15.7194051742554,1.14357388019562,1.79070198535919,0.437783062458038,-0.23083558530352,-0.874499213425082,0.170830406533948
146066,0.0166679,44.3858449477702,-5.2896990776062,-23.4667148590088,-4.60354423522949,15.6678304672241,0.470661282539368,2.64305806159973,0.263832867145538,-2.08764830486753,4.65249772533918,-0.226049266081023
146070,0.0166671,44.4025120474398,3.73587465286255,-24.40696144104,4.49344062805176,16.1161346435547,0.887226223945618,1.89598762989044,0.399330914020538,-0.947602827527608,0.233035733779774,-0.136431300823303
146074,0.016667,44.4191790465266,3.73587465286255,-24.40696144104,4.49344062805176,16.1161346435547,0.887226223945618,1.89598762989044,0.399330914020538,-0.947602827527608,0.233035733779774,-0.136431300823303
146076,0.0166665,44.4358455464244,-1.6397967338562,-24.2085971832275,-0.945707142353058,15.0489339828491,0.434040188789368,2.30156636238098,0.20615465939045,-1.10267043090159,2.65203256552796,-0.66944086652389
146080,0.0166669,44.4525124467909,-1.6397967338562,-24.2085971832275,-0.945707142353058,15.0489339828491,0.434040188789368,2.30156636238098,0.20615465939045,-1.10267043090159,2.65203256552796,-0.66944086652389
146084,0.0166673,44.4691797476262,-1.6397967338562,-24.2085971832275,-0.945707142353058,15.0489339828491,0.434040188789368,2.30156636238098,0.20615465939045,-1.10267043090159,2.65203256552796,-0.66944086652389
146086,0.0166675,44.4858472477645,-3.36556577682495,-24.8274936676025,-2.75082182884216,15.3187093734741,0.315021634101868,2.66869282722473,0.14206774532795,-1.76596087206842,3.07058021663465,-0.562415782745957
146090,0.0166662,44.5025134477764,-3.36556577682495,-24.8274936676025,-2.75082182884216,15.3187093734741,0.315021634101868,2.66869282722473,0.14206774532795,-1.76596087206842,3.07058021663465,-0.562415782745957
146094,0.0166667,44.5191801469773,-3.4885516166687,-24.6529331207275,-2.79842925071716,15.8423910140991,0.457843899726868,2.63573384284973,0.19333727657795,-1.84397803927565,2.91779139971886,-0.671218415018925
146096,0.0166671,44.5358472466469,0.685032427310944,-26.263650894165,1.45846772193909,16.0407562255859,0.470661282539368,2.51122212409973,0.289467632770538,-1.38738747596566,1.97198078381755,-0.960420079622812
146102,0.0166674,44.5525146462023,0.685032427310944,-26.263650894165,1.45846772193909,16.0407562255859,0.470661282539368,2.51122212409973,0.289467632770538,-1.38738747596566,1.97198078381755,-0.960420079622812
146104,0.0166665,44.5691811461002,3.1130108833313,-26.5096225738525,3.94198822975159,16.0883636474609,1.07857143878937,1.97472298145294,0.469826519489288,-0.832940416101826,0.193115725830337,-0.749066756202584
146108,0.0166671,44.5858482457697,-3.56393003463745,-26.041482925415,-2.97695708274841,16.5366668701172,0.535663723945618,2.79320454597473,0.270241558551788,-1.9578542942567,3.10202890966477,-0.431780688114991
146110,0.0166668,44.6025150455534,-3.56393003463745,-26.041482925415,-2.97695708274841,16.5366668701172,0.535663723945618,2.79320454597473,0.270241558551788,-1.9578542942567,3.10202890966477,-0.431780688114991
146114,0.0166667,44.6191817447543,2.1370587348938,-26.0137119293213,3.01364350318909,16.1399383544922,1.05476772785187,2.03331685066223,0.501869976520538,-0.736639897210078,0.305547215042434,-1.11041992469479
146116,0.0166668,44.635848544538,2.1370587348938,-26.0137119293213,3.01364350318909,16.1399383544922,1.05476772785187,2.03331685066223,0.501869976520538,-0.736639897210078,0.305547215042434,-1.11041992469479
146120,0.0166668,44.6525153443217,-1.73897886276245,-24.803689956665,-1.17184233665466,15.3464803695679,0.374530911445618,2.70165181159973,0.1869285851717,-1.55831721664027,2.99037560500788,-1.24711335359849
146124,0.0166688,44.6691841445863,1.6371808052063,-25.0020542144775,2.43838715553284,15.8899984359741,0.792011380195618,2.19078755378723,0.335243999958038,-0.997015175886761,1.05043890807215,-1.2267829214215
146128,0.0166651,44.685849243775,1.6371808052063,-25.0020542144775,2.43838715553284,15.8899984359741,0.792011380195618,2.19078755378723,0.335243999958038,-0.997015175886761,1.05043890807215,-1.2267829214215
146130,0.0166673,44.7025165446103,2.0101056098938,-24.85129737854,2.81131196022034,15.9415731430054,0.822223782539368,2.37389302253723,0.495461285114288,-0.925252770410278,0.66452759448927,-1.17329880700054
146134,0.0166664,44.7191829439253,-0.112391889095306,-24.0380039215088,0.708650767803192,15.1481161117554,1.01906216144562,2.19719624519348,0.476235210895538,-1.50048777428871,0.913723524917317,-0.839217910026987
146136,0.0166675,44.7358504440635,-0.112391889095306,-24.0380039215088,0.708650767803192,15.1481161117554,1.01906216144562,2.19719624519348,0.476235210895538,-1.50048777428871,0.913723524917317,-0.839217910026987
146140,0.0166659,44.7525163441896,0.260532915592194,-22.8478183746338,1.01016449928284,14.8227987289429,0.893634915351868,2.19719624519348,0.437783062458038,-1.2026795442535,1.12589749413086,-1.09529911381197
146144,0.0166672,44.7691835444421,0.260532915592194,-22.8478183746338,1.01016449928284,14.8227987289429,0.893634915351868,2.19719624519348,0.437783062458038,-1.2026795442535,1.12589749413086,-1.09529911381197
146146,0.0166676,44.7858511451632,0.260532915592194,-22.8478183746338,1.01016449928284,14.8227987289429,0.893634915351868,2.19719624519348,0.437783062458038,-1.2026795442535,1.12589749413086,-1.09529911381197
146150,0.0166664,44.8025175444782,0.562046587467194,-23.343729019165,1.30771088600159,15.2711019515991,0.911029934883118,2.30889058113098,0.444191753864288,-1.4373944345651,1.12506594640589,-1.23099194797956
146154,0.0166668,44.8191843442619,0.562046587467194,-23.343729019165,1.30771088600159,15.2711019515991,0.911029934883118,2.30889058113098,0.444191753864288,-1.4373944345651,1.12506594640589,-1.23099194797956
146158,0.0166743,44.8358586449176,0.562046587467194,-23.343729019165,1.30771088600159,15.2711019515991,0.911029934883118,2.30889058113098,0.444191753864288,-1.4373944345651,1.12506594640589,-1.23099194797956
146160,0.0166669,44.8525255452842,-0.540858685970306,-24.010232925415,0.0818197205662727,14.1523275375366,0.672992825508118,2.53777241706848,0.348061382770538,-1.70570816382996,2.26202066763224,-1.39413548962137
146164,0.0166668,44.8691923450679,-0.540858685970306,-24.010232925415,0.0818197205662727,14.1523275375366,0.672992825508118,2.53777241706848,0.348061382770538,-1.70570816382996,2.26202066763224,-1.39413548962137
146168,0.0166667,44.8858590442687,0.161350786685944,-24.2601718902588,0.934786021709442,15.0211629867554,0.798420071601868,2.40685200691223,0.437783062458038,-1.60021178049876,1.65577926673865,-1.33677293390627
146170,0.016667,44.9025260433555,-0.0132097601890564,-24.3077793121338,0.657076060771942,14.4022665023804,0.750812649726868,2.32811665534973,0.405739605426788,-2.11265141251448,1.25086560179948,-0.637820515881353
146174,0.016667,44.9191930424422,-0.0132097601890564,-24.3077793121338,0.657076060771942,14.4022665023804,0.750812649726868,2.32811665534973,0.405739605426788,-2.11265141251448,1.25086560179948,-0.637820515881353
146176,0.0166669,44.9358599428087,0.185154497623444,-24.4585361480713,0.883211314678192,14.2792806625366,0.738910794258118,2.44621968269348,0.412148296833038,-1.93907173023681,1.17768605312952,-0.942739871912964
146182,0.0166663,44.9525262434036,-0.0370134711265564,-25.5455722808838,0.506319224834442,14.2277059555054,0.708698391914368,2.38030171394348,0.412148296833038,-1.55103111721363,1.34480981526206,-1.47442094136929
146184,0.0166675,44.9691937435418,-0.0370134711265564,-25.5455722808838,0.506319224834442,14.2277059555054,0.708698391914368,2.38030171394348,0.412148296833038,-1.55103111721363,1.34480981526206,-1.47442094136929
146188,0.0166668,44.9858605433255,0.685032427310944,-26.6841831207275,1.38308930397034,13.8785848617554,0.666584134101868,2.51122212409973,0.405739605426788,-2.15645983645649,1.20632853212367,-0.0250984591715092
146190,0.016669,45.0025295428932,0.685032427310944,-26.6841831207275,1.38308930397034,13.8785848617554,0.666584134101868,2.51122212409973,0.405739605426788,-2.15645983645649,1.20632853212367,-0.0250984591715092
146194,0.0166652,45.0191947426647,0.585850298404694,-26.3350620269775,1.13315033912659,13.6326131820679,0.637287259101868,2.54418110847473,0.405739605426788,-2.19680099306922,1.44261620583625,-0.0134909449825172
146196,0.0166667,45.0358614418656,0.486668169498444,-26.3350620269775,1.13315033912659,13.5056600570679,0.630878567695618,2.57714009284973,0.412148296833038,-1.73732834067729,1.34010631718165,-2.06409567316864
146202,0.0166672,45.052528642118,0.486668169498444,-26.3350620269775,1.13315033912659,13.5056600570679,0.630878567695618,2.57714009284973,0.412148296833038,-1.73732834067729,1.34010631718165,-2.06409567316864
146204,0.0166665,45.0691951420158,0.486668169498444,-26.3350620269775,1.13315033912659,13.5056600570679,0.630878567695618,2.57714009284973,0.412148296833038,-1.73732834067729,1.34010631718165,-2.06409567316864
146208,0.0166671,45.0858622416854,0.585850298404694,-26.6841831207275,1.10934662818909,13.8785848617554,0.601581692695618,2.54418110847473,0.373696148395538,-2.02460439513032,1.18526404468301,-1.52425145316176
146210,0.0166669,45.1025291420519,0.585850298404694,-26.6841831207275,1.10934662818909,13.8785848617554,0.601581692695618,2.54418110847473,0.373696148395538,-2.02460439513032,1.18526404468301,-1.52425145316176
146214,0.0166668,45.1191959418356,0.986546099185944,-27.0293369293213,1.51004242897034,13.3826742172241,0.577777981758118,2.58354878425598,0.380104839801788,-1.30689147307382,1.12076207683932,-1.25210275050848
146216,0.0166669,45.1358628422022,0.486668169498444,-26.8071689605713,1.05777192115784,13.2834920883179,0.595173001289368,2.55699849128723,0.405739605426788,-1.64638381448336,1.05468229572327,-1.67752022736401
146222,0.0166668,45.1525296419859,0.486668169498444,-26.8071689605713,1.05777192115784,13.2834920883179,0.595173001289368,2.55699849128723,0.405739605426788,-1.64638381448336,1.05468229572327,-1.67752022736401
146224,0.0166677,45.1691973414272,0.411289751529694,-26.0137119293213,1.03396821022034,12.5138387680054,0.589679837226868,2.46544575691223,0.424965679645538,-1.72994736432594,1.07234647449188,-2.20724033633466
146228,0.0166667,45.1858640406281,0.411289751529694,-25.8431186676025,1.05777192115784,14.2039022445679,0.542072415351868,2.76665425300598,0.367287456989288,-2.0882411952645,0.467431680566255,-1.62912722581074
146230,0.0166667,45.2025307398289,0.411289751529694,-25.8431186676025,1.05777192115784,14.2039022445679,0.542072415351868,2.76665425300598,0.367287456989288,-2.0882411952645,0.467431680566255,-1.62912722581074
146234,0.016667,45.2191977389157,-0.0132097601890564,-25.64475440979,0.684847056865692,13.6326131820679,0.571369290351868,2.64305806159973,0.380104839801788,-2.47325807457199,0.871220067287634,-0.919313651907347
146236,0.0166666,45.2358643393964,-0.0132097601890564,-25.64475440979,0.684847056865692,13.6326131820679,0.571369290351868,2.64305806159973,0.380104839801788,-2.47325807457199,0.871220067287634,-0.919313651907347
146240,0.0166672,45.2525315396488,-0.112391889095306,-26.0652866363525,0.657076060771942,14.2277059555054,0.595173001289368,2.68151021003723,0.386513531208038,-2.09324770908735,0.751733678045614,-1.06877704693632
146244,0.0166666,45.2691981401294,-0.588466107845306,-25.5217685699463,0.0580160096287727,13.9063558578491,0.613483548164368,2.85179829597473,0.354470074176788,-2.57173191390162,0.348820378496759,-0.413831065527839
146248,0.0166671,45.285865239799,-0.588466107845306,-25.5217685699463,0.0580160096287727,13.9063558578491,0.613483548164368,2.85179829597473,0.354470074176788,-2.57173191390162,0.348820378496759,-0.413831065527839
146250,0.0166667,45.3025319389999,-0.338527143001556,-25.9899082183838,0.383333384990692,14.1285238265991,0.601581692695618,2.78038716316223,0.373696148395538,-2.0098203437437,0.478956792873866,-0.886795752321646
146254,0.0166673,45.3191992398351,-0.838405072689056,-24.7798862457275,-0.0927408263087273,12.9859457015991,0.637287259101868,2.62932515144348,0.354470074176788,-2.54168415787491,-0.0535284569914688,-0.25853381517365
146256,0.0166666,45.3358658403158,-0.838405072689056,-24.7798862457275,-0.0927408263087273,12.9859457015991,0.637287259101868,2.62932515144348,0.354470074176788,-2.54168415787491,-0.0535284569914688,-0.25853381517365
146260,0.0166671,45.3525329399854,-0.513087689876556,-24.2085971832275,0.256380259990692,12.9621419906616,0.607074856758118,2.60369038581848,0.392922222614288,-3.11413805174483,-0.057930503452247,-0.501275247474211
146266,0.0184927,45.3710256405175,-0.513087689876556,-24.2085971832275,0.256380259990692,12.9621419906616,0.607074856758118,2.60369038581848,0.392922222614288,-3.11413805174483,-0.057930503452247,-0.501275247474211
146268,0.0181207,45.3891463410109,-0.513087689876556,-24.2085971832275,0.256380259990692,12.9621419906616,0.607074856758118,2.60369038581848,0.392922222614288,-3.11413805174483,-0.057930503452247,-0.501275247474211
146270,0.0166678,45.4058141410351,0.312107622623444,-24.803689956665,1.10934662818909,12.8867635726929,0.494464993476868,2.71446919441223,0.380104839801788,-2.67500440514841,0.0921702751525746,-0.233519219796902
146274,0.0166668,45.4224809408188,0.260532915592194,-24.581521987915,0.958589732646942,12.4662313461304,0.499958157539368,2.69524312019348,0.386513531208038,-2.65697499466398,0.165223823987093,-0.316629675493406
146278,0.0166674,45.4391483403742,0.260532915592194,-24.581521987915,0.958589732646942,12.4662313461304,0.499958157539368,2.69524312019348,0.386513531208038,-2.65697499466398,0.165223823987093,-0.316629675493406
146282,0.0166679,45.4558162409812,0.685032427310944,-24.4585361480713,1.38308930397034,11.9425497055054,0.464252591133118,2.60369038581848,0.392922222614288,-2.568285762456,0.0111437038134585,-1.36415847428448
146284,0.0166656,45.4724818412215,0.685032427310944,-24.4585361480713,1.38308930397034,11.9425497055054,0.464252591133118,2.60369038581848,0.392922222614288,-2.568285762456,0.0111437038134585,-1.36415847428448
146288,0.0166673,45.4891491420567,0.637425005435944,-24.3831577301025,1.30771088600159,11.8671712875366,0.464252591133118,2.64946675300598,0.373696148395538,-2.6226357207444,0.0182574805382118,-1.3899951097364
146290,0.0166691,45.5058182422072,0.562046587467194,-23.9388217926025,1.26010346412659,11.1252889633179,0.470661282539368,2.52495503425598,0.399330914020538,-2.77206476814019,-0.0915139631728126,-1.61129069406011
146294,0.016666,45.5224842429161,0.562046587467194,-23.9388217926025,1.26010346412659,11.1252889633179,0.470661282539368,2.52495503425598,0.399330914020538,-2.77206476814019,-0.0915139631728126,-1.61129069406011
146298,0.0166656,45.5391498431563,0.411289751529694,-24.2363681793213,1.08554291725159,11.4942464828491,0.499958157539368,2.62932515144348,0.360878765583038,-2.19211214427998,-0.223988862187285,-1.64693389682432
146302,0.0166681,45.5558179430664,0.411289751529694,-24.2363681793213,1.08554291725159,11.4942464828491,0.499958157539368,2.62932515144348,0.360878765583038,-2.19211214427998,-0.223988862187285,-1.64693389682432
146306,0.0189662,45.5747841428965,0.137547075748444,-24.5577182769775,0.831636607646942,12.0179281234741,0.518268704414368,2.73461079597473,0.431374371051788,-2.46466753464422,-0.557559649551369,-1.36171866222337
146308,0.0178966,45.5926807429641,0.236729204654694,-24.5577182769775,1.01016449928284,12.3154745101929,0.523761868476868,2.72087788581848,0.373696148395538,-2.51192543018301,-0.863787262421621,-1.52717521304789
146312,0.0166684,45.60934914276,0.236729204654694,-24.5577182769775,1.01016449928284,12.3154745101929,0.523761868476868,2.72087788581848,0.373696148395538,-2.51192543018301,-0.863787262421621,-1.52717521304789
146316,0.0166665,45.6260156426579,-0.0647844672203064,-24.5577182769775,0.633272349834442,12.5138387680054,0.506366848945618,2.82616353034973,0.386513531208038,0,0,0
146318,0.0166671,45.6426827423275,-0.0647844672203064,-24.5577182769775,0.633272349834442,12.5138387680054,0.506366848945618,2.82616353034973,0.386513531208038,0,0,0
146322,0.0166666,45.6593493428081,-0.413905560970306,-24.2839756011963,0.458711802959442,12.1924886703491,0.553974270820618,2.73461079597473,0.437783062458038,0,0,0
146324,0.0166833,45.6760326419026,-0.413905560970306,-24.2839756011963,0.458711802959442,12.1924886703491,0.553974270820618,2.73461079597473,0.437783062458038,0,0,0
146328,0.0166662,45.6926988419145,-0.413905560970306,-24.2839756011963,0.458711802959442,12.1924886703491,0.553974270820618,2.73461079597473,0.437783062458038,0,0,0
146332,0.016668,45.7093668412417,-0.362330853939056,-23.7166538238525,0.430940806865692,11.7441854476929,0.542072415351868,2.64305806159973,0.392922222614288,0,0,0
146336,0.0166659,45.7260327413678,-0.362330853939056,-23.7166538238525,0.430940806865692,11.7441854476929,0.542072415351868,2.64305806159973,0.392922222614288,0,0,0
146338,0.016667,45.7426997404546,-0.362330853939056,-23.7166538238525,0.430940806865692,11.7441854476929,0.542072415351868,2.64305806159973,0.392922222614288,0,0,0
146342,0.0166673,45.7593670412898,-0.163966596126556,-23.3199253082275,0.557893931865692,12.3670492172241,0.511860013008118,2.63573384284973,0.399330914020538,0,0,0
146346,0.0182993,45.7776663415134,-0.239345014095306,-23.1453647613525,0.482515513896942,12.3670492172241,0.511860013008118,2.61650776863098,0.348061382770538,0,0,0
146348,0.0166675,45.7943338416517,-0.187770307064056,-20.7213535308838,0.534090220928192,9.73277187347412,0.518268704414368,1.90239632129669,0.386513531208038,0,0,0
146352,0.0166673,45.8110011424869,-0.187770307064056,-20.7213535308838,0.534090220928192,9.73277187347412,0.518268704414368,1.90239632129669,0.386513531208038,0,0,0
146354,0.0166673,45.8276684433222,-0.187770307064056,-20.7213535308838,0.534090220928192,9.73277187347412,0.518268704414368,1.90239632129669,0.386513531208038,0,0,0
146358,0.0166673,45.8443357441574,-0.187770307064056,-20.550760269165,0.609468638896942,9.41142177581787,0.523761868476868,1.81725227832794,0.392922222614288,0,0,0
146362,0.0166664,45.8610021434724,-0.362330853939056,-20.1024570465088,0.331758677959442,9.08610439300537,0.542072415351868,1.84380257129669,0.437783062458038,0,0,0
146364,0.0166676,45.8776697441936,-0.362330853939056,-20.1024570465088,0.331758677959442,9.08610439300537,0.542072415351868,1.84380257129669,0.437783062458038,0,0,0
146368,0.0166662,45.8943359442055,-0.362330853939056,-19.2613925933838,0.407137095928192,8.36802577972412,0.542072415351868,1.76506721973419,0.437783062458038,0,0,0
146372,0.016667,45.9110029432923,-0.290919721126556,-19.1899814605713,0.383333384990692,8.19346523284912,0.547565579414368,1.56822884082794,0.431374371051788,0,0,0
146376,0.0166673,45.9276702441275,-0.215541303157806,-17.5554599761963,0.506319224834442,7.24925136566162,0.565876126289368,1.16905891895294,0.418556988239288,0,0,0
146378,0.0166664,45.9443366434425,-0.215541303157806,-17.5554599761963,0.506319224834442,7.24925136566162,0.565876126289368,1.16905891895294,0.418556988239288,0,0,0
146382,0.0166694,45.9610060434788,-0.215541303157806,-17.5554599761963,0.506319224834442,7.24925136566162,0.565876126289368,1.16905891895294,0.418556988239288,0,0,0
146386,0.0166645,45.9776705428958,-0.489283978939056,-17.01194190979,0.181001842021942,7.32462978363037,0.559467434883118,0.998770833015442,0.399330914020538,0,0,0
146390,0.0166665,45.9943370427936,-0.489283978939056,-17.01194190979,0.181001842021942,7.32462978363037,0.559467434883118,0.998770833015442,0.399330914020538,0,0,0
146392,0.0166677,46.0110047422349,-0.489283978939056,-17.01194190979,0.181001842021942,7.32462978363037,0.559467434883118,0.998770833015442,0.399330914020538,0,0,0
146396,0.0166664,46.0276711415499,-0.0370134711265564,-19.8326816558838,0.657076060771942,9.43522548675537,0.494464993476868,2.35466694831848,0.450600445270538,0,0,0
146398,0.0166683,46.044339440763,-0.0370134711265564,-19.8326816558838,0.657076060771942,9.43522548675537,0.494464993476868,2.35466694831848,0.450600445270538,0,0,0
146402,0.0166659,46.0610053408891,-0.0370134711265564,-19.8326816558838,0.657076060771942,9.43522548675537,0.494464993476868,2.35466694831848,0.450600445270538,0,0,0
146404,0.0166667,46.07767204009,0.0621686577796936,-21.5624179840088,0.807832896709442,10.7999715805054,0.470661282539368,2.59636616706848,0.457009136676788,0,0,0
146410,0.0166667,46.0943387392908,0.0343976616859436,-21.8123569488525,0.859407603740692,10.8753499984741,0.457843899726868,2.61009907722473,0.431374371051788,0,0,0
146412,0.0166669,46.1110056396574,0.486668169498444,-22.7764072418213,1.05777192115784,11.9941244125366,0.416645169258118,2.61009907722473,0.444191753864288,0,0,0
146416,0.0166667,46.1276723388582,0.788181841373444,-21.61399269104,1.38308930397034,10.4270467758179,0.380939602851868,2.17064595222473,0.463417828083038,0,0,0
146418,0.0166671,46.1443394385278,0.788181841373444,-21.61399269104,1.38308930397034,10.4270467758179,0.380939602851868,2.17064595222473,0.463417828083038,0,0,0
146422,0.0166673,46.1610067393631,0.811985552310944,-22.8240146636963,1.43466401100159,10.8753499984741,0.321430325508118,2.11205220222473,0.540322124958038,0,0,0
146424,0.0166669,46.1776736397296,0.811985552310944,-22.8240146636963,1.43466401100159,10.8753499984741,0.321430325508118,2.11205220222473,0.540322124958038,0,0,0
146430,0.0166672,46.194340839982,0.811985552310944,-22.8240146636963,1.43466401100159,10.8753499984741,0.321430325508118,2.11205220222473,0.540322124958038,0,0,0
146432,0.0166665,46.2110073398799,0.435093462467194,-21.6377964019775,1.05777192115784,10.0065145492554,0.416645169258118,1.81725227832794,0.566872417926788,0,0,0
146436,0.0166667,46.2276740390807,0.435093462467194,-21.6377964019775,1.05777192115784,10.0065145492554,0.416645169258118,1.81725227832794,0.566872417926788,0,0,0
146438,0.0166667,46.2443407382816,0.335911333560944,-21.3402500152588,1.10934662818909,9.45902919769287,0.410236477851868,1.89598762989044,0.501869976520538,0,0,0
146442,0.0166676,46.2610083390027,0.359715044498444,-21.883768081665,1.08554291725159,9.80815029144287,0.428547024726868,2.01409077644348,0.501869976520538,0,0,0
146444,0.0166665,46.2776748389006,0.359715044498444,-21.883768081665,1.08554291725159,9.80815029144287,0.428547024726868,2.01409077644348,0.501869976520538,0,0,0
146450,0.016667,46.2943418379873,-1.76278257369995,-22.0067539215088,-1.42178130149841,8.66557216644287,0.941242337226868,1.82366096973419,0.457009136676788,0,0,0
146452,0.0166671,46.3110089376569,-1.76278257369995,-22.0067539215088,-1.42178130149841,8.66557216644287,0.941242337226868,1.82366096973419,0.457009136676788,0,0,0
146456,0.0166667,46.3276756368577,-1.91353940963745,-22.05832862854,-1.44558501243591,8.86393642425537,0.905536770820618,1.91521370410919,0.482643902301788,0,0,0
146458,0.0166672,46.3443428371102,-0.489283978939056,-24.3315830230713,-0.0173624083399773,11.0975179672241,0.553974270820618,2.39403462409973,0.412148296833038,0,0,0
146462,0.0166666,46.3610094375908,-0.489283978939056,-24.3315830230713,-0.0173624083399773,11.0975179672241,0.553974270820618,2.39403462409973,0.412148296833038,0,0,0
146464,0.0166675,46.3776769377291,-1.2906756401062,-24.7798862457275,-0.545011341571808,11.4466390609741,0.565876126289368,2.27593159675598,0.380104839801788,0,0,0
146470,0.0167991,46.3944760374725,-1.3144793510437,-24.9266757965088,-0.695768177509308,11.6211996078491,0.595173001289368,2.40685200691223,0.360878765583038,0,0,0
146472,0.0166673,46.4111433383077,-1.3144793510437,-24.9266757965088,-0.695768177509308,11.6211996078491,0.595173001289368,2.40685200691223,0.360878765583038,0,0,0
146476,0.016667,46.4278103373945,-1.21529722213745,-25.4939975738525,-0.596586048603058,12.2638998031616,0.530170559883118,2.31529927253723,0.15488512814045,0,0,0
146478,0.0166695,46.4444798380136,-1.21529722213745,-25.4939975738525,-0.596586048603058,12.2638998031616,0.530170559883118,2.31529927253723,0.15488512814045,0,0,0
146482,0.016665,46.4611448384821,-1.69137144088745,-25.5455722808838,-0.870328724384308,12.5654134750366,0.464252591133118,2.32811665534973,-0.0446998327970505,0,0,0
146484,0.0166671,46.4778119381517,-1.69137144088745,-25.5455722808838,-0.870328724384308,12.5654134750366,0.464252591133118,2.32811665534973,-0.0446998327970505,0,0,0
146490,0.0166669,46.4944788385183,-1.41366147994995,-25.8907260894775,-0.596586048603058,12.9105672836304,0.428547024726868,2.45903706550598,-0.1151954382658,0,0,0
146492,0.0166672,46.5111460387707,-2.0127215385437,-25.3710117340088,-1.24722075462341,12.7360067367554,0.428547024726868,2.42607808113098,-0.20583264529705,0,0,0
146496,0.0166669,46.5278129391372,-2.0127215385437,-25.3710117340088,-1.24722075462341,12.7360067367554,0.428547024726868,2.42607808113098,-0.20583264529705,0,0,0
146498,0.0166673,46.5444802399725,-1.8381609916687,-25.2996006011963,-1.07266020774841,12.7637777328491,0.350727200508118,2.36748433113098,-0.282736957073212,0,0,0
146502,0.0166668,46.5611470397562,-1.9889178276062,-25.1488437652588,-1.22341704368591,12.6883993148804,0.410236477851868,2.32170796394348,-0.250693500041962,0,0,0
146504,0.0166668,46.5778138395399,-2.04049253463745,-24.97825050354,-1.29482817649841,12.4900350570679,0.226215466856956,2.24938130378723,-0.346823871135712,0,0,0
146510,0.0175359,46.595349740237,-1.04073667526245,-25.5931797027588,-0.342679798603058,13.7317953109741,0.207904919981956,2.42607808113098,-0.263510882854462,0,0,0
146512,0.017036,46.6123857405037,-1.04073667526245,-25.5931797027588,-0.342679798603058,13.7317953109741,0.207904919981956,2.42607808113098,-0.263510882854462,0,0,0
146516,0.0166697,46.6290554404259,-1.6159930229187,-26.2358798980713,-0.747342884540558,14.4022665023804,0.285724759101868,2.36107563972473,-0.20583264529705,0,0,0
146518,0.0166652,46.6457206401974,-1.6159930229187,-26.2358798980713,-0.747342884540558,14.4022665023804,0.285724759101868,2.36107563972473,-0.20583264529705,0,0,0
146522,0.0166666,46.6623872406781,-2.21505308151245,-26.1882724761963,-1.22341704368591,15.0211629867554,0.428547024726868,2.38030171394348,-0.14723889529705,0,0,0
146526,0.0166679,46.6790551412851,-1.9651141166687,-25.4463901519775,-1.14803862571716,14.3784627914429,0.00557338260114193,2.68151021003723,-0.327597796916962,0,0,0
146530,0.0166668,46.6957219410688,-1.9651141166687,-25.4463901519775,-1.14803862571716,14.3784627914429,0.00557338260114193,2.68151021003723,-0.327597796916962,0,0,0
146532,0.0166665,46.7123884409666,-3.86544370651245,-25.025857925415,-3.02456450462341,14.8227987289429,0.196003064513206,2.57714009284973,-0.250693500041962,2.10103489635385,-1.86906071904353,1.11362996075166
146536,0.0166671,46.7290555406362,-0.965358197689056,-22.2051181793213,-0.195890247821808,14.6482381820679,0.238117322325706,1.63414680957794,-0.00624768435955048,1.54204204661957,-3.47341692184726,4.90310918607108
146538,0.0166665,46.745722040534,-0.965358197689056,-22.2051181793213,-0.195890247821808,14.6482381820679,0.238117322325706,1.63414680957794,-0.00624768435955048,1.54204204661957,-3.47341692184726,4.90310918607108
146542,0.0166667,46.7623887397349,-4.19076108932495,-20.15403175354,-3.27847075462341,12.9621419906616,-0.150066271424294,1.85661995410919,-0.456687152385712,1.14594038017932,0.359430486158643,1.66731822503749
146544,0.0166671,46.7790558394045,-4.19076108932495,-20.15403175354,-3.27847075462341,12.9621419906616,-0.150066271424294,1.85661995410919,-0.456687152385712,1.14594038017932,0.359430486158643,1.66731822503749
146550,0.0177803,46.7968361396343,2.6607403755188,-20.9197177886963,3.33896088600159,14.0293416976929,-0.269084811210632,1.83647835254669,-0.0511085242033005,1.03947248463044,-1.7488136868251,2.87158840082077
146552,0.0166671,46.8135032393038,2.6607403755188,-20.9197177886963,3.33896088600159,14.0293416976929,-0.269084811210632,1.83647835254669,-0.0511085242033005,1.03947248463044,-1.7488136868251,2.87158840082077
146556,0.0166679,46.8301711399108,2.6607403755188,-20.9197177886963,3.33896088600159,14.0293416976929,-0.269084811210632,1.83647835254669,-0.0511085242033005,1.03947248463044,-1.7488136868251,2.87158840082077
146558,0.0166663,46.8468374405056,-7.5907244682312,-17.9045810699463,-6.28567314147949,15.0727376937866,-0.0548514202237129,2.70165181159973,-0.495139300823212,-2.08068489621299,3.65346325983483,5.51145978496196
146564,0.0166672,46.863504640758,-7.5907244682312,-17.9045810699463,-6.28567314147949,15.0727376937866,-0.0548514202237129,2.70165181159973,-0.495139300823212,-2.08068489621299,3.65346325983483,5.51145978496196
146566,0.0166688,46.8801734410226,-6.6147723197937,-17.8768100738525,-5.13119316101074,16.0883636474609,-0.179363146424294,2.58995747566223,-0.648947894573212,-2.29267337581081,2.98623615240486,5.61356919137456
146570,0.016665,46.8968384414911,8.29031848907471,-18.7694492340088,9.05185127258301,15.2195272445679,-1.50321567058563,1.90880501270294,-0.540000140666962,0.324114462079987,-4.97759286504173,4.01300814534641
146572,0.0166665,46.913504941389,8.29031848907471,-18.7694492340088,9.05185127258301,15.2195272445679,-1.50321567058563,1.90880501270294,-0.540000140666962,0.324114462079987,-4.97759286504173,4.01300814534641
146576,0.0166672,46.9301721416414,-0.465480268001556,-13.4017124176025,0.506319224834442,14.6006307601929,-0.680156588554382,1.81084358692169,-0.423728168010712,-1.01320821865862,0.773325755343758,3.32514392798204
146578,0.0166668,46.9468389414251,-2.8141131401062,-14.0206089019775,-1.24722075462341,13.9301595687866,-0.454021334648132,1.41075813770294,-0.559226214885712,-0.697774973924478,2.69899176818025,3.14018735038279
146584,0.016667,46.9635059405118,-2.8141131401062,-14.0206089019775,-1.24722075462341,13.9301595687866,-0.454021334648132,1.41075813770294,-0.559226214885712,-0.697774973924478,2.69899176818025,3.14018735038279
146586,0.0166721,46.9801780413836,9.73837757110596,-16.0478916168213,10.305513381958,15.1203451156616,-0.680156588554382,1.01158821582794,-0.2250587195158,-0.411797726458156,-5.1142757602708,4.10963102998857
146590,0.0174127,46.9975907411426,9.73837757110596,-16.0478916168213,10.305513381958,15.1203451156616,-0.680156588554382,1.01158821582794,-0.2250587195158,-0.411797726458156,-5.1142757602708,4.10963102998857
146592,0.0169177,47.0145084410906,9.86533069610596,-16.2700595855713,10.5832233428955,15.4456624984741,-0.686565279960632,1.16905891895294,-0.24428479373455,-1.10817146832641,-6.17349070413758,3.65052234620256
146596,0.0166678,47.0311762411147,-2.1158709526062,-14.9092807769775,-0.342679798603058,14.1047201156616,-0.257182955741882,1.66619026660919,-0.353232562541962,0.417316220947286,0.541776341679258,3.47945432932747
146598,0.0166668,47.0478430408984,-2.1158709526062,-14.9092807769775,-0.342679798603058,14.1047201156616,-0.257182955741882,1.66619026660919,-0.353232562541962,0.417316220947286,0.541776341679258,3.47945432932747
146604,0.0166684,47.0645114406943,-5.16671323776245,-14.5403232574463,-3.34988188743591,15.4456624984741,-0.0905569866299629,1.94817268848419,-0.378867328166962,0.0558180649536603,1.13092461705371,2.83409343517456
146606,0.0166659,47.0811773408204,-2.86568784713745,-14.5879306793213,-1.19564604759216,15.1957235336304,-0.573039889335632,1.94817268848419,-0.527182757854462,0.401330320203373,0.357153304232814,2.09307240491766
146610,0.0166667,47.0978440400213,-2.86568784713745,-14.5879306793213,-1.19564604759216,15.1957235336304,-0.573039889335632,1.94817268848419,-0.527182757854462,0.401330320203373,0.357153304232814,2.09307240491766
146612,0.016667,47.114511039108,-5.9165301322937,-16.56760597229,-3.97671294212341,16.5366668701172,0.815815091133118,1.65337288379669,0.0257957726716995,0.0246298585638335,1.46775195795378,3.64427261468944
146616,0.0166676,47.1311786398292,9.01236438751221,-17.9283847808838,9.90481758117676,16.3898773193359,-0.948406100273132,1.61400520801544,-0.475913226604462,-0.327696815093832,-6.06084279168065,3.16171142482114
146618,0.0166661,47.1478447392583,9.01236438751221,-17.9283847808838,9.90481758117676,16.3898773193359,-0.948406100273132,1.61400520801544,-0.475913226604462,-0.327696815093832,-6.06084279168065,3.16171142482114
146624,0.0166671,47.1645118389279,-3.4647479057312,-16.4446201324463,-1.72329497337341,16.5128631591797,-0.173869982361794,2.12486958503723,-0.372458636760712,0.353623287157789,-0.402986193840021,1.82502665153754
146626,0.0166721,47.1811839397997,1.53799867630005,-19.535135269165,2.88669037818909,16.1161346435547,-0.269084811210632,1.86302864551544,-0.385276019573212,0.874172294064344,-1.47543812344259,2.89844866869179
146632,0.0212093,47.202393239364,5.33865785598755,-20.2532138824463,6.42154121398926,16.5604705810547,-0.107952006161213,1.57463753223419,-0.24428479373455,1.05783246949667,-5.00733117231637,1.28087911094702
146634,0.0194748,47.2218680400401,-2.8379168510437,-19.5589389801025,-1.42178130149841,16.1399383544922,-0.226970568299294,1.81725227832794,-0.417319476604462,1.09669750684431,-0.681225780337802,2.72195197948006
146638,0.0166675,47.2385355401784,-2.8379168510437,-19.5589389801025,-1.42178130149841,16.1399383544922,-0.226970568299294,1.81725227832794,-0.417319476604462,1.09669750684431,-0.681225780337802,2.72195197948006
146642,0.0166675,47.2552030403167,-0.588466107845306,-19.9040927886963,0.831636607646942,16.0407562255859,-0.226970568299294,1.86302864551544,-0.359641253948212,0.949760141609564,-2.01367258241614,2.87837733201414
146644,0.0166666,47.2718696407974,-1.6636004447937,-21.6854038238525,-0.370450794696808,16.1637420654297,-0.406413912773132,2.11846089363098,-0.366049945354462,1.70631768011227,-0.701108325094494,0.895332017698593
146646,0.0166673,47.2885369416326,-1.6636004447937,-21.6854038238525,-0.370450794696808,16.1637420654297,-0.406413912773132,2.11846089363098,-0.366049945354462,1.70631768011227,-0.701108325094494,0.895332017698593
146650,0.0166681,47.3052050415426,3.01382875442505,-20.4515781402588,4.04117012023926,16.1399383544922,-0.0484427288174629,1.58837044239044,-0.301963031291962,-0.0813836293652846,-3.27726230745212,3.61663495465082
146654,0.0166658,47.3218708410859,-1.04073667526245,-22.6018466949463,-0.120511822402477,18.1275482177734,-0.596843600273132,2.41966938972473,-0.443869769573212,0.560899387115776,-2.03242119309603,2.86436268119095
146656,0.0166671,47.3385379407555,-1.04073667526245,-22.6018466949463,-0.120511822402477,18.1275482177734,-0.596843600273132,2.41966938972473,-0.443869769573212,0.560899387115776,-2.03242119309603,2.86436268119095
146660,0.0166922,47.3552301414311,-0.215541303157806,-22.9747714996338,0.458711802959442,16.2629241943359,-0.286479830741882,1.94817268848419,-0.289145648479462,0.865982531194737,-1.21525434724299,2.61349837679873
146664,0.0166667,47.371896840632,-0.215541303157806,-22.9747714996338,0.458711802959442,16.2629241943359,-0.286479830741882,1.94817268848419,-0.289145648479462,0.865982531194737,-1.21525434724299,2.61349837679873
146666,0.0166668,47.3885636404157,-0.215541303157806,-22.9747714996338,0.458711802959442,16.2629241943359,-0.286479830741882,1.94817268848419,-0.289145648479462,0.865982531194737,-1.21525434724299,2.61349837679873
146670,0.0166667,47.4052303396165,-0.687648236751556,-22.3796787261963,-0.267301380634308,16.2153167724609,-0.161968126893044,1.92894661426544,-0.282736957073212,0.656154108178221,-1.15266270951768,3.19500502612163
146676,0.0166669,47.4218972399831,-0.687648236751556,-22.3796787261963,-0.267301380634308,16.2153167724609,-0.161968126893044,1.92894661426544,-0.282736957073212,0.656154108178221,-1.15266270951768,3.19500502612163
146678,0.0166662,47.4385634399951,-0.838405072689056,-21.7845859527588,-0.418058216571808,15.5686483383179,-0.0960501506924629,1.56822884082794,-0.269919574260712,0.471117238096823,-1.27569715478866,3.06794143354447
146680,0.0166678,47.4552312400192,0.0859723687171936,-23.3953037261963,0.307954967021942,14.2277059555054,0.0888863727450371,1.37139046192169,-0.24428479373455,0.79697454345976,-2.3251234459177,2.32000096070834
146684,0.0166668,47.4718980398029,0.0859723687171936,-23.3953037261963,0.307954967021942,14.2277059555054,0.0888863727450371,1.37139046192169,-0.24428479373455,0.79697454345976,-2.3251234459177,2.32000096070834
146688,0.016667,47.4885650388896,0.538242876529694,-24.5299472808838,0.581697642803192,14.7751913070679,0.148395642638206,1.44371712207794,-0.263510882854462,0.9392753151043,-1.90602918490678,2.71527690205229
146690,0.0166686,47.5052336379886,0.538242876529694,-24.5299472808838,0.581697642803192,14.7751913070679,0.148395642638206,1.44371712207794,-0.263510882854462,0.9392753151043,-1.90602918490678,2.71527690205229
146694,0.0166665,47.5219001378864,0.788181841373444,-22.455057144165,0.831636607646942,14.6998128890991,-0.00632847286760807,1.54900276660919,-0.327597796916962,1.30646985494997,-2.12741384429735,0.83472173365245
146696,0.0166657,47.5385658387095,0.212925493717194,-24.4823398590088,0.331758677959442,15.7670125961304,0.333332180976868,1.60759651660919,-0.327597796916962,0.584346667790981,-2.05677038501502,2.74279827872473
146702,0.0166671,47.555232938379,0.212925493717194,-24.4823398590088,0.331758677959442,15.7670125961304,0.333332180976868,1.60759651660919,-0.327597796916962,0.584346667790981,-2.05677038501502,2.74279827872473
146704,0.0166667,47.5718996375799,0.185154497623444,-24.3077793121338,0.331758677959442,15.6916341781616,0.309528470039368,1.59477913379669,-0.327597796916962,1.06797336460815,-2.03010820118948,1.52655313278383
146706,0.0166669,47.5885665379465,0.137547075748444,-26.930154800415,0.133394420146942,15.0211629867554,0.440448880195618,1.58837044239044,-0.308371722698212,1.65498988185773,-1.70448890198514,1.02648133341603
146712,0.0166667,47.6052332371473,0.137547075748444,-26.930154800415,0.133394420146942,15.0211629867554,0.440448880195618,1.58837044239044,-0.308371722698212,1.65498988185773,-1.70448890198514,1.02648133341603
146716,0.0175593,47.6227925363928,0.212925493717194,-26.7833652496338,0.157198131084442,14.7236166000366,0.595173001289368,1.43089973926544,-0.366049945354462,2.58570093817632,-1.31728975546343,-1.21314161784532
146718,0.0201989,47.6429914366454,0.212925493717194,-26.7833652496338,0.157198131084442,14.7236166000366,0.595173001289368,1.43089973926544,-0.366049945354462,2.58570093817632,-1.31728975546343,-1.21314161784532
146722,0.0166678,47.6596592366695,-0.513087689876556,-27.7950229644775,-0.794950306415558,15.0965414047241,0.637287259101868,1.56822884082794,-0.353232562541962,2.80533490075583,-1.00855919121621,0.257458641382099
146724,0.0166678,47.6763270366937,-0.413905560970306,-27.7950229644775,-0.620389759540558,15.2949056625366,0.678485989570618,1.56182014942169,-0.353232562541962,2.82955890900256,-1.10224462452141,0.331909093771363
146728,0.0166663,47.6929933372885,-0.413905560970306,-27.7950229644775,-0.620389759540558,15.2949056625366,0.678485989570618,1.56182014942169,-0.353232562541962,2.82955890900256,-1.10224462452141,0.331909093771363
146730,0.0166702,47.7096635363996,-0.489283978939056,-27.54905128479,-0.719571888446808,15.0211629867554,0.744403958320618,1.45012581348419,-0.334006488323212,3.29165516791238,-0.677353096396067,-2.25036733474595
146736,0.0166644,47.7263279370964,-0.489283978939056,-27.54905128479,-0.719571888446808,15.0211629867554,0.744403958320618,1.45012581348419,-0.334006488323212,3.29165516791238,-0.677353096396067,-2.25036733474595
146738,0.0166684,47.7429963368922,-0.263148725032806,-27.1761264801025,-0.469632923603058,14.5252523422241,0.881733059883118,1.34575569629669,-0.327597796916962,3.43771786428852,-1.31433353561004,-1.74669825802229
146742,0.0166662,47.7596625369042,-0.763026654720306,-27.0769443511963,-1.07266020774841,15.0489339828491,0.762714505195618,1.44371712207794,-0.346823871135712,3.4600097771274,-0.464252302017776,-1.94091488362845
146744,0.0166726,47.7763351369649,-0.763026654720306,-27.0769443511963,-1.07266020774841,15.0489339828491,0.762714505195618,1.44371712207794,-0.346823871135712,3.4600097771274,-0.464252302017776,-1.94091488362845
146748,0.0166663,47.7930014375597,-0.739222943782806,-25.9899082183838,-0.921903431415558,14.2792806625366,0.822223782539368,1.35857307910919,-0.366049945354462,3.44953903478092,-0.575263995733645,-1.24534570735253
146750,0.0166667,47.8096681367606,-0.739222943782806,-25.9899082183838,-0.921903431415558,14.2792806625366,0.822223782539368,1.35857307910919,-0.366049945354462,3.44953903478092,-0.575263995733645,-1.24534570735253
146758,0.0213374,47.8310055360198,-0.612269818782806,-26.8309726715088,-0.719571888446808,15.1719198226929,0.839618802070618,1.39153206348419,-0.340415179729462,3.15576641122611,-0.28303492784495,-1.07785920777967
146760,0.0166668,47.8476723358035,-0.612269818782806,-26.8309726715088,-0.719571888446808,15.1719198226929,0.839618802070618,1.39153206348419,-0.340415179729462,3.15576641122611,-0.28303492784495,-1.07785920777967
146764,0.0166675,47.8643398359418,-0.390101850032806,-27.152322769165,-0.418058216571808,15.6440267562866,0.815815091133118,1.49590218067169,-0.366049945354462,2.8366113036804,-0.448131927765343,-0.563886322510808
146766,0.0166667,47.8810065351427,-0.390101850032806,-27.152322769165,-0.418058216571808,15.6440267562866,0.815815091133118,1.49590218067169,-0.366049945354462,2.8366113036804,-0.448131927765343,-0.563886322510808
146770,0.0166672,47.8976737353951,-0.390101850032806,-27.152322769165,-0.418058216571808,15.6440267562866,0.815815091133118,1.49590218067169,-0.366049945354462,2.8366113036804,-0.448131927765343,-0.563886322510808
146772,0.0166674,47.9143411349505,-0.362330853939056,-27.0055332183838,-0.370450794696808,15.6678304672241,0.792011380195618,1.45653450489044,-0.385276019573212,2.33774318599836,-0.102828485634965,-0.0371486128029426
146776,0.0166666,47.9310077354312,-0.362330853939056,-27.0055332183838,-0.370450794696808,15.6678304672241,0.792011380195618,1.45653450489044,-0.385276019573212,2.33774318599836,-0.102828485634965,-0.0371486128029426
146778,0.0166668,47.9476745352149,-0.263148725032806,-26.930154800415,-0.318876087665558,15.4178915023804,0.786518216133118,1.43730843067169,-0.372458636760712,2.40250669616549,-0.0842471412902036,-0.189365467425656
146784,0.0166671,47.9643416348845,0.0621686577796936,-26.930154800415,-0.0173624083399773,14.9497518539429,0.756305813789368,1.32561409473419,-0.353232562541962,2.36797765890801,0.114933960689596,-0.255066455506946
146786,0.0166674,47.9810090344399,0.0621686577796936,-26.930154800415,-0.0173624083399773,14.9497518539429,0.756305813789368,1.32561409473419,-0.353232562541962,2.36797765890801,0.114933960689596,-0.255066455506946
146790,0.0166671,47.9976761341095,0.0859723687171936,-26.6841831207275,0.0818197205662727,14.8227987289429,0.762714505195618,1.27342903614044,-0.391684710979462,2.33115477004773,0.0536961485524948,-0.139162497145621
146792,0.0166669,48.014343034476,0.0621686577796936,-27.2753086090088,0.0302450135350227,15.0965414047241,0.768207669258118,1.26061165332794,-0.398093402385712,1.94463079702492,-0.0521370090696727,0.576314995073298
146798,0.0186736,48.033016635105,0.260532915592194,-26.5096225738525,0.208772838115692,15.0489339828491,0.727008938789368,1.24687874317169,-0.366049945354462,2.02309517565455,0.0462639381266389,1.20951590846985
146800,0.0197536,48.0527702346444,-0.187770307064056,-26.9539585113525,-0.267301380634308,15.3464803695679,0.774616360664368,1.35216438770294,-0.359641253948212,2.42659193681115,-0.0376936783703197,0.595055586941125
146804,0.0166685,48.0694387350231,-0.187770307064056,-26.9539585113525,-0.267301380634308,15.3464803695679,0.774616360664368,1.35216438770294,-0.359641253948212,2.42659193681115,-0.0376936783703197,0.595055586941125
146806,0.0166668,48.0861055348068,-0.640040814876556,-26.4104404449463,-0.644193470478058,15.0965414047241,0.786518216133118,1.25420296192169,-0.391684710979462,2.2993765931386,-0.106666479170922,0.451675028790836
146810,0.0166666,48.1027721352875,-0.640040814876556,-26.4104404449463,-0.644193470478058,15.0965414047241,0.786518216133118,1.25420296192169,-0.391684710979462,2.2993765931386,-0.106666479170922,0.451675028790836
146812,0.0166674,48.119439534843,-0.640040814876556,-26.4104404449463,-0.644193470478058,15.0965414047241,0.786518216133118,1.25420296192169,-0.391684710979462,2.2993765931386,-0.106666479170922,0.451675028790836
146816,0.0166663,48.1361058354378,-0.763026654720306,-25.6685581207275,-0.671964466571808,14.7989950180054,0.792011380195618,1.19469368457794,-0.398093402385712,2.20921712714373,-0.0673469429797029,0.0493141526326075
146820,0.0166682,48.1527740359306,-0.763026654720306,-25.6685581207275,-0.671964466571808,14.7989950180054,0.792011380195618,1.19469368457794,-0.398093402385712,2.20921712714373,-0.0673469429797029,0.0493141526326075
146824,0.0166764,48.1694504357874,-0.790797650814056,-25.2996006011963,-0.747342884540558,15.0211629867554,0.774616360664368,1.16905891895294,-0.372458636760712,1.66921542829492,0.491092717472183,1.35212898565523
146826,0.0166665,48.1861169356853,-0.913783490657806,-25.1726474761963,-0.846525013446808,15.0489339828491,0.798420071601868,1.22124397754669,-0.391684710979462,1.73411060962602,0.430295569860984,1.18318440012363
146830,0.0166714,48.2027883362025,-0.913783490657806,-25.1726474761963,-0.846525013446808,15.0489339828491,0.798420071601868,1.22124397754669,-0.391684710979462,1.73411060962602,0.430295569860984,1.18318440012363
146834,0.0166645,48.2194528356195,-0.739222943782806,-23.6888828277588,-0.719571888446808,14.9497518539429,0.774616360664368,1.15532600879669,-0.353232562541962,1.531479622014,0.153365583228601,0.662182486568424
146840,0.0231426,48.2425954360515,-0.739222943782806,-23.6888828277588,-0.719571888446808,14.9497518539429,0.774616360664368,1.15532600879669,-0.353232562541962,1.531479622014,0.153365583228601,0.662182486568424
146842,0.0177477,48.2603431362659,-0.612269818782806,-23.6412754058838,-0.695768177509308,14.8743734359741,0.756305813789368,1.12969124317169,-0.391684710979462,1.68366957852791,0.151650193324551,0.372646882945157
146846,0.0166678,48.27701093629,-0.663844525814056,-24.18479347229,-0.620389759540558,15.4456624984741,0.762714505195618,1.24687874317169,-0.391684710979462,1.71041357189295,0.139509206212022,0.801729276793288
146848,0.0166665,48.2936774361879,-0.663844525814056,-24.18479347229,-0.620389759540558,15.4456624984741,0.762714505195618,1.24687874317169,-0.391684710979462,1.71041357189295,0.139509206212022,0.801729276793288
146852,0.0166673,48.3103447370231,-0.663844525814056,-24.1609897613525,-0.545011341571808,15.5210409164429,0.768207669258118,1.27342903614044,-0.404502093791962,1.65359439822128,0.0363001580457883,0.983933700259622
146854,0.0166668,48.3270115368068,-0.640040814876556,-23.96262550354,-0.493436634540558,15.5210409164429,0.750812649726868,1.26061165332794,-0.372458636760712,1.7099657878583,-0.351689424368081,1.13479939575659
146858,0.0166671,48.3436786364764,-0.913783490657806,-24.0856113433838,-0.695768177509308,15.5686483383179,0.792011380195618,1.19469368457794,-0.398093402385712,1.47861827542591,-0.482030517577137,1.42068639621512
146862,0.0166667,48.3603453356773,-0.913783490657806,-24.0856113433838,-0.695768177509308,15.5686483383179,0.792011380195618,1.19469368457794,-0.398093402385712,1.47861827542591,-0.482030517577137,1.42068639621512
146866,0.0166671,48.3770124353468,-0.739222943782806,-25.20041847229,-0.521207630634308,16.2629241943359,0.780109524726868,1.31279671192169,-0.378867328166962,2.0889682145581,-0.590536726849777,0.998970882775841
146868,0.0166665,48.3936789352447,-0.739222943782806,-25.20041847229,-0.521207630634308,16.2629241943359,0.780109524726868,1.31279671192169,-0.378867328166962,2.0889682145581,-0.590536726849777,0.998970882775841
146872,0.0166678,48.4103467352688,-0.588466107845306,-25.248025894165,-0.295072376728058,16.2153167724609,0.798420071601868,1.29997932910919,-0.359641253948212,2.09396366842241,-1.13536290841074,0.608505828932394
146874,0.0166666,48.4270133357495,-0.763026654720306,-25.248025894165,-0.469632923603058,15.8899984359741,0.774616360664368,1.25420296192169,-0.327597796916962,2.43672118936247,-1.01627166567693,0.560847563971218
146882,0.0199046,48.4469179362059,-0.588466107845306,-25.3710117340088,-0.219693958759308,16.1161346435547,0.774616360664368,1.27983772754669,-0.372458636760712,2.30971361986112,-1.08842226842026,0.425198058310709
146884,0.0208866,48.4678045362234,-0.588466107845306,-25.3710117340088,-0.219693958759308,16.1161346435547,0.774616360664368,1.27983772754669,-0.372458636760712,2.30971361986112,-1.08842226842026,0.425198058310709
146886,0.0166679,48.4844724368304,-0.588466107845306,-25.3710117340088,-0.219693958759308,16.1161346435547,0.774616360664368,1.27983772754669,-0.372458636760712,2.30971361986112,-1.08842226842026,0.425198058310709
146890,0.0166667,48.5011391360313,-1.1161150932312,-25.6209506988525,-0.870328724384308,16.0883636474609,0.732502102851868,1.28624641895294,-0.346823871135712,2.68169571642318,-1.29200164925719,0.256055501020273
146892,0.0166674,48.5178065355867,-1.1161150932312,-25.6209506988525,-0.870328724384308,16.0883636474609,0.732502102851868,1.28624641895294,-0.346823871135712,2.68169571642318,-1.29200164925719,0.256055501020273
146896,0.0166666,48.5344731360674,-1.1161150932312,-25.6209506988525,-0.870328724384308,16.0883636474609,0.732502102851868,1.28624641895294,-0.346823871135712,2.68169571642318,-1.29200164925719,0.256055501020273
146900,0.0166677,48.5511408355087,-1.3382830619812,-25.025857925415,-1.07266020774841,15.4932699203491,0.702289700508118,1.18828499317169,-0.359641253948212,2.22897449016777,-1.3858997137418,0.494728592724768
146904,0.0166677,48.56780853495,-1.3144793510437,-25.1012363433838,-1.09646391868591,15.5448446273804,0.684894680976868,1.21483528614044,-0.321189105510712,2.25249469337605,-1.28861076940065,0.395474856352114
146906,0.016666,48.584474535659,-1.3144793510437,-25.1012363433838,-1.09646391868591,15.5448446273804,0.684894680976868,1.21483528614044,-0.321189105510712,2.25249469337605,-1.28861076940065,0.395474856352114
146910,0.016667,48.6011415347457,-1.1161150932312,-25.4463901519775,-0.894132435321808,15.9415731430054,0.684894680976868,1.27983772754669,-0.289145648479462,1.82672179007096,-1.1219683485705,0.904335323942052
146912,0.0166672,48.6178087349981,-1.1161150932312,-25.4463901519775,-0.894132435321808,15.9415731430054,0.684894680976868,1.27983772754669,-0.289145648479462,1.82672179007096,-1.1219683485705,0.904335323942052
146916,0.0166663,48.6344750355929,-1.06454038619995,-25.4939975738525,-0.794950306415558,15.7432088851929,0.672992825508118,1.24047005176544,-0.1792823523283,1.72620402653883,-1.24895040426086,0.921023270131751
146922,0.0179631,48.6524381358176,-1.3144793510437,-25.2996006011963,-1.09646391868591,15.7908163070679,0.678485989570618,1.25420296192169,-0.1151954382658,1.20772275249733,-1.02664319691887,1.17667067787397
146924,0.0197494,48.6721875350922,-1.3144793510437,-25.2996006011963,-1.09646391868591,15.7908163070679,0.678485989570618,1.25420296192169,-0.1151954382658,1.20772275249733,-1.02664319691887,1.17667067787397
146926,0.0166681,48.6888556350023,-1.08834409713745,-25.5217685699463,-0.969510853290558,15.9177694320679,0.678485989570618,1.32561409473419,-0.0959693640470505,1.09520642724094,-0.967772581488899,1.26237884443713
146932,0.0166672,48.7055228352547,-0.913783490657806,-25.5931797027588,-0.818754017353058,15.9415731430054,0.661090970039368,1.37871468067169,-0.1151954382658,1.03667301337352,-0.943863437782652,1.38764907292762
146934,0.0166674,48.7221902348101,-0.913783490657806,-25.5931797027588,-0.818754017353058,15.9415731430054,0.661090970039368,1.37871468067169,-0.1151954382658,1.03667301337352,-0.943863437782652,1.38764907292762
146938,0.0166664,48.7388566341251,-1.08834409713745,-25.86692237854,-1.04488921165466,16.5128631591797,0.666584134101868,1.52245247364044,-0.1664649695158,1.01413303495944,-1.22657396032331,1.27838032067301
146940,0.0166697,48.7555263340473,-1.08834409713745,-25.86692237854,-1.04488921165466,16.5128631591797,0.666584134101868,1.52245247364044,-0.1664649695158,1.01413303495944,-1.22657396032331,1.27838032067301
146944,0.0166647,48.7721910346299,-0.239345014095306,-25.5931797027588,-0.144315540790558,16.4374847412109,0.630878567695618,1.64055550098419,-0.21865002810955,1.1369633147696,-1.1676290133005,0.838268319707367
146948,0.0166664,48.7888574339449,-0.239345014095306,-25.5931797027588,-0.144315540790558,16.4374847412109,0.630878567695618,1.64055550098419,-0.21865002810955,1.1369633147696,-1.1676290133005,0.838268319707367
146952,0.016667,48.8055244330317,-0.0647844672203064,-25.7677402496338,-0.0689371153712273,17.1595306396484,0.577777981758118,1.79070198535919,-0.2378761023283,1.12742116061988,-1.13129659649542,0.899789916390646
146954,0.0166672,48.8221916332841,0.661228716373444,-25.9661045074463,0.732454478740692,16.7628021240234,0.607074856758118,1.85021126270294,-0.1023780554533,1.34629072834178,-1.29879232960863,0.759004620013153
146958,0.016667,48.8388586323708,0.661228716373444,-25.9661045074463,0.732454478740692,16.7628021240234,0.607074856758118,1.85021126270294,-0.1023780554533,1.34629072834178,-1.29879232960863,0.759004620013153
146964,0.0213338,48.8601924329996,0.538242876529694,-26.75559425354,0.732454478740692,16.6874237060547,0.595173001289368,1.88225471973419,0.0193870812654495,1.29120695015998,-0.94555014697,0.715787824523282
146966,0.0173742,48.877566633746,0.538242876529694,-26.75559425354,0.732454478740692,16.6874237060547,0.595173001289368,1.88225471973419,0.0193870812654495,1.29120695015998,-0.94555014697,0.715787824523282
146968,0.0166679,48.894234534353,0.538242876529694,-26.75559425354,0.732454478740692,16.6874237060547,0.595173001289368,1.88225471973419,0.0193870812654495,1.29120695015998,-0.94555014697,0.715787824523282
146972,0.016668,48.9109025336802,1.56180238723755,-28.0925693511963,1.68460297584534,17.3578948974609,0.535663723945618,2.00035786628723,0.15488512814045,1.1327951488153,-0.26017649341739,0.352792887614652
146974,0.0166661,48.9275686331093,2.3116192817688,-27.7474155426025,2.43838715553284,16.4612884521484,0.559467434883118,1.80443489551544,0.2125633507967,1.06343546966027,-0.325529421692735,0.822857523711852
146978,0.0166677,48.9442363325506,2.4861798286438,-28.0171909332275,2.56137299537659,17.2071380615234,0.518268704414368,1.90880501270294,0.302285015583038,0.81281496862924,0.215261637879625,0.490794344078111
146982,0.0166667,48.9609030317515,3.18838930130005,-28.4892978668213,3.26358246803284,16.7350311279297,0.535663723945618,1.83006966114044,0.316017925739288,1.05089328808856,0.798409720446303,0.556064395663431
146986,0.0166671,48.9775701314211,3.18838930130005,-28.4892978668213,3.26358246803284,16.7350311279297,0.535663723945618,1.83006966114044,0.316017925739288,1.05089328808856,0.798409720446303,0.556064395663431
146988,0.0166675,48.9942376315594,3.1368145942688,-28.0687656402588,3.18820405006409,16.5128631591797,0.523761868476868,1.80443489551544,0.335243999958038,1.27375227155479,1.03240618869448,0.254940675353526
146992,0.0166664,49.0109040308744,3.4383282661438,-28.43772315979,3.66427826881409,15.9891805648804,0.499958157539368,1.75133430957794,0.322426617145538,0.460984744945002,1.20670034704767,0.25126267631641
146994,0.0166668,49.0275708306581,3.4383282661438,-28.43772315979,3.66427826881409,15.9891805648804,0.499958157539368,1.75133430957794,0.322426617145538,0.460984744945002,1.20670034704767,0.25126267631641
146998,0.0166667,49.0442375298589,2.88687562942505,-26.9539585113525,3.26358246803284,14.8981771469116,0.535663723945618,1.37139046192169,0.283058941364288,0.429629530688639,1.95658833234019,-1.26368067060363
147004,0.020816,49.0650535300374,2.88687562942505,-26.9539585113525,3.26358246803284,14.8981771469116,0.535663723945618,1.37139046192169,0.283058941364288,0.429629530688639,1.95658833234019,-1.26368067060363
147008,0.0209522,49.0860057305545,2.4623761177063,-25.7915439605713,3.14059662818909,15.8185873031616,0.559467434883118,1.44371712207794,0.251015484333038,-0.969713089833734,1.21216532384855,2.53290087401949
147010,0.0166678,49.1026735305786,1.3118634223938,-24.7798862457275,2.00992035865784,13.9777669906616,0.571369290351868,1.12969124317169,0.263832867145538,0.178458222666167,1.22946385532031,-0.0704770906797153
147012,0.0166669,49.1193404309452,1.3118634223938,-24.7798862457275,2.00992035865784,13.9777669906616,0.571369290351868,1.12969124317169,0.263832867145538,0.178458222666167,1.22946385532031,-0.0704770906797153
147016,0.0166679,49.1360083315521,-0.187770307064056,-22.7486362457275,0.708650767803192,15.0211629867554,0.601581692695618,1.26061165332794,0.270241558551788,0.0385946246995868,1.53443024408882,0.40259033847318
147020,0.0166668,49.1526751313359,-0.187770307064056,-22.7486362457275,0.708650767803192,15.0211629867554,0.601581692695618,1.26061165332794,0.270241558551788,0.0385946246995868,1.53443024408882,0.40259033847318
147024,0.0166672,49.1693423315883,-0.0647844672203064,-23.2207431793213,0.807832896709442,14.3506917953491,0.565876126289368,1.18828499317169,0.309609234333038,0.255575086713119,1.31128194165278,-0.0211742984593412
147026,0.0166669,49.1860092319548,1.3356671333313,-21.661600112915,2.38681244850159,15.1203451156616,0.708698391914368,1.09673225879669,0.309609234333038,0.104589891176502,0.937672040131924,0.204882117559758
147030,0.0166673,49.2026765327901,1.3356671333313,-21.661600112915,2.38681244850159,15.1203451156616,0.708698391914368,1.09673225879669,0.309609234333038,0.104589891176502,0.937672040131924,0.204882117559758
147032,0.0166665,49.2193430326879,0.685032427310944,-19.6343173980713,1.91073822975159,16.1399383544922,0.983356595039368,1.16173470020294,0.399330914020538,-0.294390157962912,0.977168821962069,0.832958093830208
147038,0.0166666,49.2360096331686,0.685032427310944,-19.6343173980713,1.91073822975159,16.1399383544922,0.983356595039368,1.16173470020294,0.399330914020538,-0.294390157962912,0.977168821962069,0.832958093830208
147040,0.0166669,49.2526765335351,-0.763026654720306,-20.2770175933838,0.458711802959442,15.9415731430054,0.738910794258118,1.36498177051544,0.392922222614288,-0.206955038807077,1.01175426665959,0.818559324653416
147046,0.0215934,49.274269932881,-0.588466107845306,-17.7062168121338,0.557893931865692,16.2906951904297,0.822223782539368,1.34575569629669,0.295876324176788,-1.92589737836026,1.68538401055259,2.8398646749962
147048,0.0166676,49.2909375336021,-0.588466107845306,-17.7062168121338,0.557893931865692,16.2906951904297,0.822223782539368,1.34575569629669,0.295876324176788,-1.92589737836026,1.68538401055259,2.8398646749962
147052,0.0166674,49.3076049331576,-1.73897886276245,-16.0716953277588,-0.370450794696808,15.9177694320679,0.905536770820618,1.30638802051544,0.354470074176788,-1.61712864737925,2.47113476988655,2.6610012187572
147054,0.016667,49.3242719322443,-1.73897886276245,-16.0716953277588,-0.370450794696808,15.9177694320679,0.905536770820618,1.30638802051544,0.354470074176788,-1.61712864737925,2.47113476988655,2.6610012187572
147058,0.0166673,49.3409392330796,-0.290919721126556,-17.1587314605713,0.958589732646942,15.9415731430054,0.995258450508118,1.25420296192169,0.309609234333038,-1.30616295591681,1.98906128772463,2.25577219345763
147060,0.016666,49.3576052337885,0.637425005435944,-17.9045810699463,1.93454194068909,15.7908163070679,1.03096401691437,1.22124397754669,0.341652691364288,-1.07698773860549,1.36013778920062,1.8590909630629
147064,0.016667,49.3742722328752,0.637425005435944,-17.9045810699463,1.93454194068909,15.7908163070679,1.03096401691437,1.22124397754669,0.341652691364288,-1.07698773860549,1.36013778920062,1.8590909630629
147068,0.0166772,49.3909494336694,-1.43746519088745,-17.8768100738525,-0.219693958759308,17.3578948974609,0.922931790351868,1.67992317676544,0.302285015583038,-1.63937866586944,2.95033115247904,2.2666617344288
147072,0.0166665,49.4076159335673,-1.6159930229187,-18.297342300415,-0.342679798603058,16.6874237060547,0.702289700508118,1.82366096973419,0.322426617145538,-0.686435756064011,1.56242353538363,1.35512778643833
147074,0.0166669,49.4242828339338,-1.6159930229187,-18.297342300415,-0.342679798603058,16.6874237060547,0.702289700508118,1.82366096973419,0.322426617145538,-0.686435756064011,1.56242353538363,1.35512778643833
147078,0.0166672,49.4409500341862,-1.9651141166687,-18.4480991363525,-0.921903431415558,17.0603485107422,1.06666958332062,1.79711067676544,0.373696148395538,0.0147445934604111,3.05647088882187,0.964026534303906
147080,0.0166667,49.4576167333871,-1.9651141166687,-18.4480991363525,-0.921903431415558,17.0603485107422,1.06666958332062,1.79711067676544,0.373696148395538,0.0147445934604111,3.05647088882187,0.964026534303906
147086,0.0188354,49.476452132687,-1.9651141166687,-21.7845859527588,-0.921903431415558,17.5046844482422,0.630878567695618,2.15141987800598,0.276650249958038,-0.492604874995863,2.02715294116529,1.74149698365481
147088,0.0190206,49.4954727329314,-1.5128436088562,-20.7451572418213,-0.418058216571808,16.6358489990234,0.303119778633118,1.99394905567169,0.270241558551788,-0.673155860485599,3.02982228817777,1.6254258625891
147092,0.0166678,49.5121405329555,-1.5128436088562,-20.7451572418213,-0.418058216571808,16.6358489990234,0.303119778633118,1.99394905567169,0.270241558551788,-0.673155860485599,3.02982228817777,1.6254258625891
147094,0.0166675,49.5288080330938,-3.8138689994812,-22.0345249176025,-2.79842925071716,15.3702840805054,0.250019192695618,1.98754036426544,0.283058941364288,0.133572076946135,4.36006285963131,-1.79980370299967
147098,0.0166664,49.5454744324088,-3.1632342338562,-22.72483253479,-2.19936919212341,16.2153167724609,0.255512356758118,2.05986714363098,0.21897204220295,-0.833946977569776,3.14947618772576,1.17386561827333
147102,0.016667,49.5621414314955,-3.1632342338562,-22.72483253479,-2.19936919212341,16.2153167724609,0.255512356758118,2.05986714363098,0.21897204220295,-0.833946977569776,3.14947618772576,1.17386561827333
147106,0.0167397,49.5788811314851,-0.290919721126556,-26.08909034729,0.430940806865692,17.9767913818359,1.41182339191437,1.71929085254669,0.586098492145538,-1.05996278727345,2.15663829934721,1.64207538225874
147108,0.0166676,49.5955487322062,-0.290919721126556,-26.08909034729,0.430940806865692,17.9767913818359,1.41182339191437,1.71929085254669,0.586098492145538,-1.05996278727345,2.15663829934721,1.64207538225874
147112,0.0166669,49.6122156325728,-2.9648699760437,-25.5931797027588,-2.14779448509216,17.8022308349609,1.30470669269562,1.72569954395294,0.521096050739288,-1.64335324388996,3.32359339463801,1.60597289113538
147114,0.0166678,49.6288834325969,-1.73897886276245,-28.9574375152588,-0.997281849384308,17.7030487060547,0.285724759101868,2.34093403816223,0.23178942501545,-1.01395657684008,2.86446186538118,1.52887625157497
147120,0.016666,49.6455494333059,-1.73897886276245,-28.9574375152588,-0.997281849384308,17.7030487060547,0.285724759101868,2.34093403816223,0.23178942501545,-1.01395657684008,2.86446186538118,1.52887625157497
147122,0.0166668,49.6622162330896,-1.6636004447937,-29.1558017730713,-0.969510853290558,16.6874237060547,1.01906216144562,1.77788460254669,0.405739605426788,0.8613753353332,0.49395368914349,-0.835183980898845
147128,0.0216526,49.6838688328862,-1.6636004447937,-29.1558017730713,-0.969510853290558,16.6874237060547,1.01906216144562,1.77788460254669,0.405739605426788,0.8613753353332,0.49395368914349,-0.835183980898845
147130,0.0166669,49.7005357332528,1.73636293411255,-29.0804233551025,2.53756928443909,16.8619842529297,1.24519741535187,1.56182014942169,0.463417828083038,0.67700826602569,0.794905789537208,0.369543330904729
147132,0.0166675,49.717203233391,1.73636293411255,-29.0804233551025,2.53756928443909,16.8619842529297,1.24519741535187,1.56182014942169,0.463417828083038,0.67700826602569,0.794905789537208,0.369543330904729
147136,0.016667,49.7338702324778,1.73636293411255,-29.0804233551025,2.53756928443909,16.8619842529297,1.24519741535187,1.56182014942169,0.463417828083038,0.67700826602569,0.794905789537208,0.369543330904729
147140,0.0166671,49.7505373321474,-0.640040814876556,-29.45334815979,0.181001842021942,16.8342132568359,0.893634915351868,1.86302864551544,0.373696148395538,0.113368817164654,1.74744205560829,-0.0703878357961084
147144,0.0166674,49.7672047317028,-0.640040814876556,-29.45334815979,0.181001842021942,16.8342132568359,0.893634915351868,1.86302864551544,0.373696148395538,0.113368817164654,1.74744205560829,-0.0703878357961084
147146,0.0166672,49.7838719319552,-0.215541303157806,-28.167947769165,0.633272349834442,16.5882415771484,0.881733059883118,2.02690815925598,0.367287456989288,0.407874910984003,0.718301785078959,-0.578304330076177
147150,0.0166667,49.8005386311561,-1.1399188041687,-27.5252475738525,-0.318876087665558,16.2906951904297,0.827716946601868,2.00676655769348,0.386513531208038,-0.358179471235356,1.24293653600791,-0.44138075288866
147154,0.0166664,49.8172050304711,-1.1399188041687,-27.5252475738525,-0.318876087665558,16.2906951904297,0.827716946601868,2.00676655769348,0.386513531208038,-0.358179471235356,1.24293653600791,-0.44138075288866
147158,0.0166671,49.8338721301407,-0.862208783626556,-26.041482925415,-0.0689371153712273,15.6678304672241,0.738910794258118,1.99394905567169,0.373696148395538,-1.40040161150209,1.45289681657247,0.016036610216907
147160,0.0166663,49.8505384307355,-0.640040814876556,-26.08909034729,0.133394420146942,15.6440267562866,0.720600247383118,2.03972554206848,0.380104839801788,-1.42650474812408,1.33110478653368,-0.0439630453857302
147164,0.0166671,49.867205530405,-0.564662396907806,-26.1406650543213,0.157198131084442,15.5924520492554,0.702289700508118,1.98754036426544,0.335243999958038,-1.4790303203173,1.30740885242345,-0.0433615270337301
147170,0.0252941,49.8924996312708,0.486668169498444,-25.86692237854,1.26010346412659,15.6440267562866,0.618976712226868,2.11205220222473,0.348061382770538,-1.70432855188888,1.63923164757146,-0.180350391644584
147172,0.0184114,49.9109110310674,0.486668169498444,-25.86692237854,1.26010346412659,15.6440267562866,0.618976712226868,2.11205220222473,0.348061382770538,-1.70432855188888,1.63923164757146,-0.180350391644584
147174,0.0166676,49.9275786317885,-0.140162885189056,-25.4939975738525,0.581697642803192,15.9891805648804,0.625385403633118,2.17705464363098,0.348061382770538,-1.8223972629586,1.46074952264833,0.144914889550279
147178,0.0166708,49.944249432534,0.0859723687171936,-25.7677402496338,0.859407603740692,15.0211629867554,0.625385403633118,2.07268452644348,0.386513531208038,-2.18072835881975,1.54730644970177,0.548750914576977
147182,0.016666,49.9609154332429,0.0859723687171936,-25.7677402496338,0.859407603740692,15.0211629867554,0.625385403633118,2.07268452644348,0.386513531208038,-2.18072835881975,1.54730644970177,0.548750914576977
147186,0.0166682,49.9775836337358,0.335911333560944,-24.5577182769775,1.13315033912659,15.3187093734741,0.589679837226868,2.02049946784973,0.399330914020538,-1.8937266250982,1.4660843924889,-0.599053683974888
147188,0.0166673,49.994250934571,0.335911333560944,-24.5577182769775,1.13315033912659,15.3187093734741,0.589679837226868,2.02049946784973,0.399330914020538,-1.8937266250982,1.4660843924889,-0.599053683974888
147192,0.0166685,50.0109194349498,0.109776079654694,-24.97825050354,0.859407603740692,15.2949056625366,0.589679837226868,2.18437886238098,0.354470074176788,-2.06709268547103,1.61982361771051,-0.0851471606707369
147194,0.0166661,50.0275855343789,0.109776079654694,-24.97825050354,0.859407603740692,15.2949056625366,0.589679837226868,2.18437886238098,0.354470074176788,-2.06709268547103,1.61982361771051,-0.0851471606707369
147198,0.0166663,50.0442518349737,0.109776079654694,-24.97825050354,0.859407603740692,15.2949056625366,0.589679837226868,2.18437886238098,0.354470074176788,-2.06709268547103,1.61982361771051,-0.0851471606707369
147202,0.0166671,50.0609189346433,0.0105939507484436,-25.20041847229,0.784029185771942,15.4694662094116,0.595173001289368,2.17064595222473,0.386513531208038,-1.78125273289336,1.65195365547273,0.0881611291435592
147206,0.0166672,50.0775861348957,0.0105939507484436,-25.20041847229,0.784029185771942,15.4694662094116,0.595173001289368,2.17064595222473,0.386513531208038,-1.78125273289336,1.65195365547273,0.0881611291435592
147212,0.0210507,50.0986368358135,0.887363970279694,-24.9266757965088,1.63699555397034,14.5490560531616,0.523761868476868,2.03972554206848,0.418556988239288,-1.29021276343644,1.2888466055075,-0.698914447461032
147214,0.0178617,50.116498535499,0.887363970279694,-24.9266757965088,1.63699555397034,14.5490560531616,0.523761868476868,2.03972554206848,0.418556988239288,-1.29021276343644,1.2888466055075,-0.698914447461032
147216,0.0166682,50.1331667359918,0.887363970279694,-24.9266757965088,1.63699555397034,14.5490560531616,0.523761868476868,2.03972554206848,0.418556988239288,-1.29021276343644,1.2888466055075,-0.698914447461032
147220,0.0166666,50.1498333364725,0.236729204654694,-25.2242221832275,1.01016449928284,14.6998128890991,0.553974270820618,2.19078755378723,0.354470074176788,-1.85481524783968,1.57132460709801,-0.31425616070354
147222,0.0166714,50.1665047369897,0.312107622623444,-25.5217685699463,1.05777192115784,15.0965414047241,0.542072415351868,2.13860249519348,0.373696148395538,-1.82464043095516,1.41026424300071,-0.541187167586731
147226,0.0166626,50.1831673365086,0.312107622623444,-25.5217685699463,1.05777192115784,15.0965414047241,0.542072415351868,2.13860249519348,0.373696148395538,-1.82464043095516,1.41026424300071,-0.541187167586731
147228,0.0166675,50.1998348366469,0.0105939507484436,-26.3866367340088,0.708650767803192,14.9735555648804,0.553974270820618,2.17705464363098,0.405739605426788,-1.49896854672177,1.68927871537295,-0.640218078025928
147234,0.0166667,50.2165015358478,0.0105939507484436,-26.3866367340088,0.708650767803192,14.9735555648804,0.553974270820618,2.17705464363098,0.405739605426788,-1.49896854672177,1.68927871537295,-0.640218078025928
147236,0.0166666,50.2331681363285,0.0105939507484436,-26.31125831604,0.760225474834442,14.9497518539429,0.542072415351868,2.27593159675598,0.360878765583038,-1.59798335219708,1.58314917872777,-0.319952766031742
147238,0.0166671,50.249835235998,-0.140162885189056,-25.248025894165,0.657076060771942,14.3784627914429,0.535663723945618,2.21001362800598,0.367287456989288,-1.77813105769469,1.46813014163393,-0.237772778341047
147244,0.0166668,50.2665020357817,-0.140162885189056,-25.248025894165,0.657076060771942,14.3784627914429,0.535663723945618,2.21001362800598,0.367287456989288,-1.77813105769469,1.46813014163393,-0.237772778341047
147246,0.0166671,50.2831691354513,-0.465480268001556,-25.6209506988525,0.355562388896942,14.6244344711304,0.547565579414368,2.24938130378723,0.392922222614288,-1.47461259849012,1.301072252201,-0.755284440637029
147250,0.0166674,50.2998365350068,-0.215541303157806,-25.7915439605713,0.557893931865692,14.3784627914429,0.511860013008118,2.33452534675598,0.380104839801788,-1.78010772763494,1.29268516042894,-0.74628922858869
147252,0.0166657,50.3165022358298,-0.215541303157806,-25.7915439605713,0.557893931865692,14.3784627914429,0.511860013008118,2.33452534675598,0.380104839801788,-1.78010772763494,1.29268516042894,-0.74628922858869
147256,0.0166677,50.3331699352711,0.109776079654694,-26.707986831665,0.807832896709442,14.2515096664429,0.482563138008118,2.34825825691223,0.392922222614288,-1.80493716892222,1.35996026450056,-0.518828038813092
147260,0.016667,50.3498369343579,0.109776079654694,-26.6564121246338,0.831636607646942,13.9777669906616,0.482563138008118,2.24297261238098,0.380104839801788,-1.92452432412023,1.38852304937265,-0.361271313598949
147262,0.016667,50.3665039334446,0.109776079654694,-26.6564121246338,0.831636607646942,13.9777669906616,0.482563138008118,2.24297261238098,0.380104839801788,-1.92452432412023,1.38852304937265,-0.361271313598949
147266,0.0166673,50.3831712342799,0.0105939507484436,-25.692361831665,0.760225474834442,14.1761312484741,0.470661282539368,2.23015522956848,0.380104839801788,-2.11761279091921,1.73368833986948,-1.02892945086219
147268,0.0166667,50.3998379334807,-0.0647844672203064,-25.7439365386963,0.633272349834442,13.8071737289429,0.494464993476868,2.31529927253723,0.405739605426788,-2.06873651707184,1.58439104197705,-1.40544560560421
147274,0.0166666,50.4165045339614,-0.0647844672203064,-25.7439365386963,0.633272349834442,13.8071737289429,0.494464993476868,2.31529927253723,0.405739605426788,-2.06873651707184,1.58439104197705,-1.40544560560421
147276,0.016668,50.4331725332886,0.185154497623444,-26.31125831604,0.934786021709442,14.3506917953491,0.464252591133118,2.34093403816223,0.392922222614288,-2.00794551538852,1.49397367004271,-0.777442003495812
147280,0.0166657,50.4498382341117,-0.314723432064056,-27.3030796051025,0.407137095928192,14.4498739242554,0.511860013008118,2.51854634284973,0.367287456989288,-2.06496568004173,1.0856187232249,-0.104830100958572
147282,0.0166671,50.4665053337812,-0.314723432064056,-27.3030796051025,0.407137095928192,14.4498739242554,0.511860013008118,2.51854634284973,0.367287456989288,-2.06496568004173,1.0856187232249,-0.104830100958572
147286,0.0166686,50.4831739328802,-0.413905560970306,-26.7317905426025,0.256380259990692,13.5334310531616,0.457843899726868,2.36107563972473,0.392922222614288,-1.77226959521449,1.36530111014136,-1.54698741136103
147290,0.0166655,50.4998394325376,-0.663844525814056,-26.6088047027588,0.0580160096287727,13.1843099594116,0.476154446601868,2.24938130378723,0.380104839801788,-1.58958100468586,1.49839037156225,-1.85056594786504
147294,0.0173029,50.5171423330903,0.0859723687171936,-27.2515048980713,0.934786021709442,14.1523275375366,0.434040188789368,2.41966938972473,0.412148296833038,-1.81929587720732,1.03779852325042,-0.888923153095343
147298,0.016667,50.533809332177,0.0343976616859436,-28.2909336090088,0.732454478740692,13.6088094711304,0.404743313789368,2.32170796394348,0.392922222614288,-1.93275914296424,1.28419493813011,-0.632893685690632
147300,0.016668,50.5504773315042,0.0343976616859436,-28.2909336090088,0.732454478740692,13.6088094711304,0.404743313789368,2.32170796394348,0.392922222614288,-1.93275914296424,1.28419493813011,-0.632893685690632
147304,0.0166666,50.5671439319849,-0.0647844672203064,-28.4892978668213,0.732454478740692,13.7555990219116,0.386432766914368,2.30889058113098,0.386513531208038,-2.04912334750338,1.24714233697133,-0.48240211737191
147306,0.0166671,50.5838110316545,-0.0132097601890564,-27.5728549957275,0.732454478740692,13.0097494125366,0.386432766914368,2.37389302253723,0.418556988239288,-2.14249581457508,1.12603986452289,-0.74503691372508
147310,0.0166673,50.6004783324897,-0.0132097601890564,-27.5728549957275,0.732454478740692,13.0097494125366,0.386432766914368,2.37389302253723,0.418556988239288,-2.14249581457508,1.12603986452289,-0.74503691372508
147314,0.0166668,50.6171451322734,0.161350786685944,-27.7474155426025,0.807832896709442,12.4384603500366,0.374530911445618,2.26952290534973,0.431374371051788,-1.88358663855435,0.924584329270161,-0.850208052078793
147316,0.0166668,50.6338119320571,0.0621686577796936,-28.0687656402588,0.684847056865692,12.7122030258179,0.386432766914368,2.40685200691223,0.463417828083038,-1.69959143974479,1.21699266505732,-0.95083495077429
147320,0.0166671,50.6504790317267,0.0621686577796936,-28.0687656402588,0.684847056865692,12.7122030258179,0.386432766914368,2.40685200691223,0.463417828083038,-1.69959143974479,1.21699266505732,-0.95083495077429
147322,0.0166661,50.6671451311558,0.811985552310944,-22.9231967926025,1.35928559303284,7.94352626800537,0.273822903633118,0.880667805671692,0.533913433551788,-2.00823510617241,2.1284936963703,-6.19644342723513
147328,0.016668,50.683813130483,0.811985552310944,-22.9231967926025,1.35928559303284,7.94352626800537,0.273822903633118,0.880667805671692,0.533913433551788,-2.00823510617241,2.1284936963703,-6.19644342723513
147330,0.0166662,50.700479330495,1.23648500442505,-21.9075717926025,1.81155610084534,7.32462978363037,0.261921048164368,0.814749836921692,0.489052593708038,-2.03952670257915,2.45972589241775,-8.37745560977115
147336,0.0233208,50.7238001301885,0.859592974185944,-23.3199253082275,1.41086030006409,8.81236171722412,0.238117322325706,1.29357063770294,0.405739605426788,-1.27764143637438,3.53524787426179,-13.5704813618345
147338,0.0206248,50.7444249298424,0.835789263248444,-23.1969394683838,1.35928559303284,8.71317958831787,0.250019192695618,1.18187630176544,0.437783062458038,-1.51885155690281,3.46268416623188,-13.0667584170733
147342,0.0166697,50.7610946297646,0.788181841373444,-20.995096206665,1.28390717506409,7.32462978363037,0.261921048164368,0.513541340827942,0.405739605426788,-3.26495454316777,1.62769980698537,-11.6575252961028
147346,0.0166649,50.7777595296502,0.788181841373444,-20.995096206665,1.28390717506409,7.32462978363037,0.261921048164368,0.513541340827942,0.405739605426788,-3.26495454316777,1.62769980698537,-11.6575252961028
147348,0.0166679,50.7944274302572,0.609654009342194,-19.4359531402588,0.934786021709442,6.45579433441162,0.279316067695618,0.284659504890442,0.450600445270538,-4.18646893857847,1.2910382185328,-13.7729640192832
147352,0.0166667,50.8110941294581,0.609654009342194,-19.4359531402588,0.934786021709442,6.45579433441162,0.279316067695618,0.284659504890442,0.450600445270538,-4.18646893857847,1.2910382185328,-13.7729640192832
147354,0.0166666,50.8277607299387,0.609654009342194,-19.4359531402588,0.934786021709442,6.45579433441162,0.279316067695618,0.284659504890442,0.450600445270538,-4.18646893857847,1.2910382185328,-13.7729640192832
147358,0.0166669,50.8444276303053,0.0621686577796936,-18.075174331665,0.633272349834442,5.68614101409912,0.279316067695618,-0.0559166558086872,0.457009136676788,-4.77469187378252,0.264700940256829,-15.0378308638759
147362,0.0166686,50.8610962294042,0.185154497623444,-18.0513706207275,0.708650767803192,6.18205165863037,0.291217923164368,-0.0174645073711872,0.424965679645538,-5.0009989868428,0.0912334859333459,-15.4065564067853
147366,0.0166655,50.8777617290616,0.185154497623444,-18.0513706207275,0.708650767803192,6.18205165863037,0.291217923164368,-0.0174645073711872,0.424965679645538,-5.0009989868428,0.0912334859333459,-15.4065564067853
147368,0.0166672,50.894428929314,-0.140162885189056,-17.3332920074463,0.407137095928192,4.31742763519287,0.309528470039368,-0.259163737297058,0.386513531208038,-5.33465876903731,-0.288189093277834,-17.6379565692553
147372,0.0166669,50.9110958296806,-0.140162885189056,-17.3332920074463,0.407137095928192,4.31742763519287,0.309528470039368,-0.259163737297058,0.386513531208038,-5.33465876903731,-0.288189093277834,-17.6379565692553
147378,0.0206496,50.9317454304546,-0.663844525814056,-17.5078525543213,-0.418058216571808,5.26164150238037,0.326923489570618,0.0292273871600628,0.322426617145538,-4.4586420420272,-1.01295362941997,-18.3785516921617
147380,0.0185518,50.9502972308546,-0.663844525814056,-17.5078525543213,-0.418058216571808,5.26164150238037,0.326923489570618,0.0292273871600628,0.322426617145538,-4.4586420420272,-1.01295362941997,-18.3785516921617
147382,0.0166688,50.9669660311192,-0.663844525814056,-17.5078525543213,-0.418058216571808,5.26164150238037,0.326923489570618,0.0292273871600628,0.322426617145538,-4.4586420420272,-1.01295362941997,-18.3785516921617
147386,0.0175971,50.9845631308854,-1.21529722213745,-18.5710849761963,-0.945707142353058,5.75755214691162,0.357135891914368,0.310294270515442,0.18051989376545,-3.64621849864492,-2.26470052583103,-18.3328303110199
147390,0.0166675,51.0012306310236,-1.21529722213745,-18.5710849761963,-0.945707142353058,5.75755214691162,0.357135891914368,0.310294270515442,0.18051989376545,-3.64621849864492,-2.26470052583103,-18.3328303110199
147394,0.0166665,51.0178971309215,-1.38985776901245,-19.1146030426025,-1.02108550071716,6.47959804534912,0.350727200508118,0.533682942390442,0.1100242882967,-2.91677737735159,-3.00175354852777,-17.5781262981166
147396,0.0166671,51.0345642305911,-1.1875262260437,-19.58274269104,-0.794950306415558,6.50340175628662,0.326923489570618,0.631644368171692,0.0972069054841995,-2.66592247115939,-3.09182607580315,-17.1312333937857
147400,0.0166671,51.0512313302606,-1.1875262260437,-19.58274269104,-0.794950306415558,6.50340175628662,0.326923489570618,0.631644368171692,0.0972069054841995,-2.66592247115939,-3.09182607580315,-17.1312333937857
147402,0.0166926,51.0679239295423,-1.08834409713745,-20.7451572418213,-0.747342884540558,8.49101161956787,0.303119778633118,1.01799690723419,-0.0382911413908005,-2.20308599525643,-3.09979083712869,-14.8854094211431
147406,0.0166668,51.084590729326,-1.08834409713745,-20.7451572418213,-0.747342884540558,8.49101161956787,0.303119778633118,1.01799690723419,-0.0382911413908005,-2.20308599525643,-3.09979083712869,-14.8854094211431
147410,0.0166671,51.1012578289956,-1.08834409713745,-20.7451572418213,-0.747342884540558,8.49101161956787,0.303119778633118,1.01799690723419,-0.0382911413908005,-2.20308599525643,-3.09979083712869,-14.8854094211431
147414,0.0166666,51.1179244294763,-1.1637225151062,-22.1813144683838,-0.794950306415558,9.65739345550537,0.326923489570618,1.90880501270294,-0.0639259070158005,-1.63095806333599,-3.54603980736082,-12.4881594606282
147418,0.0208547,51.138779129833,-1.0129656791687,-22.6534214019775,-0.671964466571808,9.83195400238037,0.321430325508118,1.85661995410919,-0.0446998327970505,-1.49057059504526,-3.6803282878602,-11.7839989810442
147422,0.0182938,51.1570729296654,-1.54061460494995,-24.1094150543213,-1.27102446556091,11.8195638656616,0.321430325508118,2.16423726081848,-0.1023780554533,-0.879103515916753,-4.45045957849915,-6.67520425810756
147424,0.0166711,51.1737440302968,-1.6159930229187,-23.9110507965088,-1.32259917259216,11.3474569320679,0.321430325508118,2.06627583503723,-0.10878674685955,-0.475349915691912,-4.73553450087427,-6.68759584497067
147428,0.0166638,51.1904078312218,-1.6159930229187,-23.9110507965088,-1.32259917259216,11.3474569320679,0.321430325508118,2.06627583503723,-0.10878674685955,-0.475349915691912,-4.73553450087427,-6.68759584497067
147430,0.016672,51.2070798315108,-2.1396746635437,-23.4905185699463,-1.87405180931091,10.5024251937866,0.362629055976868,1.98113167285919,-0.12160412967205,-0.398512990095057,-5.53642159672971,-5.19574674701372
147434,0.016662,51.2237418312579,-2.4411883354187,-23.2445468902588,-2.14779448509216,10.5024251937866,0.392841458320618,1.90239632129669,-0.1408302038908,0.16481273804549,-5.60841496001086,-5.4172892567555
147436,0.0166683,51.240410130471,-2.4411883354187,-23.2445468902588,-2.14779448509216,10.5024251937866,0.392841458320618,1.90239632129669,-0.1408302038908,0.16481273804549,-5.60841496001086,-5.4172892567555
147442,0.0166663,51.2570764310658,-2.6395525932312,-24.359354019165,-2.35012602806091,11.3236532211304,0.404743313789368,2.12486958503723,-0.19301526248455,1.4841454191236,-4.88564388496095,-4.29437946439961
147444,0.0166667,51.2737431302667,-2.58797788619995,-24.4585361480713,-2.29855132102966,11.3712606430054,0.422138333320618,2.10564351081848,-0.1664649695158,1.55979467047336,-4.87699917792999,-4.3641713424421
147446,0.0166682,51.2904113307595,-2.58797788619995,-24.4585361480713,-2.29855132102966,11.3712606430054,0.422138333320618,2.10564351081848,-0.1664649695158,1.55979467047336,-4.87699917792999,-4.3641713424421
147452,0.0166678,51.3070791307837,-2.23885679244995,-24.5577182769775,-1.84628081321716,11.5696249008179,0.279316067695618,2.07268452644348,-0.19301526248455,2.73858749915046,-4.91391162678833,-4.15839681947031
147454,0.016665,51.3237441312522,-2.23885679244995,-24.5577182769775,-1.84628081321716,11.5696249008179,0.279316067695618,2.07268452644348,-0.19301526248455,2.73858749915046,-4.91391162678833,-4.15839681947031
147458,0.0166674,51.3404115308076,-0.989161908626556,-24.5061435699463,-0.195890247821808,10.6254110336304,0.172199353575706,0.887076497077942,-0.2122413367033,1.74927348636751,-4.27130027448614,-2.67419505044878
147460,0.0166674,51.3570789303631,-0.989161908626556,-24.3831577301025,-0.342679798603058,10.2286825180054,0.153888806700706,1.52245247364044,-0.263510882854462,-1.31200550766336,-3.29228648054965,-0.715877928535838
147464,0.0166688,51.3737477306277,-0.989161908626556,-24.3831577301025,-0.342679798603058,10.2286825180054,0.153888806700706,1.52245247364044,-0.263510882854462,-1.31200550766336,-3.29228648054965,-0.715877928535838
147466,0.016665,51.3904127310961,0.109776079654694,-25.86692237854,0.883211314678192,11.8949422836304,-0.0786551311612129,1.87584602832794,-0.289145648479462,0.314400143474653,-2.40564155503182,0.379927902550567
147472,0.016667,51.4070797301829,0.109776079654694,-25.86692237854,0.883211314678192,11.8949422836304,-0.0786551311612129,1.87584602832794,-0.289145648479462,0.314400143474653,-2.40564155503182,0.379927902550567
147474,0.0166678,51.423747530207,0.435093462467194,-25.7201328277588,1.20852875709534,12.2162923812866,-0.257182955741882,1.88225471973419,-0.289145648479462,0.558812117641595,-2.22543383923229,1.74506324157078
147478,0.0166656,51.4404131304473,0.435093462467194,-25.7201328277588,1.20852875709534,12.2162923812866,-0.257182955741882,1.88225471973419,-0.289145648479462,0.558812117641595,-2.22543383923229,1.74506324157078
147480,0.0166709,51.4570840299129,0.435093462467194,-25.7201328277588,1.20852875709534,12.2162923812866,-0.257182955741882,1.88225471973419,-0.289145648479462,0.558812117641595,-2.22543383923229,1.74506324157078
147484,0.0166647,51.4737487304956,-0.263148725032806,-25.8907260894775,0.307954967021942,12.5138387680054,-0.173869982361794,1.92894661426544,-0.269919574260712,1.39671029150338,-2.04281755672723,1.69887190605112
147488,0.0166658,51.4904145300388,-0.263148725032806,-25.8907260894775,0.307954967021942,12.5138387680054,-0.173869982361794,1.92894661426544,-0.269919574260712,1.39671029150338,-2.04281755672723,1.69887190605112
147492,0.0166717,51.5070862304419,-0.314723432064056,-26.1882724761963,0.208772838115692,12.6130208969116,-0.221477404236794,1.94176399707794,-0.20583264529705,1.19291516286756,-1.93140873749538,2.67929200825794
147494,0.016663,51.5237492304295,-0.314723432064056,-26.1882724761963,0.208772838115692,12.6130208969116,-0.221477404236794,1.94176399707794,-0.20583264529705,1.19291516286756,-1.93140873749538,2.67929200825794
147498,0.0166682,51.5404174309224,-0.612269818782806,-26.4104404449463,-0.144315540790558,12.5138387680054,-0.262676119804382,1.97472298145294,-0.257102191448212,1.08797895722165,-1.50316491550444,2.66078418238375
147500,0.0166674,51.5570848304778,-0.540858685970306,-26.1406650543213,-0.195890247821808,12.7122030258179,-0.262676119804382,2.03331685066223,-0.20583264529705,1.13172559899767,-1.59755161236694,2.86231411275815
147504,0.0166671,51.5737519301474,-0.540858685970306,-26.1406650543213,-0.195890247821808,12.7122030258179,-0.262676119804382,2.03331685066223,-0.20583264529705,1.13172559899767,-1.59755161236694,2.86231411275815
147508,0.0166656,51.5904175303876,-0.540858685970306,-26.1406650543213,-0.195890247821808,12.7122030258179,-0.262676119804382,2.03331685066223,-0.20583264529705,1.13172559899767,-1.59755161236694,2.86231411275815
147512,0.0166669,51.6070844307542,-0.663844525814056,-26.5850009918213,-0.219693958759308,12.6368246078491,-0.274577975273132,2.02049946784973,-0.24428479373455,1.17518605441348,-1.39028202883408,3.02308601300535
147514,0.0166673,51.6237517315894,-0.663844525814056,-26.5850009918213,-0.219693958759308,12.6368246078491,-0.274577975273132,2.02049946784973,-0.24428479373455,1.17518605441348,-1.39028202883408,3.02308601300535
147518,0.0166668,51.6404185313731,-0.663844525814056,-26.5850009918213,-0.219693958759308,12.6368246078491,-0.274577975273132,2.02049946784973,-0.24428479373455,1.17518605441348,-1.39028202883408,3.02308601300535
147520,0.0166677,51.6570862308145,-1.2906756401062,-27.54905128479,-0.945707142353058,13.7555990219116,-0.226970568299294,2.21001362800598,-0.269919574260712,1.17204842734249,-1.43847343594767,3.19841536384081
147524,0.0166676,51.6737538315356,-1.2906756401062,-27.54905128479,-0.945707142353058,13.7555990219116,-0.226970568299294,2.21001362800598,-0.269919574260712,1.17204842734249,-1.43847343594767,3.19841536384081
147528,0.0166661,51.6904199309647,-2.21505308151245,-28.167947769165,-1.67172026634216,14.0531454086304,-0.114360697567463,2.20360493659973,-0.276328265666962,1.72556146787449,-1.8553889921458,3.17793518434347
147530,0.016667,51.7070869300514,-2.21505308151245,-28.167947769165,-1.67172026634216,14.0531454086304,-0.114360697567463,2.20360493659973,-0.276328265666962,1.72556146787449,-1.8553889921458,3.17793518434347
147534,0.0166672,51.7237541303039,-2.21505308151245,-28.167947769165,-1.67172026634216,14.0531454086304,-0.114360697567463,2.20360493659973,-0.276328265666962,1.72556146787449,-1.8553889921458,3.17793518434347
147536,0.016669,51.7404231298715,-2.88949155807495,-28.6876621246338,-2.27474761009216,14.5014486312866,-0.119853861629963,2.23015522956848,-0.308371722698212,1.40603537430646,-2.08362672804819,2.82925126290168
147540,0.0166649,51.7570880297571,-2.88949155807495,-28.6876621246338,-2.27474761009216,14.5014486312866,-0.119853861629963,2.23015522956848,-0.308371722698212,1.40603537430646,-2.08362672804819,2.82925126290168
147544,0.0166667,51.773754728958,-3.1394305229187,-29.00901222229,-2.47311186790466,14.2277059555054,-0.102458842098713,2.27593159675598,-0.282736957073212,1.53524790901242,-0.846256813937862,1.46835408777476
147548,0.0166675,51.7904222290963,-3.1394305229187,-29.00901222229,-2.47311186790466,14.2277059555054,-0.102458842098713,2.27593159675598,-0.282736957073212,1.53524790901242,-0.846256813937862,1.46835408777476
147552,0.0166671,51.8070893287659,-3.1156268119812,-29.2073764801025,-2.37392973899841,14.1761312484741,-0.0960501506924629,2.26311421394348,-0.263510882854462,1.76632985722215,-0.853563647465617,0.972558225658434
147554,0.0166663,51.8237556293607,-3.69088315963745,-28.7352695465088,-3.02456450462341,14.3784627914429,-0.0127371642738581,2.23015522956848,-0.21865002810955,1.44376164158029,-2.01829892478306,3.13380637331714
147558,0.0166673,51.8404229301959,-3.69088315963745,-28.7352695465088,-3.02456450462341,14.3784627914429,-0.0127371642738581,2.23015522956848,-0.21865002810955,1.44376164158029,-2.01829892478306,3.13380637331714
147560,0.016667,51.8570899292827,-3.69088315963745,-28.7352695465088,-3.02456450462341,14.3784627914429,-0.0127371642738581,2.23015522956848,-0.21865002810955,1.44376164158029,-2.01829892478306,3.13380637331714
147564,0.0166667,51.8737566284835,-3.9408221244812,-27.4974765777588,-3.32607817649841,14.5768270492554,-0.126262560486794,2.45262837409973,-0.340415179729462,0.428078729604516,-0.319763829120584,3.92536407612274
147566,0.0166668,51.8904234282672,-3.9408221244812,-27.4974765777588,-3.32607817649841,14.5768270492554,-0.126262560486794,2.45262837409973,-0.340415179729462,0.428078729604516,-0.319763829120584,3.92536407612274
147572,0.0166686,51.9070920273662,-3.2663836479187,-27.3506870269775,-2.54849028587341,15.9177694320679,0.0650826618075371,2.19719624519348,-0.257102191448212,1.08837275206397,-3.20054311393717,4.00461391327722
147574,0.0166658,51.9237578269094,-3.0918231010437,-27.10471534729,-2.52468657493591,15.5924520492554,-0.173869982361794,2.49840474128723,-0.314780414104462,0.571720071626922,-2.28336222974697,4.38372873906701
147578,0.0166669,51.940424727276,-3.0918231010437,-27.10471534729,-2.52468657493591,15.5924520492554,-0.173869982361794,2.49840474128723,-0.314780414104462,0.571720071626922,-2.28336222974697,4.38372873906701
147580,0.0166668,51.9570915270597,2.6131329536438,-25.86692237854,3.36276459693909,15.7670125961304,-0.238872423768044,1.84380257129669,-0.1151954382658,1.03940572031862,-3.75143437677968,4.30352624179669
147586,0.0166684,51.9737599268556,2.6131329536438,-25.86692237854,3.36276459693909,15.7670125961304,-0.238872423768044,1.84380257129669,-0.1151954382658,1.03940572031862,-3.75143437677968,4.30352624179669
147588,0.0171398,51.9908997267485,-7.2416033744812,-22.72483253479,-6.68636894226074,15.2472982406616,-0.286479830741882,2.33452534675598,-0.469504535198212,-0.915403215401625,3.60898731874066,3.94225857431946
147592,0.0166694,52.0075691267848,-7.2416033744812,-22.72483253479,-6.68636894226074,15.2472982406616,-0.286479830741882,2.33452534675598,-0.469504535198212,-0.915403215401625,3.60898731874066,3.94225857431946
147594,0.0166656,52.024234727025,-7.2416033744812,-22.72483253479,-6.68636894226074,15.2472982406616,-0.286479830741882,2.33452534675598,-0.469504535198212,-0.915403215401625,3.60898731874066,3.94225857431946
147598,0.0174918,52.0417265277356,-2.88949155807495,-20.3246250152588,-2.25094389915466,16.1637420654297,0.518268704414368,1.98113167285919,-0.0446998327970505,-0.879506403454852,-0.355964456918058,5.12122513735394
147600,0.0166658,52.0583923272789,-2.88949155807495,-20.3246250152588,-2.25094389915466,16.1637420654297,0.518268704414368,1.98113167285919,-0.0446998327970505,-0.879506403454852,-0.355964456918058,5.12122513735394
147606,0.0166681,52.0750604271889,-8.16598033905029,-19.36057472229,-7.45998954772949,16.2153167724609,0.893634915351868,1.81725227832794,-0.00624768435955048,-1.11492960347235,1.6581167281263,4.54525184343545
147608,0.0166658,52.0917262267321,4.68802309036255,-19.535135269165,5.52096748352051,13.9301595687866,-0.841289401054382,1.26702034473419,-0.463095843791962,1.64516008338749,-3.72939273303909,3.76132152059564
147612,0.0171118,52.1088380273432,4.68802309036255,-19.535135269165,5.52096748352051,13.9301595687866,-0.841289401054382,1.26702034473419,-0.463095843791962,1.64516008338749,-3.72939273303909,3.76132152059564
147614,0.0166676,52.1255056280643,7.36197328567505,-19.9556674957275,8.25045967102051,14.2792806625366,-0.871501803398132,1.31920540332794,-0.450278460979462,1.63218109115625,-4.69583668400014,3.65648006541779
147618,0.0166671,52.1421727277339,-2.21505308151245,-18.24973487854,-1.49715971946716,16.0169525146484,-0.507121920585632,1.73851692676544,-0.423728168010712,-0.65101377504156,0.0431428221451836,3.03366050943146
147620,0.0166671,52.1588398274034,-2.21505308151245,-18.24973487854,-1.49715971946716,16.0169525146484,-0.507121920585632,1.73851692676544,-0.423728168010712,-0.65101377504156,0.0431428221451836,3.03366050943146
147626,0.0189364,52.1777762267739,4.4618878364563,-18.6186923980713,5.24325752258301,14.5252523422241,-0.454021334648132,1.65978157520294,-0.353232562541962,0.617545153212926,-2.86808101118553,3.64475393317822
147628,0.017586,52.1953622270375,4.4618878364563,-18.6186923980713,5.24325752258301,14.5252523422241,-0.454021334648132,1.65978157520294,-0.353232562541962,0.617545153212926,-2.86808101118553,3.64475393317822
147632,0.0166714,52.2120336275548,-5.2658953666687,-19.8564853668213,-4.23061943054199,16.9849700927734,0.201496228575706,1.70555794239044,-0.257102191448212,-0.656542175534111,0.178658246051016,3.31421119160898
147634,0.0166664,52.2287000268698,-5.2658953666687,-19.8564853668213,-4.23061943054199,16.9849700927734,0.201496228575706,1.70555794239044,-0.257102191448212,-0.656542175534111,0.178658246051016,3.31421119160898
147638,0.0166671,52.2453671265394,-5.2658953666687,-19.8564853668213,-4.23061943054199,16.9849700927734,0.201496228575706,1.70555794239044,-0.257102191448212,-0.656542175534111,0.178658246051016,3.31421119160898
147642,0.0166667,52.2620338257402,2.3116192817688,-20.1302280426025,3.14059662818909,13.8547811508179,-0.746074557304382,1.36498177051544,-0.507956683635712,2.30120335005466,-1.04180473858498,1.18389294228
147646,0.0166671,52.2787009254098,2.3116192817688,-20.1302280426025,3.14059662818909,13.8547811508179,-0.746074557304382,1.36498177051544,-0.507956683635712,2.30120335005466,-1.04180473858498,1.18389294228
147648,0.0166669,52.2953678257763,-4.23836851119995,-19.6819248199463,-3.27847075462341,14.3268880844116,-0.382610201835632,1.42449104785919,-0.404502093791962,1.60592645505728,0.714978537122016,0.969354273014954
147652,0.016667,52.3120348248631,-6.0672869682312,-20.5229892730713,-5.30575370788574,16.1399383544922,-0.632549166679382,1.75865852832794,-0.450278460979462,1.19391873741751,0.584572042430388,1.42937283980459
147654,0.0166671,52.3287019245327,-6.0672869682312,-20.5229892730713,-5.30575370788574,16.1399383544922,-0.632549166679382,1.75865852832794,-0.450278460979462,1.19391873741751,0.584572042430388,1.42937283980459
147660,0.0230354,52.3517373241484,-1.1399188041687,-22.4272861480713,-0.568815052509308,15.9653768539429,0.445942044258118,1.35857307910919,-0.0126563757658005,1.42820919905313,-1.30653876280097,2.24574435835744
147662,0.0166682,52.3684055246413,-1.1399188041687,-22.4272861480713,-0.568815052509308,15.9653768539429,0.445942044258118,1.35857307910919,-0.0126563757658005,1.42820919905313,-1.30653876280097,2.24574435835744
147668,0.0166659,52.3850714247674,-7.46773862838745,-22.72483253479,-7.05929374694824,15.2472982406616,-0.119853861629963,1.61400520801544,-0.340415179729462,0.97235381141556,0.018660770664486,3.65566845076992
147670,0.0166681,52.4017395246774,-7.46773862838745,-22.72483253479,-7.05929374694824,15.2472982406616,-0.119853861629963,1.61400520801544,-0.340415179729462,0.97235381141556,0.018660770664486,3.65566845076992
147674,0.0166663,52.4184058252722,-3.0918231010437,-22.6256504058838,-2.52468657493591,14.2792806625366,-0.483318209648132,1.41716682910919,-0.417319476604462,1.41967297400716,-1.63895971777388,3.19884553549358
147676,0.016667,52.4350728243589,2.1608624458313,-25.1250400543213,2.51376557350159,13.6802206039429,-0.603252291679382,1.42449104785919,-0.282736957073212,2.55517081578487,-1.10163593312238,-0.425603247702843
147680,0.0166673,52.4517401251942,-3.3139910697937,-23.4905185699463,-3.25069975852966,17.7308197021484,-0.131755724549294,1.88957893848419,-0.263510882854462,-0.920022796968219,0.424213349597858,4.7523637802161
147682,0.0166679,52.4684080258012,-3.3139910697937,-23.4905185699463,-3.25069975852966,17.7308197021484,-0.131755724549294,1.88957893848419,-0.263510882854462,-0.920022796968219,0.424213349597858,4.7523637802161
147686,0.016666,52.4850740265101,0.435093462467194,-27.0531406402588,0.732454478740692,15.8899984359741,0.219806775450706,1.53526985645294,-0.1536475867033,1.01128517611166,-2.77495082116479,2.75265830516359
147690,0.0166692,52.5017432272434,0.435093462467194,-27.0531406402588,0.732454478740692,15.8899984359741,0.219806775450706,1.53526985645294,-0.1536475867033,1.01128517611166,-2.77495082116479,2.75265830516359
147694,0.0166662,52.5184094272554,-4.66683530807495,-25.3710117340088,-4.92886161804199,16.3383026123047,-0.656352877616882,2.03331685066223,-0.475913226604462,2.54220429357106,0.284772243391678,-0.886030431808387
147696,0.0166671,52.535076526925,2.1608624458313,-28.4139194488525,2.11306977272034,16.3383026123047,0.338825345039368,1.61400520801544,-0.1408302038908,0.932114109264633,-3.90114502170459,2.63597680764697
147700,0.0166667,52.5517432261258,2.1608624458313,-28.4139194488525,2.11306977272034,16.3383026123047,0.338825345039368,1.61400520801544,-0.1408302038908,0.932114109264633,-3.90114502170459,2.63597680764697
147702,0.0166661,52.568409325555,0.109776079654694,-26.4620151519775,-0.0173624083399773,15.3940877914429,-0.495220065116882,1.76506721973419,-0.450278460979462,1.51532161919131,-2.46447114029708,-0.125689923790477
147706,0.016667,52.5850763246417,0.109776079654694,-26.4620151519775,-0.0173624083399773,15.3940877914429,-0.495220065116882,1.76506721973419,-0.450278460979462,1.51532161919131,-2.46447114029708,-0.125689923790477
147712,0.0220919,52.6071682255715,-3.4885516166687,-27.5252475738525,-4.42898368835449,16.2153167724609,-0.542827486991882,2.02049946784973,-0.417319476604462,2.70464195388091,0.860249584915907,-0.975006810601298
147714,0.0191585,52.6263267248869,-3.4885516166687,-27.5252475738525,-4.42898368835449,16.2153167724609,-0.542827486991882,2.02049946784973,-0.417319476604462,2.70464195388091,0.860249584915907,-0.975006810601298
147718,0.0166684,52.6429951246828,-3.4885516166687,-27.5252475738525,-4.42898368835449,16.2153167724609,-0.542827486991882,2.02049946784973,-0.417319476604462,2.70464195388091,0.860249584915907,-0.975006810601298
147722,0.0166661,52.6596612241119,-3.4885516166687,-27.5252475738525,-4.42898368835449,16.2153167724609,-0.542827486991882,2.02049946784973,-0.417319476604462,2.70464195388091,0.860249584915907,-0.975006810601298
147724,0.0166676,52.676328824833,-0.0132097601890564,-28.3663120269775,-0.846525013446808,15.2711019515991,0.0650826618075371,1.65978157520294,-0.2250587195158,1.68765541589993,-2.51184327438427,-0.701179807084179
147728,0.0166668,52.6929956246167,-0.0132097601890564,-28.3663120269775,-0.846525013446808,15.2711019515991,0.0650826618075371,1.65978157520294,-0.2250587195158,1.68765541589993,-2.51184327438427,-0.701179807084179
147732,0.0166671,52.7096627242863,2.3354229927063,-27.3030796051025,1.43466401100159,14.6244344711304,-0.131755724549294,1.72569954395294,-0.282736957073212,2.07399051739855,-2.41123416243579,-1.59224398046104
147734,0.0166668,52.72632952407,2.3354229927063,-27.3030796051025,1.43466401100159,14.6244344711304,-0.131755724549294,1.72569954395294,-0.282736957073212,2.07399051739855,-2.41123416243579,-1.59224398046104
147738,0.0166836,52.743013124913,-0.390101850032806,-28.9098300933838,-1.94943022727966,17.1079559326172,-0.370708346366882,2.07909321784973,-0.340415179729462,1.29168953966405,-0.37190828884222,1.78633586991221
147742,0.0166496,52.7596627250314,0.835789263248444,-27.0293369293213,-0.794950306415558,15.0727376937866,-0.340495944023132,1.78429329395294,-0.378867328166962,1.79564591979526,-0.874047326147338,-0.197499968476758
147744,0.0166684,52.7763311248273,0.835789263248444,-27.0293369293213,-0.794950306415558,15.0727376937866,-0.340495944023132,1.78429329395294,-0.378867328166962,1.79564591979526,-0.874047326147338,-0.197499968476758
147748,0.0166655,52.7929966244847,1.2880597114563,-28.0925693511963,-0.168119251728058,14.7236166000366,-0.203166857361794,1.71196663379669,-0.327597796916962,1.03369959277265,-1.85072125065843,1.38699319920703
147754,0.0222942,52.8152908235788,0.486668169498444,-31.6789951324463,-0.997281849384308,15.2472982406616,-0.0667532756924629,1.88957893848419,-0.282736957073212,1.23989091367259,-2.46714371814579,1.01505199308334
147756,0.0166671,52.8319579232484,0.510471880435944,-31.9011631011963,-0.921903431415558,15.2949056625366,-0.0722464397549629,1.91521370410919,-0.321189105510712,1.19525059236667,-2.47463275623021,1.4531770742822
147760,0.0166673,52.8486252240837,0.510471880435944,-31.9011631011963,-0.921903431415558,15.2949056625366,-0.0722464397549629,1.91521370410919,-0.321189105510712,1.19525059236667,-2.47463275623021,1.4531770742822
147762,0.0166674,52.8652926236391,0.486668169498444,-29.627908706665,-0.945707142353058,14.7751913070679,-0.0246390197426081,1.76506721973419,-0.334006488323212,1.57956363469455,-1.84654973928184,0.745823973206183
147766,0.0166665,52.8819591235369,0.712803423404694,-30.9371128082275,-0.894132435321808,15.6202230453491,0.0110665466636419,2.03972554206848,-0.282736957073212,1.96847234717213,-1.90953384137359,-1.08142323477861
147768,0.0166678,52.8986269235611,0.712803423404694,-30.9371128082275,-0.894132435321808,15.6202230453491,0.0110665466636419,2.03972554206848,-0.282736957073212,1.96847234717213,-1.90953384137359,-1.08142323477861
147772,0.0166663,52.9152932241559,0.109776079654694,-31.6313877105713,-1.49715971946716,15.3464803695679,0.100788228213787,1.96831429004669,-0.334006488323212,1.67315426610693,-2.15274119502337,0.463759060024417
147774,0.0166672,52.9319604244083,0.109776079654694,-31.6313877105713,-1.49715971946716,15.3464803695679,0.100788228213787,1.96831429004669,-0.334006488323212,1.67315426610693,-2.15274119502337,0.463759060024417
147780,0.0166675,52.9486279245466,0.109776079654694,-31.6313877105713,-1.49715971946716,15.3464803695679,0.100788228213787,1.96831429004669,-0.334006488323212,1.67315426610693,-2.15274119502337,0.463759060024417
147782,0.0166668,52.9652947243303,-0.140162885189056,-30.7903232574463,-1.54873442649841,15.3464803695679,0.238117322325706,2.00676655769348,-0.340415179729462,2.03754068932873,-2.01375683397592,-1.65471983217341
147786,0.0166668,52.981961524114,-0.140162885189056,-30.7903232574463,-1.54873442649841,15.3464803695679,0.238117322325706,2.00676655769348,-0.340415179729462,2.03754068932873,-2.01375683397592,-1.65471983217341
147788,0.0166674,52.9986289236695,-0.140162885189056,-30.7903232574463,-1.54873442649841,15.3464803695679,0.238117322325706,2.00676655769348,-0.340415179729462,2.03754068932873,-2.01375683397592,-1.65471983217341
147794,0.0205251,53.0191540233791,-0.362330853939056,-31.1592807769775,-1.77486968040466,15.6202230453491,0.338825345039368,2.08550190925598,-0.366049945354462,2.49618854528416,-2.13876704180979,-1.69662007873598
147796,0.0180512,53.0372052229941,-0.362330853939056,-31.1592807769775,-1.77486968040466,15.6202230453491,0.338825345039368,2.08550190925598,-0.366049945354462,2.49618854528416,-2.13876704180979,-1.69662007873598
147800,0.0166682,53.0538734234869,-0.763026654720306,-30.46897315979,-2.02480864524841,15.0489339828491,0.470661282539368,1.98754036426544,-0.385276019573212,2.44508935208674,-1.72194792653235,-1.60612319508513
147802,0.016667,53.0705404225737,-0.763026654720306,-30.46897315979,-2.02480864524841,15.0489339828491,0.470661282539368,1.98754036426544,-0.385276019573212,2.44508935208674,-1.72194792653235,-1.60612319508513
147808,0.0166688,53.0872092228383,-0.663844525814056,-29.89768409729,-1.79867339134216,14.8505697250366,0.571369290351868,1.89598762989044,-0.366049945354462,2.29475462216945,-1.98370420234497,-1.55542338091915
147810,0.0166652,53.1038744226098,-0.937587201595306,-30.4927768707275,-2.19936919212341,15.0489339828491,0.649189114570618,2.03972554206848,-0.372458636760712,2.33859274933343,-1.69140914254296,-1.79660695751457
147814,0.0166669,53.1205413229764,-0.937587201595306,-30.4927768707275,-2.19936919212341,15.0489339828491,0.649189114570618,2.03972554206848,-0.372458636760712,2.33859274933343,-1.69140914254296,-1.79660695751457
147816,0.0166675,53.1372088231146,-0.937587201595306,-30.4927768707275,-2.19936919212341,15.0489339828491,0.649189114570618,2.03972554206848,-0.372458636760712,2.33859274933343,-1.69140914254296,-1.79660695751457
147820,0.0166666,53.1538754235953,-0.989161908626556,-30.2706089019775,-2.14779448509216,14.6998128890991,0.744403958320618,1.99394905567169,-0.372458636760712,1.78566847392358,-1.59486344091084,-0.770716594350229
147822,0.0166669,53.1705423239619,-0.989161908626556,-30.2706089019775,-2.14779448509216,14.6998128890991,0.744403958320618,1.99394905567169,-0.372458636760712,1.78566847392358,-1.59486344091084,-0.770716594350229
147828,0.0166667,53.1872090231627,-0.790797650814056,-30.738748550415,-1.89785552024841,14.5768270492554,0.834125638008118,1.98113167285919,-0.353232562541962,1.44228027097731,-1.38562540946443,-0.816880491373476
147830,0.0166668,53.2038758229464,-0.739222943782806,-30.8895053863525,-1.94943022727966,14.8227987289429,0.798420071601868,2.08550190925598,-0.359641253948212,1.25791191017981,-1.11055977176386,-0.762295493587689
147836,0.0219858,53.2258616220206,-1.04073667526245,-30.46897315979,-2.02480864524841,14.3506917953491,0.917438626289368,1.94176399707794,-0.327597796916962,1.17139888180542,-1.33389155091197,-0.876417621989466
147838,0.0193999,53.24526152201,-0.889979779720306,-30.2706089019775,-1.84628081321716,14.2277059555054,0.846027493476868,1.99394905567169,-0.340415179729462,0.799814064213529,-1.15891623452213,-0.97632967787171
147842,0.0166681,53.26192962192,-0.889979779720306,-30.2706089019775,-1.84628081321716,14.2277059555054,0.846027493476868,1.99394905567169,-0.340415179729462,0.799814064213529,-1.15891623452213,-0.97632967787171
147844,0.016667,53.2785966210067,-0.838405072689056,-30.3697910308838,-1.72329497337341,14.1523275375366,0.857929348945618,1.93535530567169,-0.359641253948212,0.768846627626257,-1.23181490602857,-1.04380381981787
147848,0.0166669,53.2952635213733,-1.2906756401062,-30.46897315979,-2.19936919212341,13.9063558578491,0.857929348945618,1.98754036426544,-0.398093402385712,0.418756835558789,-1.39262224733569,-0.900807099852963
147852,0.0166672,53.3119307216257,-1.2906756401062,-30.46897315979,-2.19936919212341,13.9063558578491,0.857929348945618,1.98754036426544,-0.398093402385712,0.418756835558789,-1.39262224733569,-0.900807099852963
147856,0.016667,53.3285977207124,-1.21529722213745,-29.7746982574463,-2.10018706321716,14.1047201156616,0.893634915351868,1.96831429004669,-0.346823871135712,-0.0150725356587353,-1.15246694622173,0.197008593620355
147858,0.0166664,53.3452641200274,-1.04073667526245,-29.4295444488525,-1.97323393821716,13.8547811508179,0.887226223945618,1.94817268848419,-0.398093402385712,0.120181836833858,-1.09028755052457,-0.829796768816877
147862,0.0166694,53.3619335200638,-1.04073667526245,-29.4295444488525,-1.97323393821716,13.8547811508179,0.887226223945618,1.94817268848419,-0.398093402385712,0.120181836833858,-1.09028755052457,-0.829796768816877
147864,0.0166655,53.3785990197212,-0.965358197689056,-28.78684425354,-1.82247710227966,14.1523275375366,0.946735501289368,1.92162239551544,-0.353232562541962,-0.102545859001484,-1.21536139451272,-0.898273412026917
147868,0.0166664,53.3952654190362,-0.989161908626556,-28.7590732574463,-1.89785552024841,14.1523275375366,0.958637356758118,1.99394905567169,-0.385276019573212,-0.107418012674121,-1.24680391102863,-0.929093320491941
147872,0.016667,53.4119324181229,-0.989161908626556,-28.7590732574463,-1.89785552024841,14.1523275375366,0.958637356758118,1.99394905567169,-0.385276019573212,-0.107418012674121,-1.24680391102863,-0.929093320491941
147878,0.0194885,53.4314209185541,-1.26290464401245,-29.0804233551025,-1.92165923118591,14.4260702133179,0.905536770820618,2.00035786628723,-0.366049945354462,-0.0892403532785083,-1.32232367200574,-0.974327422847805
147880,0.0183369,53.4497578181326,-1.1399188041687,-28.5884799957275,-1.94943022727966,14.6482381820679,1.00075161457062,2.03972554206848,-0.346823871135712,-0.342376710322472,-1.26861540682001,0.32454540705557
147882,0.0166684,53.4664262179285,-0.763026654720306,-28.612283706665,-1.49715971946716,14.7474203109741,0.905536770820618,2.06627583503723,-0.385276019573212,-0.278113831305838,-1.08507243871703,-0.542209260618431
147888,0.0214583,53.4878845177591,-0.763026654720306,-28.612283706665,-1.49715971946716,14.7474203109741,0.905536770820618,2.06627583503723,-0.385276019573212,-0.278113831305838,-1.08507243871703,-0.542209260618431
147890,0.0166682,53.5045527182519,-0.763026654720306,-28.612283706665,-1.49715971946716,14.7474203109741,0.905536770820618,2.06627583503723,-0.385276019573212,-0.278113831305838,-1.08507243871703,-0.542209260618431
147894,0.0166667,53.5212194174528,-0.239345014095306,-28.4139194488525,-0.747342884540558,14.2039022445679,0.863422513008118,2.00676655769348,-0.378867328166962,0.136112334127436,-1.280681640129,-1.79776444058844
147896,0.0166665,53.5378859173507,-0.239345014095306,-28.4139194488525,-0.747342884540558,14.2039022445679,0.863422513008118,2.00676655769348,-0.378867328166962,0.136112334127436,-1.280681640129,-1.79776444058844
147900,0.0166684,53.5545543171465,1.26028871536255,-29.5525302886963,0.506319224834442,16.1915130615234,0.893634915351868,2.29515767097473,-0.353232562541962,-0.234974018109533,-0.872357557488419,0.200713797808134
147902,0.0166668,53.5712211169302,1.26028871536255,-29.5525302886963,0.506319224834442,16.1915130615234,0.893634915351868,2.29515767097473,-0.353232562541962,-0.234974018109533,-0.872357557488419,0.200713797808134
147908,0.0166662,53.5878873169422,2.06168031692505,-29.7985019683838,1.28390717506409,15.7194051742554,0.839618802070618,2.21001362800598,-0.366049945354462,0.088619463862711,-0.882497860737536,-0.476050561528199
147910,0.0166665,53.6045538168401,2.3116192817688,-29.850076675415,1.38308930397034,15.5448446273804,0.857929348945618,2.17064595222473,-0.0767432898283005,0.306913386174678,-0.612421853550491,-0.725669931449963
147914,0.0166678,53.6212216168642,2.3116192817688,-29.850076675415,1.38308930397034,15.5448446273804,0.857929348945618,2.17064595222473,-0.0767432898283005,0.306913386174678,-0.612421853550491,-0.725669931449963
147920,0.017919,53.6391406171024,3.9144024848938,-30.3935947418213,2.86288666725159,15.8185873031616,0.851520657539368,1.96831429004669,0.1997459679842,-0.638194057574817,0.19998309365589,0.619534038666351
147922,0.019842,53.6589826177806,3.9144024848938,-30.3935947418213,2.86288666725159,15.8185873031616,0.851520657539368,1.96831429004669,0.1997459679842,-0.638194057574817,0.19998309365589,0.619534038666351
147924,0.0166677,53.6756503172219,3.9144024848938,-30.3935947418213,2.86288666725159,15.8185873031616,0.851520657539368,1.96831429004669,0.1997459679842,-0.638194057574817,0.19998309365589,0.619534038666351
147928,0.0166671,53.6923174168915,3.83902406692505,-28.4139194488525,3.01364350318909,14.3030843734741,0.822223782539368,1.56182014942169,0.322426617145538,0.783906161340495,2.15011438718523,-1.64747279542601
147930,0.0166669,53.708984317258,3.83902406692505,-28.4139194488525,3.01364350318909,14.3030843734741,0.822223782539368,1.56182014942169,0.322426617145538,0.783906161340495,2.15011438718523,-1.64747279542601
147934,0.0166668,53.7256511170417,3.3113751411438,-27.8942050933838,2.71212983131409,14.1761312484741,0.714191555976868,1.48308479785919,0.289467632770538,0.385606270415366,0.148056143280222,1.18846891069267
147936,0.0166668,53.7423179168254,3.3113751411438,-27.8942050933838,2.71212983131409,14.1761312484741,0.714191555976868,1.48308479785919,0.289467632770538,0.385606270415366,0.148056143280222,1.18846891069267
147942,0.0166685,53.7589864172041,3.4383282661438,-27.7950229644775,2.91446137428284,13.9063558578491,0.744403958320618,1.45012581348419,0.283058941364288,0.41972470820875,0.050256955170769,1.04601770621879
147944,0.0166657,53.7756521180272,2.4623761177063,-27.99338722229,2.00992035865784,15.4456624984741,0.875324368476868,1.56182014942169,0.289467632770538,-0.883298466543412,2.1276603762659,2.86113013642527
147948,0.0166666,53.7923187185079,2.4623761177063,-27.99338722229,2.00992035865784,15.4456624984741,0.875324368476868,1.56182014942169,0.289467632770538,-0.883298466543412,2.1276603762659,2.86113013642527
147950,0.0166689,53.8089876193553,3.1368145942688,-26.4342441558838,3.06521821022034,14.8743734359741,0.988849759101868,1.47667610645294,0.302285015583038,-0.520140397995487,1.62817161708955,2.02073507988858
147954,0.0166656,53.8256532195956,3.1368145942688,-26.4342441558838,3.06521821022034,14.8743734359741,0.988849759101868,1.47667610645294,0.302285015583038,-0.520140397995487,1.62817161708955,2.02073507988858
147960,0.0217636,53.8474168200046,-0.163966596126556,-23.788064956665,0.105623431503773,14.3506917953491,0.601581692695618,1.53526985645294,0.1997459679842,0.203682299606471,2.28900486647313,-0.524853586306089
147964,0.0193028,53.8667196203023,-0.163966596126556,-23.788064956665,0.105623431503773,14.3506917953491,0.601581692695618,1.53526985645294,0.1997459679842,0.203682299606471,2.28900486647313,-0.524853586306089
147966,0.0166681,53.8833877202123,1.08572816848755,-24.18479347229,1.58542084693909,14.4022665023804,0.988849759101868,1.32561409473419,0.270241558551788,-0.100677528646866,1.48517921478646,0.377302062417099
147968,0.0166673,53.9000550210476,1.1373028755188,-21.1656894683838,2.08529877662659,13.9063558578491,0.893634915351868,1.20842659473419,0.251015484333038,-0.655492680969321,1.31514041091123,1.13061228698982
147972,0.0166684,53.9167234208435,1.1373028755188,-21.1656894683838,2.08529877662659,13.9063558578491,0.893634915351868,1.20842659473419,0.251015484333038,-0.655492680969321,1.31514041091123,1.13061228698982
147976,0.0166656,53.9333890210837,2.3354229927063,-22.6534214019775,3.03744721412659,13.9777669906616,1.29280483722687,1.12969124317169,0.431374371051788,-0.932209085014176,-1.46343400432659,2.06005691681512
147980,0.0166664,53.9500554203987,-6.14266538619995,-21.26487159729,-5.58346366882324,15.9415731430054,0.440448880195618,2.01409077644348,0.19333727657795,-1.65999811775953,2.52736240126533,2.49338560157869
147982,0.0166672,53.9667226206511,-6.14266538619995,-21.26487159729,-5.58346366882324,15.9415731430054,0.440448880195618,2.01409077644348,0.19333727657795,-1.65999811775953,2.52736240126533,2.49338560157869
147986,0.0166672,53.9833898209035,-1.1161150932312,-24.0856113433838,-0.267301380634308,15.2195272445679,1.29280483722687,1.72569954395294,0.450600445270538,-1.30862618768467,-0.2288187080762,1.84904817069575
147988,0.0166673,54.0000571217388,-1.1161150932312,-24.0856113433838,-0.267301380634308,15.2195272445679,1.29280483722687,1.72569954395294,0.450600445270538,-1.30862618768467,-0.2288187080762,1.84904817069575
147994,0.0166667,54.0167238209397,-7.84066343307495,-23.9388217926025,-7.33700370788574,16.1161346435547,0.834125638008118,2.29515767097473,0.373696148395538,-1.15219967500445,2.15815956033573,1.1249986895228
147996,0.0166668,54.0333906207234,1.1611065864563,-24.6807041168213,1.73617768287659,15.3187093734741,0.250019192695618,2.23015522956848,0.11643297970295,-0.733426900496096,0.763186906861664,1.01187172693234
148002,0.0200494,54.053440021351,-2.73873472213745,-24.8274936676025,-2.07241606712341,16.9849700927734,1.38252651691437,2.02690815925598,0.527504742145538,-0.935738816314971,0.131680159059082,1.03460779801759
148004,0.0166669,54.0701069217175,-2.73873472213745,-24.8274936676025,-2.07241606712341,16.9849700927734,1.38252651691437,2.02690815925598,0.527504742145538,-0.935738816314971,0.131680159059082,1.03460779801759
148008,0.0166687,54.0867756213993,-2.73873472213745,-24.8274936676025,-2.07241606712341,16.9849700927734,1.38252651691437,2.02690815925598,0.527504742145538,-0.935738816314971,0.131680159059082,1.03460779801759
148010,0.016666,54.1034416221082,-0.215541303157806,-25.692361831665,0.581697642803192,16.1161346435547,0.976947903633118,1.97472298145294,0.399330914020538,0.876530913615287,0.118889205060287,-0.575546562208578
148014,0.0166678,54.1201094221324,-0.215541303157806,-25.692361831665,0.581697642803192,16.1161346435547,0.976947903633118,1.97472298145294,0.399330914020538,0.876530913615287,0.118889205060287,-0.575546562208578
148016,0.0166664,54.1367758214474,-0.215541303157806,-25.692361831665,0.581697642803192,16.1161346435547,0.976947903633118,1.97472298145294,0.399330914020538,0.876530913615287,0.118889205060287,-0.575546562208578
148020,0.0166684,54.1534442212433,-6.99166440963745,-27.8704013824463,-6.71017265319824,17.6316375732422,1.06026089191437,2.45903706550598,0.501869976520538,-0.81381901546749,4.22478657339721,1.40839297204123
148022,0.0166654,54.1701096203178,-6.99166440963745,-27.8704013824463,-6.71017265319824,17.6316375732422,1.06026089191437,2.45903706550598,0.501869976520538,-0.81381901546749,4.22478657339721,1.40839297204123
148028,0.0166679,54.1867775209248,1.1849102973938,-28.0449619293213,1.81155610084534,15.7908163070679,0.768207669258118,2.00035786628723,0.360878765583038,0.925889016241382,0.435536831745628,-0.997329355189953
148030,0.016666,54.2034435216337,1.1849102973938,-28.0449619293213,1.81155610084534,15.7908163070679,0.768207669258118,2.00035786628723,0.360878765583038,0.925889016241382,0.435536831745628,-0.997329355189953
148034,0.0166677,54.2201112210751,1.1849102973938,-28.0449619293213,1.81155610084534,15.7908163070679,0.768207669258118,2.00035786628723,0.360878765583038,0.925889016241382,0.435536831745628,-0.997329355189953
148036,0.0166662,54.236777421087,0.911167681217194,-29.7270908355713,1.66079926490784,16.6358489990234,1.40633022785187,1.90880501270294,0.527504742145538,0.674746599816252,-0.188144918488037,1.3411658639283
148042,0.0174334,54.2542108204216,0.911167681217194,-29.7270908355713,1.66079926490784,16.6358489990234,1.40633022785187,1.90880501270294,0.527504742145538,0.674746599816252,-0.188144918488037,1.3411658639283
148044,0.0169751,54.2711859196424,0.911167681217194,-29.7270908355713,1.66079926490784,16.6358489990234,1.40633022785187,1.90880501270294,0.527504742145538,0.674746599816252,-0.188144918488037,1.3411658639283
148048,0.0166684,54.2878543194383,-0.540858685970306,-29.23118019104,-0.120511822402477,16.3144989013672,1.04286587238312,2.09191060066223,0.457009136676788,0.709064387048867,1.21187660690658,-0.849240978239077
148050,0.0166656,54.3045199196786,-0.540858685970306,-29.23118019104,-0.120511822402477,16.3144989013672,1.04286587238312,2.09191060066223,0.457009136676788,0.709064387048867,1.21187660690658,-0.849240978239077
148054,0.0166676,54.3211875203997,-1.73897886276245,-29.0804233551025,-1.47335600852966,16.5366668701172,0.684894680976868,2.40685200691223,0.348061382770538,0.424728778599542,2.18433438090999,-0.62934019132304
148056,0.0166664,54.3378539197147,0.811985552310944,-29.1558017730713,1.38308930397034,16.2629241943359,1.13167202472687,2.01409077644348,0.489052593708038,1.20170244859819,0.813885906673009,-0.58301286939468
148060,0.0166672,54.3545211199671,0.811985552310944,-29.1558017730713,1.38308930397034,16.2629241943359,1.13167202472687,2.01409077644348,0.489052593708038,1.20170244859819,0.813885906673009,-0.58301286939468
148062,0.0166665,54.3711876198649,0.585850298404694,-29.1796054840088,1.26010346412659,15.7194051742554,1.09047329425812,1.92894661426544,0.482643902301788,1.17915603157396,1.04587223514151,-0.390348799552048
148068,0.0166673,54.3878549207002,-0.739222943782806,-28.9098300933838,-0.469632923603058,15.7670125961304,0.827716946601868,2.24938130378723,0.424965679645538,0.29453801201886,1.89777551335686,0.633260301481382
148070,0.0166665,54.404521420598,-0.739222943782806,-28.9098300933838,-0.469632923603058,15.7670125961304,0.827716946601868,2.24938130378723,0.424965679645538,0.29453801201886,1.89777551335686,0.633260301481382
148074,0.0166675,54.4211889207363,-0.390101850032806,-28.3663120269775,0.0818197205662727,16.0169525146484,0.958637356758118,2.24938130378723,0.444191753864288,0.840069149164041,1.86715504995849,-0.393256863349214
148076,0.0166664,54.4378553200513,-0.390101850032806,-28.3663120269775,0.0818197205662727,16.0169525146484,0.958637356758118,2.24938130378723,0.444191753864288,0.840069149164041,1.86715504995849,-0.393256863349214
148082,0.0207665,54.4586218204349,-0.640040814876556,-28.0687656402588,-0.195890247821808,15.6440267562866,0.851520657539368,2.15141987800598,0.309609234333038,0.947921349058836,1.7813939293827,-1.0485446270183
148084,0.0171557,54.4757775198668,-0.663844525814056,-28.0687656402588,-0.0927408263087273,16.0883636474609,0.905536770820618,2.22374653816223,0.386513531208038,0.733853728689133,1.63937720561446,-0.650409587770964
148088,0.0166676,54.4924451205879,-0.663844525814056,-28.0687656402588,-0.0927408263087273,16.0883636474609,0.905536770820618,2.22374653816223,0.386513531208038,0.733853728689133,1.63937720561446,-0.650409587770964
148090,0.0166673,54.5091124214232,-0.687648236751556,-27.6720371246338,-0.195890247821808,15.4456624984741,0.911029934883118,2.15782856941223,0.335243999958038,0.755406770957356,1.4806063742185,-0.887702626341459
148094,0.0166668,54.5257792212069,-0.763026654720306,-28.5884799957275,-0.243497669696808,16.4374847412109,0.941242337226868,2.33452534675598,0.295876324176788,0.931037651663485,1.48353293620821,-0.63392881659595
148098,0.0166673,54.5424465220422,-0.763026654720306,-28.5884799957275,-0.243497669696808,16.4374847412109,0.941242337226868,2.33452534675598,0.295876324176788,0.931037651663485,1.48353293620821,-0.63392881659595
148102,0.0166664,54.5591129213572,-0.663844525814056,-28.834451675415,-0.0689371153712273,16.4890594482422,1.00075161457062,2.38030171394348,0.24460680782795,1.15254610561372,1.46095266775929,-0.927170436848229
148104,0.0166671,54.5757800210267,-0.663844525814056,-28.834451675415,-0.0689371153712273,16.4890594482422,1.00075161457062,2.38030171394348,0.24460680782795,1.15254610561372,1.46095266775929,-0.927170436848229
148108,0.0166667,54.5924467202276,-0.390101850032806,-29.4295444488525,0.0580160096287727,16.2153167724609,0.941242337226868,2.31529927253723,0.12925036251545,0.880483310772228,1.22036602988424,-0.569076467095143
148110,0.0166669,54.6091136205941,-0.390101850032806,-30.0484409332275,0.0580160096287727,16.8857879638672,0.934833645820618,2.41326069831848,0.1612938195467,0.754216520508585,1.3078158318571,-0.501221089494058
148114,0.0166773,54.6257909201086,-0.390101850032806,-30.0484409332275,0.0580160096287727,16.8857879638672,0.934833645820618,2.41326069831848,0.1612938195467,0.754216520508585,1.3078158318571,-0.501221089494058
148118,0.0166691,54.642460020259,-0.513087689876556,-29.500955581665,-0.0173624083399773,15.4456624984741,0.922931790351868,2.26311421394348,0.1484764367342,1.00767447722104,0.854179758282282,-0.82082418261576
148124,0.0218093,54.6642693206668,-0.513087689876556,-29.500955581665,-0.0173624083399773,15.4456624984741,0.922931790351868,2.26311421394348,0.1484764367342,1.00767447722104,0.854179758282282,-0.82082418261576
148126,0.0178646,54.6821339204907,-0.437709271907806,-28.9852085113525,0.0302450135350227,15.7670125961304,0.995258450508118,2.32811665534973,0.0843895226716995,1.11083737234958,0.602580956396296,-1.37969036350212
148128,0.016668,54.6988019198179,-0.437709271907806,-28.9852085113525,0.0302450135350227,15.7670125961304,0.995258450508118,2.32811665534973,0.0843895226716995,1.11083737234958,0.602580956396296,-1.37969036350212
148134,0.0180622,54.7168641202152,-0.338527143001556,-28.390115737915,0.0580160096287727,15.3940877914429,0.958637356758118,2.22374653816223,0.0587547570466995,1.19137641255004,0.405305211660996,-1.26804990926957
148136,0.0166673,54.7335314210504,-0.290919721126556,-28.612283706665,0.0580160096287727,15.5924520492554,0.958637356758118,2.30889058113098,0.0651634484529495,1.23376363473122,0.411868525576958,-1.56006531198555
148138,0.0166662,54.7501976210624,-0.290919721126556,-28.612283706665,0.0580160096287727,15.5924520492554,0.958637356758118,2.30889058113098,0.0651634484529495,1.23376363473122,0.411868525576958,-1.56006531198555
148142,0.0166673,54.7668649218977,-0.0132097601890564,-28.0687656402588,0.280183970928192,14.9735555648804,0.965046048164368,2.25578999519348,0.0651634484529495,1.19273100529716,0.205838501707817,-1.51342845103023
148148,0.0166663,54.7835312224925,-0.0132097601890564,-28.0687656402588,0.280183970928192,14.9735555648804,0.965046048164368,2.25578999519348,0.0651634484529495,1.19273100529716,0.205838501707817,-1.51342845103023
148150,0.0166671,54.800198322162,-0.163966596126556,-27.8942050933838,0.256380259990692,14.6998128890991,0.995258450508118,2.21642231941223,0.0514305382966995,1.35718838784308,0.232013974076785,-1.39662813029047
148152,0.0166668,54.8168651219457,-0.0132097601890564,-27.5728549957275,0.732454478740692,14.7236166000366,0.965046048164368,2.26952290534973,0.0322044640779495,1.04752590772317,0.253488799132784,-1.56452159155634
148156,0.0166672,54.8335323221982,-0.0132097601890564,-27.5728549957275,0.732454478740692,14.7236166000366,0.965046048164368,2.26952290534973,0.0322044640779495,1.04752590772317,0.253488799132784,-1.56452159155634
148158,0.016667,54.8501993212849,0.260532915592194,-28.3663120269775,0.907015025615692,15.0489339828491,0.965046048164368,2.39403462409973,0.11643297970295,0.915659220178977,0.308559387857215,-1.66845757173798
148164,0.0166662,54.8668655212969,0.486668169498444,-28.5369052886963,1.16092133522034,15.2195272445679,1.01906216144562,2.40044331550598,0.11643297970295,0.635539600658884,0.397276659509352,-1.3073829859113
148168,0.0184164,54.885281920433,0.462864458560944,-29.278787612915,1.08554291725159,15.5686483383179,1.00075161457062,2.43340229988098,0.1869285851717,0.0232142735965833,0.242580048784032,-0.34646830995292
148170,0.0166681,54.9019500203431,0.137547075748444,-28.5884799957275,0.760225474834442,14.6006307601929,0.953144192695618,2.34825825691223,0.257424175739288,0.10921094810117,0.336127277291748,-1.01964800693784
148174,0.0166665,54.9186165202409,0.137547075748444,-28.5884799957275,0.760225474834442,14.6006307601929,0.953144192695618,2.34825825691223,0.257424175739288,0.10921094810117,0.336127277291748,-1.01964800693784
148176,0.0166671,54.9352836199105,0.109776079654694,-28.5369052886963,0.557893931865692,14.5014486312866,1.01906216144562,2.34825825691223,0.302285015583038,0.1109811240062,0.58131520934842,-2.36093003280787
148180,0.0166671,54.9519507195801,-0.215541303157806,-28.9574375152588,0.383333384990692,14.9973592758179,1.00716030597687,2.49199604988098,0.348061382770538,-0.0848847696476912,0.540888025663155,-1.86173910155909
148182,0.0166666,54.9686173200607,-0.215541303157806,-28.9574375152588,0.383333384990692,14.9973592758179,1.00716030597687,2.49199604988098,0.348061382770538,-0.0848847696476912,0.540888025663155,-1.86173910155909
148186,0.0166672,54.9852845203131,-0.588466107845306,-30.3182163238525,-0.120511822402477,15.2195272445679,1.00075161457062,2.49840474128723,0.328835308551788,-0.1564337940641,0.531087245106646,-1.70275932824534
148190,0.016668,55.0019525196403,-0.588466107845306,-30.3182163238525,-0.120511822402477,15.2195272445679,1.00075161457062,2.49840474128723,0.328835308551788,-0.1564337940641,0.531087245106646,-1.70275932824534
148194,0.0166659,55.0186184197664,-0.687648236751556,-30.8141269683838,-0.0927408263087273,15.3702840805054,0.965046048164368,2.57073140144348,0.360878765583038,-0.867081571352475,0.419075243037179,-0.41881107986506
148196,0.0166682,55.0352866202593,-0.390101850032806,-29.9492588043213,0.181001842021942,14.3506917953491,0.887226223945618,2.49199604988098,0.270241558551788,-0.920788353205157,0.463510530539264,-0.303864738798851
148200,0.0166665,55.0519531201571,-0.390101850032806,-29.9492588043213,0.181001842021942,14.3506917953491,0.887226223945618,2.49199604988098,0.270241558551788,-0.920788353205157,0.463510530539264,-0.303864738798851
148202,0.0166666,55.0686197206378,-0.390101850032806,-29.9492588043213,0.181001842021942,14.3506917953491,0.887226223945618,2.49199604988098,0.270241558551788,-0.920788353205157,0.463510530539264,-0.303864738798851
148208,0.01918,55.0877997204661,-0.540858685970306,-29.7508945465088,0.0580160096287727,13.5334310531616,0.881733059883118,2.42607808113098,0.2253807336092,-0.729836124996321,0.543304200755242,-2.21142597747133
148210,0.0170426,55.1048423200846,-0.540858685970306,-29.7508945465088,0.0580160096287727,13.5334310531616,0.881733059883118,2.42607808113098,0.2253807336092,-0.729836124996321,0.543304200755242,-2.21142597747133
148214,0.0166728,55.1215151194483,-0.437709271907806,-29.5287265777588,0.105623431503773,13.6564168930054,0.922931790351868,2.39403462409973,0.2381981164217,-1.15095987163452,0.12570273845943,-1.86912760903741
148216,0.0166666,55.138181719929,-0.687648236751556,-30.072244644165,-0.120511822402477,13.1843099594116,0.911029934883118,2.44621968269348,0.270241558551788,-0.877061465418349,0.0386694384219101,-1.70590973979477
148220,0.0166675,55.1548492200673,-0.687648236751556,-30.072244644165,-0.120511822402477,13.1843099594116,0.911029934883118,2.44621968269348,0.270241558551788,-0.877061465418349,0.0386694384219101,-1.70590973979477
148224,0.0166665,55.1715157199651,-0.390101850032806,-30.34202003479,0.133394420146942,13.5572347640991,0.899128079414368,2.56432271003723,0.322426617145538,-0.906022862285602,-0.197023576965505,-0.837832534429563
148226,0.0166672,55.1881829202175,-0.390101850032806,-30.34202003479,0.133394420146942,13.5572347640991,0.899128079414368,2.56432271003723,0.322426617145538,-0.906022862285602,-0.197023576965505,-0.837832534429563
148230,0.0166679,55.2048508208245,-0.513087689876556,-30.2428379058838,0.0580160096287727,14.0531454086304,0.917438626289368,2.61009907722473,0.322426617145538,-1.28455025935995,-0.221211879114377,-1.36126068941445
148232,0.0166666,55.2215174213052,-0.0370134711265564,-29.3303623199463,0.534090220928192,13.1367025375366,0.899128079414368,2.45903706550598,0.354470074176788,-1.07810920998398,-0.0478301550073565,-1.84028485557334
148238,0.0166672,55.2381846215576,-0.0370134711265564,-29.3303623199463,0.534090220928192,13.1367025375366,0.899128079414368,2.45903706550598,0.354470074176788,-1.07810920998398,-0.0478301550073565,-1.84028485557334
148242,0.0166667,55.2548513207585,-0.314723432064056,-29.3541660308838,0.256380259990692,13.2358846664429,0.929340481758118,2.57073140144348,0.424965679645538,-1.02609307827202,-0.152255659271526,-1.93248557533252
148244,0.0166665,55.2715178206563,-0.314723432064056,-29.3541660308838,0.256380259990692,13.2358846664429,0.929340481758118,2.57073140144348,0.424965679645538,-1.02609307827202,-0.152255659271526,-1.93248557533252
148250,0.0217585,55.2932763211429,-0.163966596126556,-29.8223056793213,0.458711802959442,13.3072957992554,0.863422513008118,2.68883442878723,0.444191753864288,-0.743168941830193,-0.126425559145668,-2.3748250707807
148252,0.0166667,55.3099430203438,-0.163966596126556,-29.8223056793213,0.458711802959442,13.3072957992554,0.863422513008118,2.68883442878723,0.444191753864288,-0.743168941830193,-0.126425559145668,-2.3748250707807
148254,0.0166682,55.3266112208366,-0.163966596126556,-29.8223056793213,0.458711802959442,13.3072957992554,0.863422513008118,2.68883442878723,0.444191753864288,-0.743168941830193,-0.126425559145668,-2.3748250707807
148258,0.0166686,55.3432798199356,-0.362330853939056,-30.34202003479,0.0580160096287727,13.6088094711304,0.941242337226868,2.54418110847473,0.418556988239288,-1.16711815548279,-0.211709745835499,-1.95178781485224
148262,0.0166654,55.3599452190101,-0.362330853939056,-30.34202003479,0.0580160096287727,13.6088094711304,0.941242337226868,2.54418110847473,0.418556988239288,-1.16711815548279,-0.211709745835499,-1.95178781485224
148264,0.0166673,55.3766125198454,-0.314723432064056,-30.5919589996338,0.355562388896942,14.2277059555054,0.857929348945618,2.83257222175598,0.392922222614288,-1.3374467403038,-0.185425266155808,-1.81957240849213
148268,0.0166675,55.3932800199836,-0.540858685970306,-30.2190341949463,0.0302450135350227,13.2081136703491,0.905536770820618,2.74742817878723,0.424965679645538,-1.25008868926115,-0.338662073528971,-1.06644872321647
148270,0.0166662,55.4099462199956,-0.540858685970306,-30.2190341949463,0.0302450135350227,13.2081136703491,0.905536770820618,2.74742817878723,0.424965679645538,-1.25008868926115,-0.338662073528971,-1.06644872321647
148274,0.016667,55.4266132190824,-0.612269818782806,-30.4173984527588,-0.0173624083399773,13.5572347640991,0.846027493476868,2.85912251472473,0.418556988239288,-1.51951942804259,-0.419118661293958,-2.94262017831378
148278,0.0166673,55.4432805199176,-0.612269818782806,-30.4173984527588,-0.0173624083399773,13.5572347640991,0.846027493476868,2.85912251472473,0.418556988239288,-1.51951942804259,-0.419118661293958,-2.94262017831378
148282,0.0166663,55.4599468205124,-1.4652361869812,-25.20041847229,-0.695768177509308,9.83195400238037,0.834125638008118,2.07268452644348,0.463417828083038,-0.00394992775437195,-1.00977580088771,-11.6046166907707
148284,0.0166672,55.4766140207648,-1.4652361869812,-25.20041847229,-0.695768177509308,9.83195400238037,0.834125638008118,2.07268452644348,0.463417828083038,-0.00394992775437195,-1.00977580088771,-11.6046166907707
148290,0.0196392,55.4962532203645,-1.3382830619812,-23.9864292144775,-0.370450794696808,9.70896816253662,0.774616360664368,1.85021126270294,0.450600445270538,0.753127141691658,-0.619420030729073,-14.2111327053354
148292,0.0184367,55.5146899204701,-1.3382830619812,-23.9864292144775,-0.370450794696808,9.70896816253662,0.774616360664368,1.85021126270294,0.450600445270538,0.753127141691658,-0.619420030729073,-14.2111327053354
148296,0.016669,55.5313589200377,-1.3382830619812,-23.9864292144775,-0.370450794696808,9.70896816253662,0.774616360664368,1.85021126270294,0.450600445270538,0.753127141691658,-0.619420030729073,-14.2111327053354
148298,0.0166667,55.5480256192386,-1.4890398979187,-24.1094150543213,-0.747342884540558,9.31223964691162,0.762714505195618,1.77147591114044,0.463417828083038,1.0493480489063,-1.8348751554959,-14.8320410410002
148302,0.0166671,55.5646927189082,-2.19124937057495,-23.3675327301025,-1.42178130149841,9.48283290863037,0.798420071601868,1.65337288379669,0.405739605426788,0.980272656686034,-2.61758159866206,-15.1356362292255
148304,0.0166675,55.5813602190465,-2.19124937057495,-23.3675327301025,-1.42178130149841,9.48283290863037,0.798420071601868,1.65337288379669,0.405739605426788,0.980272656686034,-2.61758159866206,-15.1356362292255
148310,0.0166663,55.5980265196413,-2.06429624557495,-22.8240146636963,-1.14803862571716,8.78855800628662,0.780109524726868,1.47667610645294,0.392922222614288,-0.0506380788628159,-3.4290542614248,-15.4071488979399
148312,0.0166669,55.6146934200078,-2.06429624557495,-22.8240146636963,-1.14803862571716,8.78855800628662,0.780109524726868,1.47667610645294,0.392922222614288,-0.0506380788628159,-3.4290542614248,-15.4071488979399
148316,0.0166667,55.6313601192087,-2.06429624557495,-22.5264682769775,-1.42178130149841,8.81236171722412,0.762714505195618,1.54167854785919,0.412148296833038,0.00132144243800346,-3.69735415640983,-15.7728246286057
148318,0.0166664,55.6480265185237,-2.19124937057495,-22.328104019165,-1.29482817649841,8.64176845550537,0.756305813789368,1.44371712207794,0.437783062458038,0.7284939859211,-3.82180389361501,-16.9140883269596
148322,0.0166687,55.6646952182055,-2.19124937057495,-22.328104019165,-1.29482817649841,8.64176845550537,0.756305813789368,1.44371712207794,0.437783062458038,0.7284939859211,-3.82180389361501,-16.9140883269596
148324,0.0166657,55.6813609190285,-2.04049253463745,-21.9075717926025,-1.14803862571716,8.54258632659912,0.727008938789368,1.17546761035919,0.405739605426788,1.35095911364083,-4.64297608965727,-18.8666444301783
148330,0.016666,55.6980269197375,-2.04049253463745,-21.9075717926025,-1.14803862571716,8.54258632659912,0.727008938789368,1.17546761035919,0.405739605426788,1.35095911364083,-4.64297608965727,-18.8666444301783
148332,0.0170752,55.7151021193713,-2.19124937057495,-21.1418857574463,-1.44558501243591,8.43943691253662,0.756305813789368,1.29357063770294,0.469826519489288,1.33773375455185,-5.17618909023511,-19.8773551676674
148336,0.016669,55.7317711189389,-2.41341733932495,-20.772928237915,-1.67172026634216,8.04270839691162,0.798420071601868,1.33202278614044,0.450600445270538,1.72779927003067,-5.43312639445357,-21.1973858195978
148338,0.0166712,55.7484423182905,-2.41341733932495,-20.772928237915,-1.67172026634216,8.04270839691162,0.798420071601868,1.33202278614044,0.450600445270538,1.72779927003067,-5.43312639445357,-21.1973858195978
148342,0.016663,55.7651053182781,-2.6157488822937,-20.8959140777588,-1.82247710227966,8.04270839691162,0.780109524726868,1.33934700489044,0.444191753864288,2.52881952301963,-5.57096361504534,-22.0429955444143
148344,0.0166657,55.7817710191011,-2.6157488822937,-20.8959140777588,-1.82247710227966,8.04270839691162,0.780109524726868,1.33934700489044,0.444191753864288,2.52881952301963,-5.57096361504534,-22.0429955444143
148350,0.0166674,55.7984384186566,-2.71493101119995,-20.82053565979,-1.92165923118591,7.91972255706787,0.792011380195618,1.14250862598419,0.437783062458038,2.48368237006609,-6.22977106169429,-22.1762969809111
148352,0.0166659,55.8151043187827,-2.69112730026245,-20.4753818511963,-1.74709868431091,7.89591884613037,0.780109524726868,1.10314095020294,0.457009136676788,2.3433053280743,-6.17307211234389,-22.4885772744105
148356,0.0166691,55.8317734189332,-2.69112730026245,-20.4753818511963,-1.74709868431091,7.89591884613037,0.780109524726868,1.10314095020294,0.457009136676788,2.3433053280743,-6.17307211234389,-22.4885772744105
148358,0.016669,55.8484424185008,-2.69112730026245,-20.4753818511963,-1.74709868431091,7.89591884613037,0.780109524726868,1.10314095020294,0.457009136676788,2.3433053280743,-6.17307211234389,-22.4885772744105
148362,0.0166648,55.8651072178036,-3.1394305229187,-20.550760269165,-2.37392973899841,8.21726894378662,0.863422513008118,1.37139046192169,0.457009136676788,2.92789384288353,-6.20616304457014,-23.4426446394031
148366,0.0166671,55.8817743174732,-3.1394305229187,-20.550760269165,-2.37392973899841,8.21726894378662,0.863422513008118,1.37139046192169,0.457009136676788,2.92789384288353,-6.20616304457014,-23.4426446394031
148370,0.0166667,55.898441016674,-3.1632342338562,-20.6499423980713,-2.39773344993591,8.86393642425537,0.887226223945618,1.56182014942169,0.437783062458038,3.85535690134595,-6.42668635489031,-23.7823141835578
148376,0.0217067,55.9201477169991,-3.1632342338562,-20.6499423980713,-2.39773344993591,8.86393642425537,0.887226223945618,1.56182014942169,0.437783062458038,3.85535690134595,-6.42668635489031,-23.7823141835578
148378,0.0205626,55.9407103173435,-3.9408221244812,-20.423807144165,-3.20309233665466,8.78855800628662,0.965046048164368,1.61400520801544,0.482643902301788,4.72173882927701,-7.14559401244669,-24.5713872798843
148382,0.0166678,55.9573781173676,-3.9170184135437,-20.7213535308838,-3.20309233665466,9.26066493988037,0.976947903633118,1.71196663379669,0.469826519489288,5.10909403734968,-7.31229637909881,-24.6540403888158
148384,0.0166673,55.9740454182029,-3.9170184135437,-20.7213535308838,-3.20309233665466,9.26066493988037,0.976947903633118,1.71196663379669,0.469826519489288,5.10909403734968,-7.31229637909881,-24.6540403888158
148388,0.0166672,55.9907126184553,-4.3137469291687,-20.59836769104,-3.65139555931091,9.48283290863037,1.01265347003937,1.73210823535919,0.431374371051788,6.19964484411716,-8.01277994080879,-25.0253469683222
148390,0.0166665,56.0073791183531,-4.3137469291687,-20.59836769104,-3.65139555931091,9.48283290863037,1.01265347003937,1.73210823535919,0.431374371051788,6.19964484411716,-8.01277994080879,-25.0253469683222
148394,0.0166669,56.0240460187197,-4.1153826713562,-21.39182472229,-3.62759184837341,10.3278646469116,0.934833645820618,2.05345845222473,0.295876324176788,6.70842235485385,-8.09987518562971,-24.6728461946413
148396,0.016668,56.0407140180469,-3.71468687057495,-23.1969394683838,-3.25069975852966,11.7441854476929,0.702289700508118,2.94426655769348,0.1869285851717,6.59711860864519,-7.20660813468818,-22.0527909072038
148400,0.0166659,56.057379918173,-3.1156268119812,-24.0618076324463,-2.72701811790466,12.2162923812866,0.708698391914368,2.49199604988098,0.1741112023592,6.587698487646,-6.58160492951504,-20.5676408595839
148404,0.0166667,56.0740466173738,-3.9884295463562,-24.5299472808838,-3.60378813743591,12.9859457015991,0.834125638008118,3.86070942878723,0.23178942501545,7.59366891605984,-7.00676867355143,-18.8932450296385
148408,0.0166673,56.0907139182091,-3.9884295463562,-24.5299472808838,-3.60378813743591,12.9859457015991,0.834125638008118,3.86070942878723,0.23178942501545,7.59366891605984,-7.00676867355143,-18.8932450296385
148410,0.0166668,56.1073807179928,-3.9884295463562,-26.5611972808838,-3.50063872337341,12.5654134750366,0.690387845039368,2.80602192878723,0.0514305382966995,8.08468683818429,-7.16153835314493,-18.8205983238523
148416,0.0213176,56.1286983173341,-1.6397967338562,-27.0293369293213,-1.44558501243591,12.6883993148804,0.136493787169456,2.76024556159973,-0.17287366092205,2.47622058684145,-5.29691312459997,-7.05156012836031
148418,0.0169081,56.1456064172089,-1.3382830619812,-27.0769443511963,-1.22341704368591,12.4662313461304,0.189594373106956,2.83257222175598,-0.13442151248455,2.48464150013598,-5.31919151511136,-6.87419341280936
148422,0.0166686,56.1622750163078,-0.513087689876556,-28.5884799957275,-0.144315540790558,12.2916707992554,-0.0365408733487129,2.96349263191223,-0.21865002810955,1.55057408691613,-3.5275470246091,-4.62430589303837
148424,0.0166665,56.1789415162057,-0.513087689876556,-28.5884799957275,-0.144315540790558,12.2916707992554,-0.0365408733487129,2.96349263191223,-0.21865002810955,1.55057408691613,-3.5275470246091,-4.62430589303837
148428,0.0166668,56.1956083159894,-1.21529722213745,-30.960916519165,-1.57253813743591,11.9425497055054,0.196003064513206,2.90489888191223,-0.20583264529705,0.658874420425061,-4.08551288905373,-2.96883426247478
148430,0.0166684,56.2122767157853,-3.71468687057495,-30.4927768707275,-4.55593681335449,10.8515462875366,0.678485989570618,3.12096333503723,-0.17287366092205,0.672190952042953,-7.69834451220269,-1.4611821463561
148436,0.0166663,56.2289430163801,-3.71468687057495,-30.4927768707275,-4.55593681335449,10.8515462875366,0.678485989570618,3.12096333503723,-0.17287366092205,0.672190952042953,-7.69834451220269,-1.4611821463561
148438,0.0166656,56.2456086166203,-4.21456480026245,-29.7746982574463,-3.67916655540466,10.1056966781616,0.422138333320618,2.84538960456848,-0.1151954382658,1.9705159483183,-11.9242083466401,-4.75329247151631
148442,0.0166839,56.2622925173491,-4.7422137260437,-30.34202003479,-4.57974052429199,10.5262289047241,0.464252591133118,3.00926899909973,-0.13442151248455,1.74316284705364,-12.1322097645841,-4.52669955479302
148444,0.0166663,56.2789588179439,-4.7422137260437,-30.34202003479,-4.57974052429199,10.5262289047241,0.464252591133118,3.00926899909973,-0.13442151248455,1.74316284705364,-12.1322097645841,-4.52669955479302
148448,0.0166669,56.2956257183105,-6.21407651901245,-30.91330909729,-6.33328056335449,10.6254110336304,0.869831204414368,3.04863667488098,-0.21865002810955,2.02895311902995,-14.0825521898393,-3.86098785027447
148450,0.0166669,56.312292618677,-6.21407651901245,-30.91330909729,-6.33328056335449,10.6254110336304,0.869831204414368,3.04863667488098,-0.21865002810955,2.02895311902995,-14.0825521898393,-3.86098785027447
148456,0.0190424,56.3313350193203,-7.8922381401062,-30.4927768707275,-8.01144218444824,9.83195400238037,1.13167202472687,2.96990132331848,-0.24428479373455,2.71299795943436,-17.3546153015732,-3.75445144559672
148458,0.017076,56.3484110198915,-7.9160418510437,-29.9492588043213,-8.06301689147949,10.2802572250366,1.06026089191437,3.21251606941223,-0.269919574260712,2.61074804721764,-17.6621056540121,-3.57076051836331
148462,0.0166699,56.3650809191167,-7.9160418510437,-29.9492588043213,-8.06301689147949,10.2802572250366,1.06026089191437,3.21251606941223,-0.269919574260712,2.61074804721764,-17.6621056540121,-3.57076051836331
148466,0.0178325,56.3829134199768,-8.01522350311279,-29.9968662261963,-8.23757743835449,10.4548177719116,1.07216274738312,3.16033101081848,-0.301963031291962,2.62579963222344,-17.7337473193435,-3.62924038808787
148470,0.0166671,56.3995805196464,-9.41567516326904,-29.5287265777588,-9.96731376647949,10.4786214828491,1.37062466144562,3.41576313972473,-0.334006488323212,2.76667274181405,-19.7713217121441,-3.67094588012924
148472,0.0166668,56.4162473194301,-9.41567516326904,-29.5287265777588,-9.96731376647949,10.4786214828491,1.37062466144562,3.41576313972473,-0.334006488323212,2.76667274181405,-19.7713217121441,-3.67094588012924
148476,0.0166664,56.4329137187451,-10.8161268234253,-29.3065586090088,-11.3479290008545,10.1533041000366,1.65077602863312,3.36998677253723,-0.321189105510712,2.94322298909184,-23.4245405043784,-3.0624529736982
148478,0.0166831,56.4495968185365,-10.8161268234253,-29.3065586090088,-11.3479290008545,10.1533041000366,1.65077602863312,3.36998677253723,-0.321189105510712,2.94322298909184,-23.4245405043784,-3.0624529736982
148482,0.0166659,56.4662627186626,-11.1414442062378,-29.1558017730713,-11.673246383667,9.93113613128662,1.63887417316437,3.36998677253723,-0.314780414104462,2.99773293545867,-23.7970950730353,-3.05403705371716
148486,0.0166667,56.4829294178635,-11.7682752609253,-27.7474155426025,-12.3000774383545,8.31645107269287,1.92451870441437,2.61650776863098,-0.250693500041962,2.23613063980986,-26.9775766810168,-3.19366350496063
148490,0.0166679,56.4995973184705,-11.7682752609253,-27.7474155426025,-12.3000774383545,8.31645107269287,1.92451870441437,2.61650776863098,-0.250693500041962,2.23613063980986,-26.9775766810168,-3.19366350496063
148492,0.0166662,56.5162635184824,-11.7682752609253,-27.7474155426025,-12.3000774383545,8.31645107269287,1.92451870441437,2.61650776863098,-0.250693500041962,2.23613063980986,-26.9775766810168,-3.19366350496063
148498,0.0194627,56.535726217553,-11.367579460144,-26.53342628479,-11.9985637664795,6.52720546722412,1.97212612628937,2.09923481941223,-0.1664649695158,0.28086704857946,-27.2007687047455,-3.75484418363266
148500,0.0168018,56.5525280181319,-11.367579460144,-26.53342628479,-11.9985637664795,6.52720546722412,1.97212612628937,2.09923481941223,-0.1664649695158,0.28086704857946,-27.2007687047455,-3.75484418363266
148502,0.0166677,56.5691957175732,-12.018214225769,-26.31125831604,-12.5500164031982,5.26164150238037,2.15706253051758,1.71929085254669,-0.0639259070158005,-1.69250949390029,-28.7326671067459,-3.86145868256727
148506,0.0166668,56.5858625173569,-11.7444715499878,-26.08909034729,-12.3476848602295,4.94029140472412,2.13325881958008,1.65337288379669,-0.0895606726408005,-2.49125867978566,-29.38942352674,-3.81676528144135
148510,0.016667,56.6025295164436,-11.7444715499878,-26.08909034729,-12.3476848602295,4.94029140472412,2.13325881958008,1.65337288379669,-0.0895606726408005,-2.49125867978566,-29.38942352674,-3.81676528144135
148512,0.0166967,56.6192262172699,-11.542140007019,-25.8431186676025,-12.0739421844482,4.96409511566162,1.97212612628937,1.79070198535919,-0.1280128210783,-3.36953773671649,-30.1546403781678,-3.76837942300506
148516,0.0166664,56.6358926165849,-11.1176404953003,-26.5850009918213,-11.3479290008545,5.63456630706787,1.94832241535187,1.73851692676544,-0.1023780554533,-3.18071747575787,-30.1432012480552,-3.52408671635058
148520,0.0166667,56.6525593157858,-11.1176404953003,-26.5850009918213,-11.3479290008545,5.63456630706787,1.94832241535187,1.73851692676544,-0.1023780554533,-3.18071747575787,-30.1432012480552,-3.52408671635058
148524,0.0166669,56.6692262161523,-10.0425062179565,-26.5611972808838,-10.118070602417,5.55918788909912,1.74599087238312,1.71929085254669,-0.0639259070158005,-3.89068247231489,-28.5049155314838,-4.09286867229284
148526,0.0166678,56.6858940161765,-9.94332408905029,-26.485818862915,-10.1696453094482,5.46000576019287,1.54915249347687,1.58104622364044,-0.12160412967205,-4.00554967226919,-27.5258552245873,-4.49885537800741
148530,0.0166664,56.7025604154915,-9.94332408905029,-26.485818862915,-10.1696453094482,5.46000576019287,1.54915249347687,1.58104622364044,-0.12160412967205,-4.00554967226919,-27.5258552245873,-4.49885537800741
148532,0.0166689,56.7192293163389,-9.24111461639404,-26.88254737854,-9.41586112976074,5.80912685394287,1.39442837238312,1.29357063770294,-0.18569104373455,-3.61942661800214,-26.7860691350455,-4.72261466019595
148540,0.0195303,56.7387596163899,-10.8677015304565,-24.85129737854,-12.3992595672607,3.12724208831787,1.94832241535187,0.664603352546692,-0.495139300823212,-3.43087081537504,-28.5259411824232,-8.10732743821632
148542,0.0219664,56.7607260160148,-9.89174938201904,-24.6529331207275,-9.96731376647949,3.74613857269287,1.27540981769562,0.486991047859192,-0.482321918010712,-3.52165998225762,-29.3066077817282,-10.6684619253523
148544,0.0166682,56.7773942165077,-9.89174938201904,-24.6529331207275,-9.96731376647949,3.74613857269287,1.27540981769562,0.486991047859192,-0.482321918010712,-3.52165998225762,-29.3066077817282,-10.6684619253523
148548,0.016667,56.7940612155944,-9.89174938201904,-24.6529331207275,-9.96731376647949,3.74613857269287,1.27540981769562,0.486991047859192,-0.482321918010712,-3.52165998225762,-29.3066077817282,-10.6684619253523
148550,0.0166675,56.8107287157327,-8.66585826873779,-24.5061435699463,-8.89217948913574,4.49198818206787,1.21498501300812,0.893485188484192,-0.353232562541962,-2.23727117377589,-25.1899453092729,-9.61317892051841
148554,0.0166662,56.8273949157447,-8.66585826873779,-24.5061435699463,-8.89217948913574,4.49198818206787,1.21498501300812,0.893485188484192,-0.353232562541962,-2.23727117377589,-25.1899453092729,-9.61317892051841
148558,0.0166675,56.8440624158829,-6.31722593307495,-25.5455722808838,-6.21029472351074,5.43620204925537,0.798420071601868,0.336844563484192,-0.372458636760712,-3.19553867950469,-20.4870923665265,-7.26158096781231
148562,0.0166654,56.8607278149575,-6.31722593307495,-25.5455722808838,-6.21029472351074,5.43620204925537,0.798420071601868,0.336844563484192,-0.372458636760712,-3.19553867950469,-20.4870923665265,-7.26158096781231
148564,0.0166681,56.8773959148675,-6.31722593307495,-25.5455722808838,-6.21029472351074,5.43620204925537,0.798420071601868,0.336844563484192,-0.372458636760712,-3.19553867950469,-20.4870923665265,-7.26158096781231
148568,0.0166664,56.8940623141825,-2.73873472213745,-23.0699863433838,-2.65163969993591,3.05186367034912,0.177692517638206,-0.161202296614647,-0.417319476604462,-8.89105535892719,-15.5123186378674,-4.23486538273652
148570,0.0166671,56.9107294138521,-2.73873472213745,-23.0699863433838,-2.65163969993591,3.05186367034912,0.177692517638206,-0.161202296614647,-0.417319476604462,-8.89105535892719,-15.5123186378674,-4.23486538273652
148574,0.0166666,56.9273960143328,-1.8143572807312,-22.8755893707275,-1.72329497337341,3.34941005706787,-0.0246390197426081,-0.423043131828308,-0.308371722698212,-10.3943822632657,-12.175657774127,-3.83026922420858
148580,0.0193093,56.9467053152621,-1.8143572807312,-22.8755893707275,-1.72329497337341,3.34941005706787,-0.0246390197426081,-0.423043131828308,-0.308371722698212,-10.3943822632657,-12.175657774127,-3.83026922420858
148582,0.0170271,56.9637324158102,-1.38985776901245,-24.6053256988525,-1.07266020774841,4.36900234222412,-0.299297213554382,0.114371433854103,-0.353232562541962,-11.3514445568717,-10.4590126170977,-1.6211614187115
148584,0.0166681,56.9804005157202,-0.465480268001556,-24.2839756011963,0.208772838115692,3.47636318206787,-0.549236178398132,0.00267709419131279,-0.436545550823212,-11.2441907876046,-10.487554446547,-0.978948495562511
148588,0.0166666,56.9970671162009,-0.465480268001556,-24.2839756011963,0.208772838115692,3.47636318206787,-0.549236178398132,0.00267709419131279,-0.436545550823212,-11.2441907876046,-10.487554446547,-0.978948495562511
148592,0.0166672,57.0137343164533,-0.140162885189056,-25.4939975738525,0.581697642803192,5.13865566253662,-0.459514498710632,-0.141060695052147,-0.495139300823212,-10.9965026728614,-7.84868088216302,-0.15843758805715
148596,0.0166674,57.0304017160088,-0.140162885189056,-25.4939975738525,0.581697642803192,5.13865566253662,-0.459514498710632,-0.141060695052147,-0.495139300823212,-10.9965026728614,-7.84868088216302,-0.15843758805715
148598,0.0166663,57.0470680166036,0.538242876529694,-26.6841831207275,1.16092133522034,6.30503749847412,-0.662761569023132,0.428397297859192,-0.463095843791962,-11.4175984119881,-5.49159755643579,0.716923958808822
148602,0.016667,57.0637350156903,0.685032427310944,-26.6564121246338,1.20852875709534,5.90830898284912,-0.650859713554382,0.421988606452942,-0.463095843791962,-11.2676997461214,-5.11138088850603,0.623570072893239
148604,0.0166667,57.0804017148912,0.685032427310944,-26.6564121246338,1.20852875709534,5.90830898284912,-0.650859713554382,0.421988606452942,-0.463095843791962,-11.2676997461214,-5.11138088850603,0.623570072893239
148610,0.0166672,57.0970689151436,0.562046587467194,-28.4892978668213,0.760225474834442,9.06230068206787,-0.471416354179382,1.86302864551544,-0.314780414104462,-8.86733150637844,-4.05171125334584,0.113817634681058
148612,0.0166665,57.1137354150414,0.562046587467194,-28.4892978668213,0.760225474834442,9.06230068206787,-0.471416354179382,1.86302864551544,-0.314780414104462,-8.86733150637844,-4.05171125334584,0.113817634681058
148616,0.0166671,57.130402514711,-0.239345014095306,-30.5919589996338,-0.0173624083399773,11.2482748031616,-0.394512057304382,2.53136372566223,-0.250693500041962,-4.56313707541241,-3.54364313858276,2.7678638949879
148620,0.0168291,57.1472316142172,-0.362330853939056,-31.4330234527588,-0.267301380634308,12.4146566390991,-0.346904635429382,2.64946675300598,-0.19301526248455,-2.98420586437772,-3.51053553099325,2.64923325059024
148622,0.0166667,57.163898313418,-0.362330853939056,-31.4330234527588,-0.267301380634308,12.4146566390991,-0.346904635429382,2.64946675300598,-0.19301526248455,-2.98420586437772,-3.51053553099325,2.64923325059024
148622,0.0166681,57.1805664133281,-0.437709271907806,-31.183084487915,-0.318876087665558,12.6645956039429,-0.311199069023132,2.62932515144348,-0.2122413367033,-2.78141553998927,-3.49197874731968,2.67661169988886
148630,0.0166663,57.1972327139229,-0.937587201595306,-31.4568271636963,-0.771146595478058,13.2358846664429,-0.304790377616882,2.67510151863098,-0.18569104373455,-1.55605439826483,-3.07070472266978,0.311749172283731
148632,0.0166673,57.2139000147581,-0.937587201595306,-31.4568271636963,-0.771146595478058,13.2358846664429,-0.304790377616882,2.67510151863098,-0.18569104373455,-1.55605439826483,-3.07070472266978,0.311749172283731
148636,0.0166666,57.2305666152388,-1.2906756401062,-30.3935947418213,-1.04488921165466,13.6564168930054,-0.185771837830544,2.64305806159973,-0.1994239538908,-0.832712418930748,-2.81807805565868,2.16536845554498
148638,0.0166671,57.2472337149084,-1.2906756401062,-30.3935947418213,-1.04488921165466,13.6564168930054,-0.185771837830544,2.64305806159973,-0.1994239538908,-0.832712418930748,-2.81807805565868,2.16536845554498
148642,0.0166668,57.2639005146921,-1.3144793510437,-30.3697910308838,-1.12026762962341,13.7079916000366,-0.197673693299294,2.61650776863098,-0.1536475867033,-0.864988865487609,-2.83117609669787,1.84698764582529
148644,0.0166675,57.2805680148304,-1.8381609916687,-29.9968662261963,-1.79867339134216,14.3506917953491,-0.119853861629963,2.72820210456848,-0.21865002810955,-1.54496944079232,-2.60961452487598,3.85468403757582
148650,0.0166673,57.2972353156656,-1.8381609916687,-29.9968662261963,-1.79867339134216,14.3506917953491,-0.119853861629963,2.72820210456848,-0.21865002810955,-1.54496944079232,-2.60961452487598,3.85468403757582
148652,0.0166667,57.3139020148665,-1.88973569869995,-27.0055332183838,-1.44558501243591,13.3826742172241,-0.102458842098713,2.23656392097473,-0.257102191448212,-0.267561643005721,-2.27816132799413,1.63670323711319
148656,0.0166674,57.3305694144219,-1.88973569869995,-27.0055332183838,-1.44558501243591,13.3826742172241,-0.102458842098713,2.23656392097473,-0.257102191448212,-0.267561643005721,-2.27816132799413,1.63670323711319
148660,0.0196499,57.3502193149179,-1.8381609916687,-25.819314956665,-1.17184233665466,12.8629598617554,-0.102458842098713,1.88225471973419,-0.276328265666962,0.435440522090804,-2.66023326704565,0.580786671973729
148662,0.0192969,57.3695162143558,-1.8381609916687,-25.819314956665,-1.17184233665466,12.8629598617554,-0.102458842098713,1.88225471973419,-0.276328265666962,0.435440522090804,-2.66023326704565,0.580786671973729
148666,0.0166696,57.3861858136952,-1.8381609916687,-25.819314956665,-1.17184233665466,12.8629598617554,-0.102458842098713,1.88225471973419,-0.276328265666962,0.435440522090804,-2.66023326704565,0.580786671973729
148670,0.0166654,57.4028512127697,-1.71517515182495,-25.819314956665,-0.997281849384308,13.0613241195679,-0.0905569866299629,2.28234028816223,-0.282736957073212,0.621517045591638,-1.84902239791023,2.50948296208408
148672,0.0166706,57.4195218123496,-1.71517515182495,-25.819314956665,-0.997281849384308,13.0613241195679,-0.0905569866299629,2.28234028816223,-0.282736957073212,0.621517045591638,-1.84902239791023,2.50948296208408
148676,0.016663,57.4361848123372,-3.36556577682495,-22.4272861480713,-2.67544341087341,12.7360067367554,-0.0667532756924629,1.98754036426544,-0.340415179729462,0.0999452795122632,-1.71381568016533,3.23295513854677
148678,0.0166696,57.4528544116765,-1.36605405807495,-22.328104019165,-0.493436634540558,14.5490560531616,-0.0905569866299629,2.11205220222473,-0.2378761023283,-0.654350653682956,-2.6972287585543,3.82781768405686
148682,0.0166648,57.4695192109793,-1.36605405807495,-22.328104019165,-0.493436634540558,14.5490560531616,-0.0905569866299629,2.11205220222473,-0.2378761023283,-0.654350653682956,-2.6972287585543,3.82781768405686
148686,0.0166673,57.4861865118146,-2.86568784713745,-20.6499423980713,-2.25094389915466,14.6006307601929,-0.155559435486794,2.25578999519348,-0.346823871135712,-0.192076008696977,-1.21837647894772,3.78811265308079
148690,0.0166668,57.5028533115983,-1.76278257369995,-20.59836769104,-1.04488921165466,14.4498739242554,-0.226970568299294,2.04613423347473,-0.295554339885712,-0.090779478270103,-1.5638068054173,3.76249198865394
148692,0.0166674,57.5195207111537,-1.76278257369995,-20.59836769104,-1.04488921165466,14.4498739242554,-0.226970568299294,2.04613423347473,-0.295554339885712,-0.090779478270103,-1.5638068054173,3.76249198865394
148696,0.0166664,57.5361871104687,-0.0647844672203064,-20.995096206665,0.708650767803192,14.0531454086304,-0.167461290955544,1.93535530567169,-0.20583264529705,0.446612769891143,-0.0620427444132381,1.75359669323084
148698,0.0166673,57.552854411304,0.462864458560944,-21.5862216949463,1.28390717506409,15.0727376937866,0.100788228213787,1.83647835254669,-0.1023780554533,0.177275522302561,-1.03645384945064,2.46322901768695
148702,0.0166668,57.5695212110877,0.462864458560944,-21.5862216949463,1.28390717506409,15.0727376937866,0.100788228213787,1.83647835254669,-0.1023780554533,0.177275522302561,-1.03645384945064,2.46322901768695
148706,0.016668,57.5861892104149,4.68802309036255,-19.9556674957275,5.56857490539551,14.4498739242554,-0.0548514202237129,1.33202278614044,-0.13442151248455,0.00596977866315957,-2.67371238657443,3.8284267285714
148708,0.0166659,57.602855110541,4.68802309036255,-19.9556674957275,5.56857490539551,14.4498739242554,-0.0548514202237129,1.33202278614044,-0.13442151248455,0.00596977866315957,-2.67371238657443,3.8284267285714
148714,0.0166669,57.6195220109075,3.88663148880005,-20.3008213043213,4.61642646789551,15.0211629867554,-0.102458842098713,1.48308479785919,-0.1536475867033,-0.133733505372197,-2.45784230191337,3.88164879276831
148716,0.0166679,57.6361899115145,-4.1391863822937,-20.0548496246338,-3.42526030540466,15.7908163070679,-0.418315768241882,2.33452534675598,-0.527182757854462,-0.177980806475766,0.36058029014608,2.8364943750998
148718,0.0166698,57.6528597120196,-4.1391863822937,-20.0548496246338,-3.42526030540466,15.7908163070679,-0.418315768241882,2.33452534675598,-0.527182757854462,-0.177980806475766,0.36058029014608,2.8364943750998
148722,0.0166637,57.6695234123617,6.7391095161438,-21.83616065979,7.52444648742676,14.1761312484741,-0.304790377616882,1.50963509082794,-0.2250587195158,0.309801161915379,-3.21791777500597,2.0045067349842
148726,0.0166686,57.6861920114607,-7.01546812057495,-22.6256504058838,-6.48403739929199,17.4570770263672,0.553974270820618,2.26311421394348,-0.2250587195158,0.134917445858972,1.29968230185302,3.04269463316507
148730,0.0166654,57.7028574105352,-7.01546812057495,-22.6256504058838,-6.48403739929199,17.4570770263672,0.553974270820618,2.26311421394348,-0.2250587195158,0.134917445858972,1.29968230185302,3.04269463316507
148732,0.0166686,57.7195260096341,-5.7419695854187,-19.9556674957275,-5.30575370788574,14.6998128890991,-0.233379259705544,2.06627583503723,-0.436545550823212,1.09803511533558,1.10403255687187,1.7708434898465
148736,0.0166653,57.7361913099885,3.6604962348938,-22.3043003082275,4.41806221008301,14.6760091781616,-0.0182303283363581,1.67992317676544,-0.1408302038908,1.09382598664133,-3.52754716238968,0.854807228377408
148740,0.0166726,57.7528639100492,0.0621686577796936,-22.2051181793213,0.506319224834442,15.5924520492554,0.0229684021323919,1.96831429004669,-0.257102191448212,1.09082007546897,-1.62387787571065,0.519388858870145
148742,0.0166605,57.769524410367,5.36246156692505,-21.9591464996338,6.09622383117676,13.5810384750366,-0.376201510429382,1.54167854785919,-0.372458636760712,1.03714405489196,-3.6590470830589,2.70074533134799
148746,0.0166689,57.7861933112144,-0.715419232845306,-22.4788608551025,-0.445829212665558,15.3702840805054,0.452350735664368,1.72569954395294,-0.13442151248455,0.872865031972973,-1.87800515145968,1.84688676012067
148750,0.0166659,57.8028592113405,-0.715419232845306,-22.4788608551025,-0.445829212665558,15.3702840805054,0.452350735664368,1.72569954395294,-0.13442151248455,0.872865031972973,-1.87800515145968,1.84688676012067
148752,0.0166688,57.8195280116051,6.18765687942505,-25.1250400543213,6.69925117492676,14.1523275375366,-0.454021334648132,1.72569954395294,-0.257102191448212,0.682685435138625,-4.684526898779,1.93932469783295
148756,0.0166653,57.8361933119595,3.73587465286255,-22.3043003082275,4.26730537414551,12.7360067367554,-0.0786551311612129,1.26061165332794,-0.1664649695158,0.695377219051885,-3.16824054402221,1.94956716788929
148758,0.0166698,57.8528631124645,3.73587465286255,-22.3043003082275,4.26730537414551,12.7360067367554,-0.0786551311612129,1.26061165332794,-0.1664649695158,0.695377219051885,-3.16824054402221,1.94956716788929
148762,0.016665,57.869528112933,-6.5671648979187,-22.328104019165,-6.93630790710449,14.7474203109741,0.160297498106956,2.01409077644348,-0.327597796916962,0.576652848369645,0.807718998033064,2.01645238289405
148766,0.0166678,57.8861959129572,-6.5671648979187,-22.328104019165,-6.93630790710449,14.7474203109741,0.160297498106956,2.01409077644348,-0.327597796916962,0.576652848369645,0.807718998033064,2.01645238289405
148770,0.0175517,57.9037476126105,5.9377179145813,-25.7677402496338,6.17160224914551,12.4662313461304,-0.727764010429382,1.62041389942169,-0.456687152385712,1.79596888979304,-4.19611542132355,-0.773290354010799
148772,0.0166801,57.9204277116805,-3.6155047416687,-28.7114658355713,-4.48055839538574,15.0211629867554,-0.197673693299294,2.38671040534973,-0.430136859416962,1.52987160998907,0.658913689218933,1.63575543442695
148776,0.016664,57.9370917119086,-3.6155047416687,-28.7114658355713,-4.48055839538574,15.0211629867554,-0.197673693299294,2.38671040534973,-0.430136859416962,1.52987160998907,0.658913689218933,1.63575543442695
148788,0.0514685,57.9885602109134,-0.913783490657806,-27.9180088043213,-1.82247710227966,16.1161346435547,-0.311199069023132,2.30156636238098,-0.469504535198212,0.760431631224147,-1.14446781853411,2.41111071165149
148790,0.0166666,58.0052268113941,2.03787660598755,-28.6876621246338,1.33548188209534,14.7989950180054,-0.292888522148132,2.07268452644348,-0.391684710979462,0.375197050400473,-2.7172139192028,1.51034671122465
148792,0.016668,58.0218948107213,0.661228716373444,-30.294412612915,-0.493436634540558,14.5768270492554,-0.215068712830544,2.19078755378723,-0.391684710979462,1.99908887002916,-2.22615013802666,-1.11337906794147
148798,0.0166675,58.0385623108596,0.661228716373444,-30.294412612915,-0.493436634540558,14.5768270492554,-0.215068712830544,2.19078755378723,-0.391684710979462,1.99908887002916,-2.22615013802666,-1.11337906794147
148800,0.0166679,58.0552302114666,0.538242876529694,-32.9167900085449,-0.295072376728058,14.8981771469116,-0.0301321838051081,2.25578999519348,-0.353232562541962,2.16944120208468,-2.33699109274696,-0.612050696582961
148804,0.0166657,58.0718959122896,0.538242876529694,-32.9167900085449,-0.295072376728058,14.8981771469116,-0.0301321838051081,2.25578999519348,-0.353232562541962,2.16944120208468,-2.33699109274696,-0.612050696582961
148806,0.0166673,58.0885632131249,0.387486040592194,-33.2381401062012,-0.418058216571808,14.9219808578491,0.00557338260114193,2.23656392097473,-0.378867328166962,2.07533975274339,-2.36259459726923,-0.832021581158214
148810,0.0166666,58.1052298136055,0.0105939507484436,-33.4365043640137,-0.969510853290558,14.2515096664429,0.0943795368075371,2.05986714363098,-0.372458636760712,2.58576083859935,-2.77897587443565,-2.16294201245997
148812,0.0166675,58.1218973137438,0.0105939507484436,-33.4365043640137,-0.969510853290558,14.2515096664429,0.0943795368075371,2.05986714363098,-0.372458636760712,2.58576083859935,-2.77897587443565,-2.16294201245997
148818,0.0166663,58.1385636143386,-0.0132097601890564,-33.9046440124512,-0.945707142353058,14.1761312484741,0.130085095763206,2.03972554206848,-0.372458636760712,2.62771988129983,-2.91591059722747,-2.22828731999967
148822,0.0166683,58.1552319135517,-0.338527143001556,-34.4005546569824,-1.37020659446716,14.3268880844116,0.309528470039368,2.11205220222473,-0.378867328166962,2.71850709629966,-2.62151613513197,0.0560596234497088
148824,0.0166649,58.1718968134373,-0.338527143001556,-34.4005546569824,-1.37020659446716,14.3268880844116,0.309528470039368,2.11205220222473,-0.378867328166962,2.71850709629966,-2.62151613513197,0.0560596234497088
148826,0.0166686,58.1885654125363,-0.338527143001556,-34.4005546569824,-1.37020659446716,14.3268880844116,0.309528470039368,2.11205220222473,-0.378867328166962,2.71850709629966,-2.62151613513197,0.0560596234497088
148830,0.0166659,58.2052313126624,-0.513087689876556,-33.9284477233887,-1.44558501243591,14.9219808578491,0.404743313789368,2.10564351081848,-0.385276019573212,2.48909812642861,-2.55557861010738,-0.199061093211251
148832,0.0166672,58.2218985129148,-0.513087689876556,-33.9284477233887,-1.44558501243591,14.9219808578491,0.404743313789368,2.10564351081848,-0.385276019573212,2.48909812642861,-2.55557861010738,-0.199061093211251
148836,0.0166681,58.2385666128248,-0.513087689876556,-33.9284477233887,-1.44558501243591,14.9219808578491,0.404743313789368,2.10564351081848,-0.385276019573212,2.48909812642861,-2.55557861010738,-0.199061093211251
148840,0.0166682,58.2552348133177,-0.663844525814056,-32.9643974304199,-1.27102446556091,14.3784627914429,0.547565579414368,1.92162239551544,-0.398093402385712,1.88941973596048,-2.34934601212726,-0.203750673868487
148844,0.0166648,58.2718996126205,-0.663844525814056,-32.9643974304199,-1.27102446556091,14.3784627914429,0.547565579414368,1.92162239551544,-0.398093402385712,1.88941973596048,-2.34934601212726,-0.203750673868487
148846,0.0166681,58.2885677125305,-0.663844525814056,-32.9643974304199,-1.27102446556091,14.3784627914429,0.547565579414368,1.92162239551544,-0.398093402385712,1.88941973596048,-2.34934601212726,-0.203750673868487
148850,0.0166656,58.3052333127707,-0.663844525814056,-32.2978935241699,-1.22341704368591,13.2081136703491,0.607074856758118,1.77147591114044,-0.378867328166962,1.37794646974271,-2.14160248393385,0.234617802828038
148852,0.0166678,58.3219011127949,-0.663844525814056,-32.2978935241699,-1.22341704368591,13.2081136703491,0.607074856758118,1.77147591114044,-0.378867328166962,1.37794646974271,-2.14160248393385,0.234617802828038
148856,0.0166663,58.3385674133897,-1.1637225151062,-32.0241508483887,-1.77486968040466,13.5572347640991,0.666584134101868,1.85661995410919,-0.391684710979462,0.42402678520432,-1.72612665413979,0.885534885226827
148860,0.0166664,58.3552338127047,-1.1637225151062,-32.0241508483887,-1.77486968040466,13.5572347640991,0.666584134101868,1.85661995410919,-0.391684710979462,0.42402678520432,-1.72612665413979,0.885534885226827
148866,0.0206247,58.3758585117757,-1.1161150932312,-31.7027988433838,-1.34640288352966,14.1761312484741,0.738910794258118,1.92162239551544,-0.378867328166962,0.865082862242562,-2.13400690106682,1.59098099369381
148868,0.0166668,58.3925253115594,-1.1161150932312,-31.7027988433838,-1.34640288352966,14.1761312484741,0.738910794258118,1.92162239551544,-0.378867328166962,0.865082862242562,-2.13400690106682,1.59098099369381
148870,0.0166684,58.4091937113553,-1.1161150932312,-31.7027988433838,-1.34640288352966,14.1761312484741,0.738910794258118,1.92162239551544,-0.378867328166962,0.865082862242562,-2.13400690106682,1.59098099369381
148874,0.016667,58.4258607104421,-1.1399188041687,-30.0206699371338,-1.24722075462341,13.7079916000366,0.780109524726868,1.76506721973419,-0.410910785198212,0.492473832117893,-2.09117908187326,0.159977502277112
148878,0.0166671,58.4425278101116,-1.1399188041687,-30.0206699371338,-1.24722075462341,13.7079916000366,0.780109524726868,1.76506721973419,-0.410910785198212,0.492473832117893,-2.09117908187326,0.159977502277112
148880,0.0166671,58.4591949097812,-1.1399188041687,-30.0206699371338,-1.24722075462341,13.7079916000366,0.780109524726868,1.76506721973419,-0.410910785198212,0.492473832117893,-2.09117908187326,0.159977502277112
148884,0.0166674,58.4758623093367,-0.862208783626556,-29.627908706665,-0.969510853290558,13.7794027328491,0.827716946601868,1.77788460254669,-0.430136859416962,0.46376919332003,-1.85945373266382,1.53226131755927
148886,0.0166666,58.4925289098173,-0.862208783626556,-29.627908706665,-0.969510853290558,13.7794027328491,0.827716946601868,1.77788460254669,-0.430136859416962,0.46376919332003,-1.85945373266382,1.53226131755927
148890,0.0166679,58.5091968104243,-0.814601361751556,-29.6993198394775,-0.969510853290558,13.8071737289429,0.815815091133118,1.79711067676544,-0.450278460979462,0.449786874506752,-1.86727633076221,1.49641283349865
148894,0.0166667,58.5258635096252,-0.763026654720306,-29.3779697418213,-0.997281849384308,14.4776449203491,0.827716946601868,1.92894661426544,-0.423728168010712,0.949188843097383,-1.77178005369681,0.483442074180807
148898,0.016669,58.5425325091928,-0.763026654720306,-29.3779697418213,-0.997281849384308,14.4776449203491,0.827716946601868,1.92894661426544,-0.423728168010712,0.949188843097383,-1.77178005369681,0.483442074180807
148900,0.0166672,58.5591997094452,-0.640040814876556,-29.89768409729,-0.771146595478058,14.8981771469116,0.786518216133118,2.07268452644348,-0.456687152385712,0.492872320920402,-1.87103078181124,0.723667390019173
148906,0.0209805,58.58018020913,-0.640040814876556,-29.89768409729,-0.771146595478058,14.8981771469116,0.786518216133118,2.07268452644348,-0.456687152385712,0.492872320920402,-1.87103078181124,0.723667390019173
148910,0.0214729,58.6016531083733,0.0105939507484436,-29.5763339996338,-0.0173624083399773,14.2792806625366,0.780109524726868,1.90880501270294,-0.417319476604462,0.743102212563329,-1.53414048135579,0.969202170778904
148912,0.0166679,58.6183210089803,0.0105939507484436,-29.5763339996338,-0.0173624083399773,14.2792806625366,0.780109524726868,1.90880501270294,-0.417319476604462,0.743102212563329,-1.53414048135579,0.969202170778904
148916,0.016667,58.634988008067,0.0105939507484436,-30.11985206604,-0.144315540790558,15.4456624984741,0.786518216133118,2.11846089363098,-0.340415179729462,0.412656539388842,-1.44924719102775,1.3745168674428
148918,0.0166671,58.6516551077366,1.3356671333313,-31.2108554840088,1.10934662818909,15.7432088851929,0.732502102851868,2.14501118659973,-0.17287366092205,0.619985746846239,-1.35140045140203,0.0533634961577507
148924,0.0166666,58.6683217082173,1.3356671333313,-31.2108554840088,1.10934662818909,15.7432088851929,0.732502102851868,2.14501118659973,-0.17287366092205,0.619985746846239,-1.35140045140203,0.0533634961577507
148926,0.0166672,58.6849889084697,2.4623761177063,-31.3814487457275,2.13687348365784,15.1203451156616,0.684894680976868,2.00035786628723,0.0257957726716995,0.189474015309388,-0.991576416084258,2.25846181781432
148928,0.0166676,58.7016565091908,2.4623761177063,-31.3814487457275,2.13687348365784,15.1203451156616,0.684894680976868,2.00035786628723,0.0257957726716995,0.189474015309388,-0.991576416084258,2.25846181781432
148932,0.0166659,58.7183224093169,2.23624086380005,-31.4806308746338,1.88693451881409,15.1957235336304,0.690387845039368,2.06627583503723,0.0715721398591995,0.108949319291127,-0.689560524987073,2.08760166707083
148938,0.0166667,58.7349891085178,3.1368145942688,-30.9371128082275,2.73990082740784,13.9063558578491,0.661090970039368,1.84380257129669,0.302285015583038,0.254095123440786,-0.198264281880761,-0.012811322140229
148940,0.0166665,58.7516556084156,3.1368145942688,-30.9371128082275,2.73990082740784,13.9063558578491,0.661090970039368,1.84380257129669,0.302285015583038,0.254095123440786,-0.198264281880761,-0.012811322140229
148944,0.0190506,58.7707062084228,3.51370668411255,-30.6157627105713,3.16440033912659,14.2277059555054,0.542072415351868,1.94817268848419,0.283058941364288,-0.283924675497663,2.04447962560449,2.58689562907591
148946,0.0166663,58.7873725090176,3.51370668411255,-30.6157627105713,3.16440033912659,14.2277059555054,0.542072415351868,1.94817268848419,0.283058941364288,-0.283924675497663,2.04447962560449,2.58689562907591
148950,0.0166675,58.8040400091559,2.9384503364563,-30.1952304840088,2.78750824928284,15.0489339828491,0.607074856758118,2.10564351081848,0.316017925739288,-0.796358273707514,0.262669727829654,2.92919056902098
148952,0.0166677,58.8207077085972,2.9384503364563,-30.1952304840088,2.78750824928284,15.0489339828491,0.607074856758118,2.10564351081848,0.316017925739288,-0.796358273707514,0.262669727829654,2.92919056902098
148958,0.0196562,58.8403639085591,2.9384503364563,-30.1952304840088,2.78750824928284,15.0489339828491,0.607074856758118,2.10564351081848,0.316017925739288,-0.796358273707514,0.262669727829654,2.92919056902098
148960,0.0179627,58.8583266083151,1.9863018989563,-27.4736728668213,2.26382660865784,14.2277059555054,0.672992825508118,1.87584602832794,0.295876324176788,-0.784141056679961,2.04768862741421,3.37452367512801
148964,0.0166671,58.8749937079847,1.9863018989563,-27.4736728668213,2.26382660865784,14.2277059555054,0.672992825508118,1.87584602832794,0.295876324176788,-0.784141056679961,2.04768862741421,3.37452367512801
148966,0.0166679,58.8916616085917,1.1373028755188,-26.3350620269775,1.33548188209534,13.3072957992554,0.834125638008118,1.65978157520294,0.341652691364288,-0.635753808480919,1.52580891377897,3.21666025201536
148970,0.0166668,58.9083284083754,0.562046587467194,-23.3953037261963,1.08554291725159,12.9621419906616,0.774616360664368,1.60759651660919,0.257424175739288,-0.270344186633546,-0.419899791102912,3.45209586005126
148974,0.0176381,58.9259665086865,0.562046587467194,-23.3953037261963,1.08554291725159,12.9621419906616,0.774616360664368,1.60759651660919,0.257424175739288,-0.270344186633546,-0.419899791102912,3.45209586005126
148978,0.0166681,58.9426346085966,-0.314723432064056,-21.83616065979,0.430940806865692,13.8071737289429,0.922931790351868,1.58104622364044,0.373696148395538,-1.55624575707937,0.801491688614806,2.54034181563886
148980,0.0166672,58.959301808849,-0.314723432064056,-21.83616065979,0.430940806865692,13.8071737289429,0.922931790351868,1.58104622364044,0.373696148395538,-1.55624575707937,0.801491688614806,2.54034181563886
148984,0.0166671,58.9759689085186,-0.314723432064056,-21.83616065979,0.430940806865692,13.8071737289429,0.922931790351868,1.58104622364044,0.373696148395538,-1.55624575707937,0.801491688614806,2.54034181563886
148988,0.0173345,58.9933034088463,-2.91329526901245,-21.4632358551025,-2.22317290306091,16.4890594482422,1.16188442707062,1.99394905567169,0.316017925739288,-2.21979910292447,2.87585192463116,3.98137812293793
148992,0.0166673,59.0099707096815,-2.91329526901245,-21.4632358551025,-2.22317290306091,16.4890594482422,1.16188442707062,1.99394905567169,0.316017925739288,-2.21979910292447,2.87585192463116,3.98137812293793
148994,0.0170601,59.0270308088511,-2.91329526901245,-21.4632358551025,-2.22317290306091,16.4890594482422,1.16188442707062,1.99394905567169,0.316017925739288,-2.21979910292447,2.87585192463116,3.98137812293793
148998,0.0166684,59.043699208647,-1.1637225151062,-21.6377964019775,-0.267301380634308,15.3702840805054,1.15547573566437,1.83647835254669,0.276650249958038,-1.04749484987633,0.526247131511717,2.35634148754467
149000,0.016667,59.0603662077338,-1.1637225151062,-21.6377964019775,-0.267301380634308,15.3702840805054,1.15547573566437,1.83647835254669,0.276650249958038,-1.04749484987633,0.526247131511717,2.35634148754467
149004,0.0166669,59.0770331081003,-0.687648236751556,-23.96262550354,0.232576549053192,16.4890594482422,1.15547573566437,2.07909321784973,0.405739605426788,-1.07371780269524,0.594556990586621,2.47164108926136
149008,0.0166673,59.0937004089355,-3.21480894088745,-23.1969394683838,-2.54849028587341,15.9653768539429,0.690387845039368,2.40044331550598,0.251015484333038,-1.17926222358185,2.35393483467978,1.61197185491856
149012,0.0195048,59.1132052093744,-3.21480894088745,-23.1969394683838,-2.54849028587341,15.9653768539429,0.690387845039368,2.40044331550598,0.251015484333038,-1.17926222358185,2.35393483467978,1.61197185491856
149014,0.0166679,59.1298731099814,0.137547075748444,-23.6174716949463,1.01016449928284,15.4694662094116,0.946735501289368,2.12486958503723,0.322426617145538,-0.848129748827887,0.522296497419628,1.25600149227635
149018,0.0166669,59.146540010348,-4.7898211479187,-24.359354019165,-4.12747001647949,15.2949056625366,0.654682278633118,2.45903706550598,0.1869285851717,-0.848111682252189,1.9968077156241,0.665446899204675
149022,0.0171726,59.1637126095593,-4.7898211479187,-24.359354019165,-4.12747001647949,15.2949056625366,0.654682278633118,2.45903706550598,0.1869285851717,-0.848111682252189,1.9968077156241,0.665446899204675
149026,0.0166682,59.1803808100522,2.9622540473938,-24.359354019165,4.01736640930176,14.8981771469116,0.577777981758118,2.26952290534973,0.283058941364288,0.0469226286870855,-0.05918316777463,0.715545936856967
149028,0.0166657,59.1970465108752,-8.26516246795654,-24.2085971832275,-7.71389579772949,15.5210409164429,1.01265347003937,2.55699849128723,0.302285015583038,-0.552218872660552,4.60155972710798,-0.748160138770533
149034,0.0168518,59.2138983104378,-8.26516246795654,-24.2085971832275,-7.71389579772949,15.5210409164429,1.01265347003937,2.55699849128723,0.302285015583038,-0.552218872660552,4.60155972710798,-0.748160138770533
149036,0.0166671,59.2305654101074,-6.9162859916687,-24.581521987915,-6.28567314147949,14.8227987289429,0.727008938789368,2.55699849128723,0.19333727657795,0.0884536038740189,3.85078392388399,-0.566212876059223
149038,0.0166674,59.2472328096628,-6.8924822807312,-26.8309726715088,-6.38485527038574,16.4612884521484,0.827716946601868,2.85179829597473,0.2381981164217,-0.411878347769538,3.38773644547229,1.45671591832259
149042,0.0166679,59.2639007102698,-6.8924822807312,-26.8309726715088,-6.38485527038574,16.4612884521484,0.827716946601868,2.85179829597473,0.2381981164217,-0.411878347769538,3.38773644547229,1.45671591832259
149046,0.0194848,59.2833855096251,5.31485414505005,-26.1128940582275,6.36996650695801,13.7555990219116,0.428547024726868,2.07268452644348,0.328835308551788,1.05308649224471,0.435273897993391,-1.49222711912931
149048,0.0166711,59.3000566102564,5.31485414505005,-26.1128940582275,6.36996650695801,13.7555990219116,0.428547024726868,2.07268452644348,0.328835308551788,1.05308649224471,0.435273897993391,-1.49222711912931
149052,0.0166643,59.3167209103704,4.7872052192688,-26.5611972808838,5.82248115539551,14.1761312484741,0.846027493476868,1.92894661426544,0.501869976520538,0.893249815156494,-0.0113790745814357,-1.1318739400068
149054,0.0166677,59.3333886098117,-7.5431170463562,-27.1285190582275,-7.13467216491699,16.1161346435547,0.988849759101868,2.76665425300598,0.354470074176788,-0.895674611767521,3.96176490958168,1.28302978465177
149058,0.0166666,59.3500552102923,-7.5431170463562,-27.1285190582275,-7.13467216491699,16.1161346435547,0.988849759101868,2.76665425300598,0.354470074176788,-0.895674611767521,3.96176490958168,1.28302978465177
149062,0.0166668,59.366722010076,-6.31722593307495,-26.1128940582275,-5.88101005554199,14.4260702133179,0.702289700508118,2.55058979988098,0.24460680782795,0.171936122892855,4.21389544581261,-0.866304942279921
149066,0.0166685,59.3833905104548,2.91067934036255,-27.6958408355713,3.76742768287659,14.6482381820679,1.04835903644562,1.98113167285919,0.540322124958038,1.10217857346923,-0.827625333365978,-0.965576556973258
149070,0.0166654,59.4000559095293,2.91067934036255,-27.6958408355713,3.76742768287659,14.6482381820679,1.04835903644562,1.98113167285919,0.540322124958038,1.10217857346923,-0.827625333365978,-0.965576556973258
149074,0.016771,59.416826909408,5.48941469192505,-27.0293369293213,6.44534492492676,13.4818563461304,0.350727200508118,2.03972554206848,0.348061382770538,0.991135332774375,-0.664083851411426,0.0780553340559849
149076,0.0194494,59.4362763091922,5.48941469192505,-27.0293369293213,6.44534492492676,13.4818563461304,0.350727200508118,2.03972554206848,0.348061382770538,0.991135332774375,-0.664083851411426,0.0780553340559849
149080,0.0166684,59.4529447089881,5.48941469192505,-27.0293369293213,6.44534492492676,13.4818563461304,0.350727200508118,2.03972554206848,0.348061382770538,0.991135332774375,-0.664083851411426,0.0780553340559849
149084,0.0167359,59.4696806091815,-1.3382830619812,-27.9695835113525,-0.370450794696808,14.4022665023804,0.917438626289368,2.17705464363098,0.405739605426788,0.135484276348043,1.8102416632883,-0.447698817387553
149086,0.0166682,59.4863488096744,-1.3382830619812,-27.9695835113525,-0.370450794696808,14.4022665023804,0.917438626289368,2.17705464363098,0.405739605426788,0.135484276348043,1.8102416632883,-0.447698817387553
149090,0.0166671,59.503015909344,-2.8141131401062,-28.1163730621338,-2.29855132102966,14.8505697250366,0.470661282539368,2.61650776863098,0.1612938195467,-0.359705472087963,2.62420324746476,1.19770705236105
149092,0.0166667,59.5196826085448,-2.8141131401062,-28.1163730621338,-2.29855132102966,14.8505697250366,0.470661282539368,2.61650776863098,0.1612938195467,-0.359705472087963,2.62420324746476,1.19770705236105
149096,0.016667,59.5363496076316,-2.8141131401062,-28.1163730621338,-2.29855132102966,14.8505697250366,0.470661282539368,2.61650776863098,0.1612938195467,-0.359705472087963,2.62420324746476,1.19770705236105
149100,0.0166666,59.5530162081122,-2.6157488822937,-28.7590732574463,-2.17556548118591,14.8743734359741,0.803913235664368,2.61009907722473,0.322426617145538,-0.301162797005323,2.00900227438324,-0.240407918590996
149102,0.0166686,59.5696848072112,0.760410845279694,-28.0449619293213,1.73617768287659,14.3784627914429,0.672992825508118,2.31529927253723,0.1997459679842,0.215244170174488,0.978554743444721,-0.399251398861267
149106,0.0166658,59.5863506067544,0.760410845279694,-28.0449619293213,1.73617768287659,14.3784627914429,0.672992825508118,2.31529927253723,0.1997459679842,0.215244170174488,0.978554743444721,-0.399251398861267
149110,0.0166673,59.6030179075897,-2.1158709526062,-29.00901222229,-1.64791655540466,14.0293416976929,0.494464993476868,2.56432271003723,0.276650249958038,-0.752477108231568,2.21022634356927,0.613061466934112
149112,0.0166673,59.6196852084249,-2.1158709526062,-29.00901222229,-1.64791655540466,14.0293416976929,0.494464993476868,2.56432271003723,0.276650249958038,-0.752477108231568,2.21022634356927,0.613061466934112
149118,0.0171829,59.6368681080639,-1.41366147994995,-28.3385410308838,-0.568815052509308,13.6088094711304,0.666584134101868,2.43340229988098,0.386513531208038,-0.675270923958623,1.75166998772347,-0.887233935736253
149120,0.0166675,59.6535356082022,-1.41366147994995,-28.3385410308838,-0.568815052509308,13.6088094711304,0.666584134101868,2.43340229988098,0.386513531208038,-0.675270923958623,1.75166998772347,-0.887233935736253
149122,0.016668,59.6702036075294,-1.41366147994995,-28.3385410308838,-0.568815052509308,13.6088094711304,0.666584134101868,2.43340229988098,0.386513531208038,-0.675270923958623,1.75166998772347,-0.887233935736253
149126,0.0166668,59.6868704073131,-1.04073667526245,-27.8704013824463,-0.318876087665558,12.0655355453491,0.565876126289368,2.33452534675598,0.283058941364288,-1.13482569897055,1.49156026965693,-0.701166048463451
149128,0.0166673,59.7035377081484,-1.04073667526245,-27.8704013824463,-0.318876087665558,12.0655355453491,0.565876126289368,2.33452534675598,0.283058941364288,-1.13482569897055,1.49156026965693,-0.701166048463451
149134,0.0166667,59.7202044073492,-1.04073667526245,-27.8704013824463,-0.318876087665558,12.0655355453491,0.565876126289368,2.33452534675598,0.283058941364288,-1.13482569897055,1.49156026965693,-0.701166048463451
149136,0.0166668,59.7368712071329,-1.41366147994995,-29.1558017730713,-0.620389759540558,13.6802206039429,0.803913235664368,2.61009907722473,0.437783062458038,-1.47727504122845,1.00136448942748,0.309390056438696
149140,0.0166693,59.7535405065864,-1.41366147994995,-29.1558017730713,-0.620389759540558,13.6802206039429,0.803913235664368,2.61009907722473,0.437783062458038,-1.47727504122845,1.00136448942748,0.309390056438696
149142,0.0166648,59.7702053058892,-0.913783490657806,-29.23118019104,-0.219693958759308,13.6326131820679,0.559467434883118,2.59636616706848,0.328835308551788,-1.66607836552458,1.25873366967511,0.237932797635829
149146,0.0166668,59.786872105673,0.185154497623444,-28.1441440582275,1.10934662818909,12.1647176742554,0.834125638008118,2.28874897956848,0.469826519489288,-1.12360094292965,0.630993724396996,0.0494689425334462
149148,0.0166667,59.8035388048738,0.185154497623444,-28.1441440582275,1.10934662818909,12.1647176742554,0.834125638008118,2.28874897956848,0.469826519489288,-1.12360094292965,0.630993724396996,0.0494689425334462
149154,0.0166685,59.8202073052526,-0.564662396907806,-27.2753086090088,0.383333384990692,12.0179281234741,0.762714505195618,2.45903706550598,0.348061382770538,-1.47002806539594,1.04839849295384,-0.929907869022564
149156,0.0166657,59.8368730060756,-0.564662396907806,-27.2753086090088,0.383333384990692,12.0179281234741,0.762714505195618,2.45903706550598,0.348061382770538,-1.47002806539594,1.04839849295384,-0.929907869022564
149162,0.0240496,59.8609226066619,-0.814601361751556,-28.0449619293213,0.0302450135350227,12.9383382797241,0.803913235664368,2.40044331550598,0.341652691364288,-1.52690245398275,0.492788307764578,-0.991163970750107
149164,0.0181442,59.8790668062866,-0.814601361751556,-28.0449619293213,0.0302450135350227,12.9383382797241,0.803913235664368,2.40044331550598,0.341652691364288,-1.52690245398275,0.492788307764578,-0.991163970750107
149168,0.0166675,59.8957343064249,-0.814601361751556,-28.0449619293213,0.0302450135350227,12.9383382797241,0.803913235664368,2.40044331550598,0.341652691364288,-1.52690245398275,0.492788307764578,-0.991163970750107
149172,0.0166704,59.9124047067016,-0.239345014095306,-20.5229892730713,0.958589732646942,8.19346523284912,0.762714505195618,1.49590218067169,0.501869976520538,-0.190950698667527,1.89850950287235,-19.0385501118896
149174,0.0166647,59.9290694072843,-0.239345014095306,-20.5229892730713,0.958589732646942,8.19346523284912,0.762714505195618,1.49590218067169,0.501869976520538,-0.190950698667527,1.89850950287235,-19.0385501118896
149178,0.0166665,59.9457359071821,-0.390101850032806,-22.0067539215088,0.609468638896942,9.08610439300537,0.875324368476868,1.85661995410919,0.501869976520538,0.547203575579614,2.33935101040998,-20.5667152646743
149182,0.0166668,59.9624027069658,-1.1399188041687,-20.8443393707275,-0.168119251728058,9.01072597503662,0.857929348945618,1.85021126270294,0.482643902301788,1.40762639254491,1.63501389758754,-18.6265785312776
149186,0.0166682,59.9790709074587,-1.1399188041687,-20.8443393707275,-0.168119251728058,9.01072597503662,0.857929348945618,1.85021126270294,0.482643902301788,1.40762639254491,1.63501389758754,-18.6265785312776
149188,0.0166652,59.9957361072302,-1.5128436088562,-20.5229892730713,-0.644193470478058,9.33604335784912,0.929340481758118,1.73851692676544,0.527504742145538,2.7935881930476,0.512418321891094,-20.6927027958729
149192,0.0166674,60.0124035067856,-1.6397967338562,-20.6975498199463,-0.771146595478058,9.43522548675537,0.946735501289368,1.74492561817169,0.508278667926788,2.8107088832356,0.406990235882723,-20.7952755846716
149196,0.0166787,60.0290822070092,-1.6397967338562,-20.6975498199463,-0.771146595478058,9.43522548675537,0.946735501289368,1.74492561817169,0.508278667926788,2.8107088832356,0.406990235882723,-20.7952755846716
149200,0.0166685,60.0457507073879,-2.2666277885437,-20.7213535308838,-1.37020659446716,9.78434658050537,1.00075161457062,1.90239632129669,0.586098492145538,2.68184337833999,-1.38073119432389,-20.5701800641801
149204,0.0246398,60.0703905075789,-2.6157488822937,-20.8959140777588,-1.74709868431091,10.1533041000366,1.00716030597687,2.05345845222473,0.566872417926788,2.62734890039533,-1.40802788410442,-20.7535575489426
149208,0.0207566,60.0911471080035,-3.0918231010437,-20.5229892730713,-2.22317290306091,10.0065145492554,1.06026089191437,2.21001362800598,0.553139507770538,4.50759415790352,-3.13046483223683,-22.3968956177988
149212,0.0175701,60.1087172087282,-3.0918231010437,-20.5229892730713,-2.22317290306091,10.0065145492554,1.06026089191437,2.21001362800598,0.553139507770538,4.50759415790352,-3.13046483223683,-22.3968956177988
149214,0.0166672,60.1253844089806,-3.0918231010437,-20.5229892730713,-2.22317290306091,10.0065145492554,1.06026089191437,2.21001362800598,0.553139507770538,4.50759415790352,-3.13046483223683,-22.3968956177988
149218,0.0166673,60.1420517098159,-3.1394305229187,-21.5148105621338,-2.29855132102966,10.5539999008179,1.04286587238312,2.30889058113098,0.540322124958038,5.35178193411753,-3.72339634950541,-22.2552825280111
149220,0.0167123,60.1587640102953,-2.7903094291687,-21.6377964019775,-1.94943022727966,10.7999715805054,1.08406460285187,2.25578999519348,0.553139507770538,5.1737383656489,-3.66248311891559,-21.5655268379786
149224,0.0166669,60.1754309106618,-2.7903094291687,-21.6377964019775,-1.94943022727966,10.7999715805054,1.08406460285187,2.25578999519348,0.553139507770538,5.1737383656489,-3.66248311891559,-21.5655268379786
149226,0.0166665,60.1920974105597,-2.6395525932312,-20.7213535308838,-1.84628081321716,10.1056966781616,1.07857143878937,1.89598762989044,0.560463726520538,4.54642885828252,-3.47681848435299,-20.1167286588139
149232,0.0166686,60.2087660096586,-2.6395525932312,-20.7213535308838,-1.84628081321716,10.1056966781616,1.07857143878937,1.89598762989044,0.560463726520538,4.54642885828252,-3.47681848435299,-20.1167286588139
149234,0.0166652,60.2254312094301,-2.6633563041687,-20.2532138824463,-1.79867339134216,9.75657558441162,1.02455532550812,1.92162239551544,0.546730816364288,4.6235004165307,-3.29154230624221,-20.3078853157835
149238,0.0166674,60.2420986089855,-2.73873472213745,-19.0154209136963,-1.74709868431091,8.61399745941162,1.03096401691437,1.52245247364044,0.553139507770538,5.20677323728038,-3.51091954510649,-23.4129634781925
149240,0.0166671,60.2587657086551,-2.73873472213745,-19.0154209136963,-1.74709868431091,8.61399745941162,1.03096401691437,1.52245247364044,0.553139507770538,5.20677323728038,-3.51091954510649,-23.4129634781925
149246,0.0237969,60.2825626078993,-2.7903094291687,-17.5792636871338,-1.82247710227966,6.82871913909912,1.01265347003937,0.906302571296692,0.450600445270538,4.73715155291526,-4.04377693836389,-26.5633516215514
149250,0.0183606,60.3009232077748,-2.7903094291687,-17.5792636871338,-1.82247710227966,6.82871913909912,1.01265347003937,0.906302571296692,0.450600445270538,4.73715155291526,-4.04377693836389,-26.5633516215514
149252,0.0166685,60.3175917081535,-2.7903094291687,-17.5792636871338,-1.82247710227966,6.82871913909912,1.01265347003937,0.906302571296692,0.450600445270538,4.73715155291526,-4.04377693836389,-26.5633516215514
149254,0.0166674,60.3342591077089,-2.73873472213745,-17.7300205230713,-1.79867339134216,6.52720546722412,0.953144192695618,0.644461750984192,0.392922222614288,3.57913300806687,-4.06848972343312,-26.2717163896966
149260,0.0166666,60.3509257081896,-2.7665057182312,-18.1743564605713,-1.77486968040466,6.82871913909912,0.970539212226868,0.781790852546692,0.405739605426788,3.26193742955926,-4.12075743121094,-26.080407222236
149262,0.0166669,60.3675926085562,-2.7665057182312,-18.1743564605713,-1.77486968040466,6.82871913909912,0.970539212226868,0.781790852546692,0.405739605426788,3.26193742955926,-4.12075743121094,-26.080407222236
149266,0.0166722,60.3842648081481,-2.19124937057495,-19.70969581604,-1.07266020774841,7.49919033050537,0.846027493476868,0.821158528327942,0.15488512814045,1.18317128860378,-3.71800492366961,-23.4467158211233
149268,0.0166676,60.4009324088693,-2.19124937057495,-19.70969581604,-1.07266020774841,7.49919033050537,0.846027493476868,0.821158528327942,0.15488512814045,1.18317128860378,-3.71800492366961,-23.4467158211233
149272,0.0166662,60.4175986088812,-1.6636004447937,-20.0548496246338,-0.596586048603058,7.22544765472412,0.786518216133118,0.611502766609192,0.0386131554841995,0.814541140864269,-3.59916836959541,-22.4343404395282
149276,0.0166679,60.4342665094882,-1.1161150932312,-21.61399269104,-0.0927408263087273,7.69755458831787,0.690387845039368,1.12969124317169,-0.00624768435955048,-0.33501083612618,-2.85451675851397,-19.6336334802703
149280,0.016666,60.4509325101972,-1.1161150932312,-21.61399269104,-0.0927408263087273,7.69755458831787,0.690387845039368,1.12969124317169,-0.00624768435955048,-0.33501083612618,-2.85451675851397,-19.6336334802703
149282,0.0166672,60.4675997104496,-1.0129656791687,-24.6053256988525,-0.120511822402477,10.3516683578491,0.666584134101868,1.86943733692169,-0.0639259070158005,-1.02429491510916,-2.79973413472546,-14.4684884557864
149288,0.0194446,60.4870443101972,-0.715419232845306,-24.9266757965088,0.280183970928192,10.2048788070679,0.577777981758118,1.62682259082794,-0.1151954382658,-1.34237952472037,-2.683499936016,-11.2052335903334
149290,0.0177956,60.5048399101943,-0.513087689876556,-26.0137119293213,0.557893931865692,10.9507284164429,0.530170559883118,1.85661995410919,-0.1792823523283,-1.12312355136097,-2.50516191079174,-9.93256814433016
149294,0.0177208,60.5225607100874,-0.437709271907806,-28.43772315979,0.609468638896942,11.8195638656616,0.476154446601868,2.40685200691223,-0.250693500041962,-0.907050452863857,-2.46070524154958,-6.49931514649247
149298,0.0166668,60.5392275098711,-0.437709271907806,-28.43772315979,0.609468638896942,11.8195638656616,0.476154446601868,2.40685200691223,-0.250693500041962,-0.907050452863857,-2.46070524154958,-6.49931514649247
149300,0.0166666,60.5558941103518,-0.314723432064056,-28.612283706665,0.684847056865692,11.9941244125366,0.452350735664368,2.51122212409973,-0.23146741092205,-0.650532493817446,-2.68700530896474,-5.22096562624336
149304,0.0206323,60.5765264108777,-2.7665057182312,-30.738748550415,-2.65163969993591,17.2825164794922,0.958637356758118,4.8046178817749,0.15488512814045,4.52328530526645,-3.88063894858295,-7.39041103032534
149306,0.0166686,60.5931950099766,-2.7665057182312,-30.738748550415,-2.65163969993591,17.2825164794922,0.958637356758118,4.8046178817749,0.15488512814045,4.52328530526645,-3.88063894858295,-7.39041103032534
149312,0.0166672,60.609862210229,-4.5914568901062,-30.7625522613525,-3.90133452415466,18.3735198974609,1.11977016925812,5.09300899505615,0.1228416711092,14.1087920825794,-5.92007156115881,-13.9239191962476
149314,0.0166662,60.626528410241,-4.5914568901062,-30.7625522613525,-3.90133452415466,18.3735198974609,1.11977016925812,5.09300899505615,0.1228416711092,14.1087920825794,-5.92007156115881,-13.9239191962476
149318,0.016667,60.6431954093277,-4.6152606010437,-30.5681552886963,-4.00448417663574,18.3021087646484,1.13167202472687,5.0078649520874,0.0972069054841995,14.2120139177456,-6.03741151259191,-13.6011696924511
149320,0.0166672,60.6598626095802,-4.6390643119812,-30.5919589996338,-3.75454497337341,18.9963836669922,1.16188442707062,5.32189083099365,0.11643297970295,15.4269699596857,-6.04369634081165,-10.6888069545486
149324,0.0166666,60.6765292100608,-4.6390643119812,-30.5919589996338,-3.75454497337341,18.9963836669922,1.16188442707062,5.32189083099365,0.11643297970295,15.4269699596857,-6.04369634081165,-10.6888069545486
149328,0.0174619,60.6939911097288,-4.7898211479187,-30.8141269683838,-3.95290923118591,19.4684906005859,1.19758999347687,5.6890172958374,0.18051989376545,16.2484188550218,-6.34962933055455,-8.245346669689
149332,0.0191665,60.7131576091051,-4.7898211479187,-30.8141269683838,-3.95290923118591,19.4684906005859,1.19758999347687,5.6890172958374,0.18051989376545,16.2484188550218,-6.34962933055455,-8.245346669689
149334,0.016671,60.7298286091536,-4.9643816947937,-31.183084487915,-4.65511894226074,19.8414154052734,1.24519741535187,5.8263463973999,0.1869285851717,16.8922075829206,-6.91998163472773,-7.71627839623531
149338,0.0166639,60.7464925087988,-4.88900327682495,-30.0960483551025,-4.20284843444824,19.7422332763672,1.22139370441437,5.55077266693115,0.1100242882967,18.6471113294121,-6.56138135867742,-8.65916802828216
149340,0.0166699,60.7631624080241,-4.88900327682495,-30.0960483551025,-4.20284843444824,19.7422332763672,1.22139370441437,5.55077266693115,0.1100242882967,18.6471113294121,-6.56138135867742,-8.65916802828216
149346,0.016664,60.7798264082521,-4.4168963432312,-30.072244644165,-3.90133452415466,19.3177337646484,1.18568813800812,5.4656286239624,0.0450218468904495,18.712075366669,-6.21941598515047,-9.25827933938653
149348,0.0166687,60.7964951079339,-4.19076108932495,-28.8860263824463,-3.85372710227966,18.1751556396484,1.16188442707062,5.32189083099365,0.10361559689045,17.8459537893492,-6.38612268695885,-9.49102588120236
149352,0.0166661,60.813161207363,-4.19076108932495,-28.8860263824463,-3.85372710227966,18.1751556396484,1.16188442707062,5.32189083099365,0.10361559689045,17.8459537893492,-6.38612268695885,-9.49102588120236
149354,0.0166669,60.8298281077296,-3.9884295463562,-28.8106479644775,-3.70297026634216,17.8776092529297,1.19758999347687,5.16442012786865,0.1100242882967,17.6895838209958,-6.57366870761596,-9.45550618110669
149358,0.0166667,60.8464948069304,-3.69088315963745,-27.4260654449463,-3.02456450462341,16.3144989013672,1.09047329425812,4.54918575286865,0.0587547570466995,16.3748550108556,-6.67721501889211,-10.7194012411718
149360,0.0166681,60.8631629068404,-3.69088315963745,-27.4260654449463,-3.02456450462341,16.3144989013672,1.09047329425812,4.54918575286865,0.0587547570466995,16.3748550108556,-6.67721501889211,-10.7194012411718
149364,0.0166661,60.8798290062696,-2.69112730026245,-25.7677402496338,-1.74709868431091,14.1523275375366,0.869831204414368,3.57964253425598,-0.0254737585783005,14.3820359042883,-6.29816441933936,-12.6270508932754
149370,0.0222257,60.9020547065884,-2.69112730026245,-24.9028720855713,-1.89785552024841,13.3826742172241,0.863422513008118,3.18596577644348,-0.0575172156095505,13.3886761298521,-5.96905335863283,-13.6785749035042
149374,0.0166672,60.9187219068408,-2.23885679244995,-22.899393081665,-1.59634184837341,11.1728963851929,0.815815091133118,2.58354878425598,-0.13442151248455,11.607029990333,-6.14440832323468,-16.8216004463564
149376,0.0166675,60.9353894069791,-2.41341733932495,-22.9231967926025,-1.42178130149841,11.1728963851929,0.738910794258118,2.41966938972473,-0.14723889529705,10.789938969122,-6.16657379021795,-18.5788576821617
149378,0.0166672,60.9520566072315,-2.41341733932495,-22.9231967926025,-1.42178130149841,11.1728963851929,0.738910794258118,2.41966938972473,-0.14723889529705,10.789938969122,-6.16657379021795,-18.5788576821617
149382,0.0166671,60.9687237069011,-2.54037046432495,-22.0067539215088,-1.79867339134216,9.90733242034912,0.750812649726868,2.05345845222473,-0.2250587195158,10.1260205558291,-6.39133704954125,-20.198980038368
149386,0.0166681,60.9853918068111,-2.7903094291687,-20.6499423980713,-1.54873442649841,8.59019374847412,0.708698391914368,1.47026741504669,-0.321189105510712,8.20821092927724,-6.93642670835334,-22.1239983407831
149388,0.0166662,61.0020580068231,-2.7903094291687,-20.6499423980713,-1.54873442649841,8.59019374847412,0.708698391914368,1.47026741504669,-0.321189105510712,8.20821092927724,-6.93642670835334,-22.1239983407831
149394,0.016667,61.0187250059098,-2.9410662651062,-20.201639175415,-1.87405180931091,6.75334072113037,0.696796536445618,0.913626790046692,-0.340415179729462,4.29118010952452,-7.69190389686849,-22.5560452057998
149396,0.0167093,61.0354343056679,-2.9410662651062,-20.201639175415,-1.87405180931091,6.75334072113037,0.696796536445618,0.913626790046692,-0.340415179729462,4.29118010952452,-7.69190389686849,-22.5560452057998
149400,0.016667,61.0521013047546,-2.4411883354187,-21.6377964019775,-1.37020659446716,6.65415859222412,0.672992825508118,0.965811848640442,-0.334006488323212,1.26642062792743,-7.25202410580668,-20.3953414929527
149402,0.0166666,61.0687679052353,-2.4411883354187,-21.7607822418213,-1.44558501243591,6.85252285003662,0.654682278633118,0.854117512702942,-0.456687152385712,1.04507460867367,-7.20087856657848,-20.0752177387029
149406,0.0166676,61.0854355059564,-2.4411883354187,-21.7607822418213,-1.44558501243591,6.85252285003662,0.654682278633118,0.854117512702942,-0.456687152385712,1.04507460867367,-7.20087856657848,-20.0752177387029
149412,0.0201996,61.1056351065636,-1.58822202682495,-24.137186050415,-0.521207630634308,6.82871913909912,0.464252591133118,0.952078938484192,-0.410910785198212,-2.0750427778356,-6.58859411659225,-15.2441700010717
149414,0.0200437,61.1256788056344,-1.58822202682495,-24.137186050415,-0.521207630634308,6.82871913909912,0.464252591133118,0.952078938484192,-0.410910785198212,-2.0750427778356,-6.58859411659225,-15.2441700010717
149418,0.0166688,61.142347605899,-1.56441831588745,-24.3831577301025,-0.493436634540558,6.95170497894287,0.434040188789368,1.10314095020294,-0.443869769573212,-2.38245174269227,-6.37287977571315,-14.7232101330862
149420,0.0166669,61.1590145062655,-0.763026654720306,-26.8547763824463,0.105623431503773,8.91154384613037,0.321430325508118,1.85021126270294,-0.372458636760712,-3.40112991637941,-5.03566056109957,-9.16257690767213
149424,0.0166691,61.175683606416,-0.763026654720306,-26.8547763824463,0.105623431503773,8.91154384613037,0.321430325508118,1.85021126270294,-0.372458636760712,-3.40112991637941,-5.03566056109957,-9.16257690767213
149426,0.0166642,61.1923478059471,-0.937587201595306,-26.9539585113525,0.133394420146942,9.55821132659912,0.309528470039368,1.79711067676544,-0.353232562541962,-3.4661320314961,-4.77178454432,-7.56044157709401
149432,0.0166675,61.2090153060853,-0.965358197689056,-27.945779800415,-0.144315540790558,10.1056966781616,0.196003064513206,2.29515767097473,-0.282736957073212,-2.67619912114678,-4.7445914206519,-8.49554605942371
149434,0.0166664,61.2256817054003,-0.965358197689056,-27.945779800415,-0.144315540790558,10.1056966781616,0.196003064513206,2.29515767097473,-0.282736957073212,-2.67619912114678,-4.7445914206519,-8.49554605942371
149438,0.0166673,61.2423490062356,-0.489283978939056,-30.4412021636963,0.181001842021942,11.6688070297241,0.189594373106956,2.53136372566223,-0.289145648479462,-2.01653117878511,-4.01124405317293,-2.6165892348973
149440,0.0166685,61.2590175066143,-0.489283978939056,-30.4412021636963,0.181001842021942,11.6688070297241,0.189594373106956,2.53136372566223,-0.289145648479462,-2.01653117878511,-4.01124405317293,-2.6165892348973
149444,0.0166786,61.2756961062551,-0.489283978939056,-30.4412021636963,0.181001842021942,11.6688070297241,0.189594373106956,2.53136372566223,-0.289145648479462,-2.01653117878511,-4.01124405317293,-2.6165892348973
149446,0.0166666,61.2923627067357,-0.790797650814056,-31.6036167144775,-0.0689371153712273,12.7875814437866,0.136493787169456,2.47185444831848,-0.308371722698212,-1.63847391651825,-3.78704729646152,-0.189921989536578
149452,0.0179137,61.3102764058858,-0.763026654720306,-31.754373550415,-0.144315540790558,12.6883993148804,0.136493787169456,2.52495503425598,-0.263510882854462,-1.44873181735207,-3.73194895615521,-0.271317013324231
149454,0.01802,61.3282964061946,-0.739222943782806,-31.8773593902588,-0.144315540790558,12.7122030258179,0.0943795368075371,2.29515767097473,-0.276328265666962,-1.1139781351845,-3.75160744260154,2.00089036353195
149458,0.0166687,61.3449651058763,-0.814601361751556,-31.5560092926025,-0.342679798603058,12.5376424789429,0.0650826618075371,2.41326069831848,-0.250693500041962,-1.13605298154005,-3.71106857449102,2.46309300335571
149460,0.0166668,61.36163190566,-0.814601361751556,-31.5560092926025,-0.342679798603058,12.5376424789429,0.0650826618075371,2.41326069831848,-0.250693500041962,-1.13605298154005,-3.71106857449102,2.46309300335571
149464,0.0173391,61.3789710048586,-0.838405072689056,-30.9371128082275,-0.144315540790558,12.6883993148804,0.0110665466636419,2.21642231941223,-0.257102191448212,-1.14893636516412,-3.07283993265579,1.91392719351577
149468,0.0166674,61.3956384044141,-0.814601361751556,-30.5403842926025,-0.195890247821808,12.5138387680054,-0.00632847286760807,2.23015522956848,-0.301963031291962,-1.08424649484104,-3.12270278804254,1.84375379672439
149472,0.0166666,61.4123050048947,-0.862208783626556,-30.6157627105713,-0.342679798603058,12.4384603500366,-0.0429495647549629,2.24297261238098,-0.301963031291962,-0.866407364930693,-2.99150352636131,0.461325134343518
149474,0.0166674,61.4289724044502,-1.08834409713745,-30.9371128082275,-0.521207630634308,13.8309774398804,-0.0603445842862129,2.50481343269348,-0.289145648479462,-1.23231729370421,-3.19182505260602,3.44857893821298
149478,0.0166662,61.4456386044621,-1.08834409713745,-30.9371128082275,-0.521207630634308,13.8309774398804,-0.0603445842862129,2.50481343269348,-0.289145648479462,-1.23231729370421,-3.19182505260602,3.44857893821298
149480,0.0166672,61.4623058047146,-1.08834409713745,-29.8738803863525,-0.747342884540558,12.4900350570679,-0.167461290955544,2.32811665534973,-0.282736957073212,-0.742022181117913,-2.75745252980048,1.01577478908644
149484,0.0166665,61.4789723046124,-1.08834409713745,-29.8738803863525,-0.747342884540558,12.4900350570679,-0.167461290955544,2.32811665534973,-0.282736957073212,-0.742022181117913,-2.75745252980048,1.01577478908644
149488,0.0166698,61.4956421051174,-1.1875262260437,-29.9730625152588,-0.771146595478058,12.8351888656616,-0.203166857361794,2.51122212409973,-0.295554339885712,-0.89659983089872,-2.77590128630588,1.90139188765608
149494,0.0186987,61.5143408048898,-1.06454038619995,-28.7590732574463,-0.469632923603058,13.5056600570679,-0.126262560486794,2.29515767097473,-0.250693500041962,-0.641267437554101,-2.26272682703611,0.292033360952172
149496,0.0166667,61.5310075040907,-1.3382830619812,-29.2549839019775,-0.846525013446808,13.6564168930054,-0.191265001893044,2.42607808113098,-0.289145648479462,-0.818754693032418,-1.94020438932127,-0.122180699926806
149498,0.016668,61.5476755034179,-1.21529722213745,-26.7317905426025,-0.644193470478058,12.9621419906616,-0.0127371642738581,2.02049946784973,-0.23146741092205,-0.324365327748999,-2.23742766336167,1.42424666859397
149502,0.0166678,61.564343303442,-1.21529722213745,-26.7317905426025,-0.644193470478058,12.9621419906616,-0.0127371642738581,2.02049946784973,-0.23146741092205,-0.324365327748999,-2.23742766336167,1.42424666859397
149504,0.0166664,61.581009702757,-1.56441831588745,-27.0769443511963,-1.07266020774841,12.6368246078491,-0.102458842098713,1.85021126270294,-0.263510882854462,-0.265635876648681,-1.90261137771356,0.567623441057565
149508,0.0166666,61.5976763032377,-1.8381609916687,-26.707986831665,-1.22341704368591,14.2792806625366,0.0531808063387871,2.28874897956848,-0.2378761023283,0.193196822104883,-2.28160765139788,1.06300517097197
149512,0.0166676,61.6143439039588,-1.8381609916687,-26.707986831665,-1.22341704368591,14.2792806625366,0.0531808063387871,2.28874897956848,-0.2378761023283,0.193196822104883,-2.28160765139788,1.06300517097197
149514,0.0166659,61.6310098040849,-1.2906756401062,-27.10471534729,-0.469632923603058,16.5128631591797,-0.0841482952237129,2.30889058113098,-0.301963031291962,0.262386256331299,-2.48922227310102,3.41421427445012
149518,0.0166679,61.6476777046919,-2.6633563041687,-27.4022617340088,-2.07241606712341,15.0965414047241,-0.0301321838051081,2.24297261238098,-0.308371722698212,1.05805443538293,-1.25016698154119,0.929341959885601
149520,0.0166662,61.6643439047039,-2.6633563041687,-27.4022617340088,-2.07241606712341,15.0965414047241,-0.0301321838051081,2.24297261238098,-0.308371722698212,1.05805443538293,-1.25016698154119,0.929341959885601
149526,0.0166672,61.6810111049563,-4.34151792526245,-27.2277011871338,-3.75454497337341,16.2391204833984,-0.226970568299294,2.49840474128723,-0.404502093791962,0.782160753026828,-0.780875641106755,1.00026771922974
149528,0.0166678,61.6976789049804,-4.34151792526245,-27.2277011871338,-3.75454497337341,16.2391204833984,-0.226970568299294,2.49840474128723,-0.404502093791962,0.782160753026828,-0.780875641106755,1.00026771922974
149532,0.0166645,61.7143434043974,-2.04049253463745,-27.32688331604,-1.34640288352966,16.8619842529297,-0.0905569866299629,2.34825825691223,-0.334006488323212,0.79646711308934,-1.74333540355739,2.28444873345345
149534,0.0166686,61.7310120034963,-5.7657732963562,-25.819314956665,-5.40493583679199,16.3621063232422,-0.102458842098713,2.44621968269348,-0.378867328166962,0.368749624755614,1.07914495046897,1.13309474568367
149538,0.0166669,61.7476789038628,-1.7905535697937,-25.6685581207275,-0.997281849384308,16.0883636474609,-0.0603445842862129,1.79070198535919,-0.334006488323212,0.590755733141498,-0.589493014460637,2.0398186862118
149540,0.0166699,61.7643488030881,-1.7905535697937,-25.6685581207275,-0.997281849384308,16.0883636474609,-0.0603445842862129,1.79070198535919,-0.334006488323212,0.590755733141498,-0.589493014460637,2.0398186862118
149544,0.0166655,61.7810143027455,-9.26888561248779,-23.29612159729,-8.59066581726074,15.7670125961304,0.261921048164368,2.36748433113098,-0.269919574260712,0.994331106343177,0.237695029339039,1.44623917646752
149548,0.0166682,61.7976825032383,-9.26888561248779,-23.29612159729,-8.59066581726074,15.7670125961304,0.261921048164368,2.36748433113098,-0.269919574260712,0.994331106343177,0.237695029339039,1.44623917646752
149552,0.0166642,61.8143467027694,-7.16622495651245,-23.121561050415,-6.58321952819824,14.8981771469116,-0.0301321838051081,2.19078755378723,-0.378867328166962,1.18162400500414,0.132955457045707,1.0983137904443
149554,0.0166673,61.8310140036047,0.486668169498444,-21.6854038238525,1.13315033912659,16.9095916748047,0.338825345039368,1.96099007129669,-0.16005627810955,-0.608581508526744,-2.82458356634534,3.72745570440717
149558,0.0166667,61.8476807028055,0.486668169498444,-21.6854038238525,1.13315033912659,16.9095916748047,0.338825345039368,1.96099007129669,-0.16005627810955,-0.608581508526744,-2.82458356634534,3.72745570440717
149560,0.0166672,61.8643479030579,0.486668169498444,-21.6854038238525,1.13315033912659,16.9095916748047,0.338825345039368,1.96099007129669,-0.16005627810955,-0.608581508526744,-2.82458356634534,3.72745570440717
149566,0.0166679,61.8810158036649,1.1611065864563,-19.48752784729,1.98611664772034,12.8351888656616,0.0769845172762871,1.23406136035919,-0.263510882854462,0.195531936439914,-0.698628276703003,1.88684253102966
149568,0.016667,61.8976828027517,1.1611065864563,-19.48752784729,1.98611664772034,12.8351888656616,0.0769845172762871,1.23406136035919,-0.263510882854462,0.195531936439914,-0.698628276703003,1.88684253102966
149572,0.0166654,61.9143482018262,-6.14266538619995,-19.979471206665,-5.53188896179199,14.4776449203491,-0.167461290955544,1.74492561817169,-0.398093402385712,-0.688095125123273,1.05014584645869,2.78648410254948
149576,0.0166681,61.9310163017362,-6.14266538619995,-19.979471206665,-5.53188896179199,14.4776449203491,-0.167461290955544,1.74492561817169,-0.398093402385712,-0.688095125123273,1.05014584645869,2.78648410254948
149578,0.0166645,61.9476808011532,-4.69063901901245,-19.5113315582275,-3.92910552024841,13.4064779281616,-0.328594088554382,1.67351448535919,-0.463095843791962,-0.302979822702351,1.15912051798112,2.7358917485668
149580,0.0166696,61.9643504004925,-6.84090757369995,-21.3402500152588,-6.15872001647949,16.3383026123047,0.392841458320618,1.70555794239044,-0.16005627810955,-0.522753129834288,0.265139254869603,3.75285611621761
149584,0.0166653,61.9810157008469,-6.84090757369995,-21.3402500152588,-6.15872001647949,16.3383026123047,0.392841458320618,1.70555794239044,-0.16005627810955,-0.522753129834288,0.265139254869603,3.75285611621761
149588,0.0166674,61.9976831004024,-6.84090757369995,-21.3402500152588,-6.15872001647949,16.3383026123047,0.392841458320618,1.70555794239044,-0.16005627810955,-0.522753129834288,0.265139254869603,3.75285611621761
149592,0.0166662,62.0143493004143,5.0887188911438,-21.3402500152588,5.71933174133301,13.5056600570679,0.118183247745037,1.13609993457794,-0.2122413367033,1.26569552592187,-3.3992188413069,0.647144058970779
149594,0.0166704,62.0310197006911,5.0887188911438,-21.3402500152588,5.71933174133301,13.5056600570679,0.118183247745037,1.13609993457794,-0.2122413367033,1.26569552592187,-3.3992188413069,0.647144058970779
149598,0.0166781,62.0476978011429,2.8353009223938,-21.26487159729,3.29135346412659,14.5490560531616,0.207904919981956,1.37871468067169,-0.17287366092205,0.777973924023928,-2.548789997516,0.937219870165892
149600,0.0166672,62.0643650013953,-1.54061460494995,-21.7369785308838,-0.921903431415558,15.6440267562866,-0.608745455741882,1.83006966114044,-0.501547992229462,0.720145768642582,-1.07277803724144,3.6180540206488
149606,0.0166661,62.0810311008245,-1.54061460494995,-21.7369785308838,-0.921903431415558,15.6440267562866,-0.608745455741882,1.83006966114044,-0.501547992229462,0.720145768642582,-1.07277803724144,3.6180540206488
149608,0.0166672,62.0976983010769,3.6604962348938,-26.5850009918213,4.06497383117676,16.0883636474609,0.369037747383118,1.39794075489044,-0.14723889529705,0.766535038315969,-3.64285182986412,2.17790122601845
149612,0.0166671,62.1143654007465,-3.4885516166687,-25.3987827301025,-3.47683501243591,18.8456268310547,-0.435710787773132,2.43340229988098,-0.443869769573212,-0.426329732926541,0.0596923443419357,3.52441115116256
149616,0.0169456,62.1313110012561,-4.1153826713562,-25.9899082183838,-4.07986259460449,17.4055023193359,-0.197673693299294,2.08550190925598,-0.398093402385712,2.12281414293426,-0.229144832498399,-0.123378956429493
149620,0.0185222,62.1498332004994,3.53751039505005,-27.5252475738525,3.76742768287659,17.8300018310547,0.141986951231956,2.06627583503723,-0.1792823523283,0.0872175192881161,-3.50886737349421,3.6343118821054
149622,0.016668,62.1665011998266,3.53751039505005,-27.5252475738525,3.76742768287659,17.8300018310547,0.141986951231956,2.06627583503723,-0.1792823523283,0.0872175192881161,-3.50886737349421,3.6343118821054
149626,0.0166673,62.1831685006619,-1.21529722213745,-27.945779800415,-1.54873442649841,17.8300018310547,-0.495220065116882,2.39403462409973,-0.495139300823212,1.1855743284164,0.229316041092872,2.30341473928504
149628,0.0166664,62.1998348999769,-1.21529722213745,-27.945779800415,-1.54873442649841,17.8300018310547,-0.495220065116882,2.39403462409973,-0.495139300823212,1.1855743284164,0.229316041092872,2.30341473928504
149632,0.0166679,62.2165028005838,2.9622540473938,-30.1476230621338,2.96206879615784,17.0325775146484,0.291217923164368,2.01409077644348,-0.2122413367033,0.306243346732097,-3.30450087640766,1.8291213358217
149634,0.016666,62.2331688012928,-2.21505308151245,-27.818826675415,-2.79842925071716,18.1513519287109,-0.435710787773132,2.61009907722473,-0.430136859416962,-0.171117160951835,-0.85539388837291,1.81270859306554
149640,0.0166673,62.249836102128,-2.21505308151245,-27.818826675415,-2.79842925071716,18.1513519287109,-0.435710787773132,2.61009907722473,-0.430136859416962,-0.171117160951835,-0.85539388837291,1.81270859306554
149642,0.0166665,62.2665026020259,2.1608624458313,-30.2428379058838,1.88693451881409,16.2629241943359,-0.0960501506924629,2.03331685066223,-0.346823871135712,0.490101373046847,-2.71767510277876,2.02050982240741
149646,0.0166671,62.2831697016954,0.0859723687171936,-30.3935947418213,-0.620389759540558,17.2309417724609,-0.161968126893044,2.36107563972473,-0.372458636760712,0.501998560593045,-1.16156594756441,1.43478578865838
149648,0.016667,62.2998367007822,0.0859723687171936,-30.3935947418213,-0.620389759540558,17.2309417724609,-0.161968126893044,2.36107563972473,-0.372458636760712,0.501998560593045,-1.16156594756441,1.43478578865838
149652,0.0166671,62.3165038004518,0.562046587467194,-30.0484409332275,0.00644130259752274,16.1161346435547,-0.0301321838051081,2.09923481941223,-0.359641253948212,1.20582660858343,-2.1339350936429,1.66750604208816
149658,0.0166658,62.333169599995,0.637425005435944,-30.0206699371338,0.105623431503773,16.1161346435547,0.0293770935386419,2.14501118659973,-0.327597796916962,1.63534854232724,-2.33816502639139,0.741519419723868
149660,0.0186308,62.3518004007638,0.637425005435944,-30.0206699371338,0.105623431503773,16.1161346435547,0.0293770935386419,2.14501118659973,-0.327597796916962,1.63534854232724,-2.33816502639139,0.741519419723868
149662,0.0166679,62.3684683013707,0.0859723687171936,-31.57981300354,-0.418058216571808,16.7350311279297,0.112690083682537,2.19078755378723,-0.385276019573212,1.04005168180914,-1.8627772060601,1.89995182136653
149666,0.01667,62.3851383011788,0.637425005435944,-31.6551914215088,-0.120511822402477,15.2195272445679,0.0824776813387871,1.91521370410919,-0.372458636760712,2.05361856166587,-2.15466803303122,-0.402113010554493
149668,0.0166669,62.4018052015454,0.637425005435944,-31.6551914215088,-0.120511822402477,15.2195272445679,0.0824776813387871,1.91521370410919,-0.372458636760712,2.05361856166587,-2.15466803303122,-0.402113010554493
149672,0.0166678,62.4184730015695,-0.215541303157806,-34.3251762390137,-0.870328724384308,16.4890594482422,0.243610486388206,2.13860249519348,-0.391684710979462,2.10054390051565,-2.26405089895502,0.476925470711455
149676,0.0166663,62.4351393021643,-0.215541303157806,-34.3251762390137,-0.870328724384308,16.4890594482422,0.243610486388206,2.13860249519348,-0.391684710979462,2.10054390051565,-2.26405089895502,0.476925470711455
149680,0.0166672,62.4518065024167,-0.263148725032806,-32.5200614929199,-0.846525013446808,16.5366668701172,0.392841458320618,2.09923481941223,-0.385276019573212,1.75569358008542,-2.06792602487613,1.46537247679325
149682,0.0166669,62.4684734027833,-0.913783490657806,-32.5954399108887,-1.67172026634216,16.1915130615234,0.445942044258118,2.00676655769348,-0.372458636760712,2.11777351532816,-2.08075598178466,-0.619909775259573
149686,0.0166669,62.4851403031498,-0.889979779720306,-32.5954399108887,-1.69949126243591,16.3383026123047,0.445942044258118,1.98113167285919,-0.410910785198212,2.02899618610865,-1.96976519294811,-0.527109938223018
149688,0.0166666,62.5018069036305,-0.889979779720306,-32.5954399108887,-1.69949126243591,16.3383026123047,0.445942044258118,1.98113167285919,-0.410910785198212,2.02899618610865,-1.96976519294811,-0.527109938223018
149694,0.0166668,62.5184737034142,-0.465480268001556,-32.8652153015137,-0.997281849384308,15.7670125961304,0.613483548164368,1.82366096973419,-0.372458636760712,1.73734554724637,-1.46497976767223,0.0256671407106987
149698,0.0166664,62.5351401027292,-0.465480268001556,-32.8652153015137,-0.997281849384308,15.7670125961304,0.613483548164368,1.82366096973419,-0.372458636760712,1.73734554724637,-1.46497976767223,0.0256671407106987
149700,0.0178424,62.5529825035483,-0.465480268001556,-32.8652153015137,-0.997281849384308,15.7670125961304,0.613483548164368,1.82366096973419,-0.372458636760712,1.73734554724637,-1.46497976767223,0.0256671407106987
149702,0.0166678,62.5696503035724,-0.612269818782806,-32.2225151062012,-1.12026762962341,14.5014486312866,0.642780423164368,1.65337288379669,-0.417319476604462,1.5677972274862,-1.48038432531404,0.1385190540648
149706,0.0166679,62.5863182041794,-0.612269818782806,-32.2225151062012,-1.12026762962341,14.5014486312866,0.642780423164368,1.65337288379669,-0.417319476604462,1.5677972274862,-1.48038432531404,0.1385190540648
149708,0.016667,62.6029852032661,-0.937587201595306,-32.5676689147949,-1.57253813743591,15.7432088851929,0.720600247383118,1.84380257129669,-0.430136859416962,1.18740241592009,-1.31909054611922,0.178132015919252
149714,0.0166702,62.6196554023772,-0.937587201595306,-31.1116733551025,-1.44558501243591,15.5210409164429,0.834125638008118,1.69274055957794,-0.410910785198212,1.01386624744993,-1.16809471824252,0.186700527588876
149716,0.0166631,62.6363185029477,-0.937587201595306,-31.1116733551025,-1.44558501243591,15.5210409164429,0.834125638008118,1.69274055957794,-0.410910785198212,1.01386624744993,-1.16809471824252,0.186700527588876
149720,0.0176763,62.6539948023856,-0.687648236751556,-32.0757255554199,-1.04488921165466,15.4694662094116,0.946735501289368,1.73210823535919,-0.404502093791962,0.980909101851177,-1.17789474852665,0.665534448747929
149722,0.0166703,62.6706651020795,-0.687648236751556,-32.0757255554199,-1.04488921165466,15.4694662094116,0.946735501289368,1.73210823535919,-0.404502093791962,0.980909101851177,-1.17789474852665,0.665534448747929
149726,0.0166636,62.6873287018389,-0.814601361751556,-31.9011631011963,-1.02108550071716,14.7474203109741,0.929340481758118,1.58104622364044,-0.385276019573212,0.627853691292021,-1.14376345731725,0.680342068566397
149728,0.0166715,62.7040002010763,-0.640040814876556,-32.1511039733887,-0.945707142353058,15.2472982406616,0.839618802070618,1.73851692676544,-0.430136859416962,0.200375913260643,-1.27282037849536,1.21743182940747
149734,0.0166641,62.7206643018872,-0.640040814876556,-32.1511039733887,-0.945707142353058,15.2472982406616,0.839618802070618,1.73851692676544,-0.430136859416962,0.200375913260643,-1.27282037849536,1.21743182940747
149738,0.0177985,62.7384628020227,-0.965358197689056,-31.532205581665,-1.27102446556091,14.8981771469116,0.875324368476868,1.65337288379669,-0.404502093791962,-0.0246279536166311,-0.951125901864101,1.72968409704132
149740,0.0198755,62.7583383023739,-0.965358197689056,-31.532205581665,-1.27102446556091,14.8981771469116,0.875324368476868,1.65337288379669,-0.404502093791962,-0.0246279536166311,-0.951125901864101,1.72968409704132
149742,0.0166695,62.7750078029931,-0.965358197689056,-31.532205581665,-1.27102446556091,14.8981771469116,0.875324368476868,1.65337288379669,-0.404502093791962,-0.0246279536166311,-0.951125901864101,1.72968409704132
149746,0.0166653,62.7916731033474,-0.838405072689056,-30.9847202301025,-1.17184233665466,14.6006307601929,0.839618802070618,1.64696419239044,-0.410910785198212,-0.155107272285058,-0.780443601894153,1.47079922188341
149750,0.0175706,62.809243703261,-0.838405072689056,-30.9847202301025,-1.17184233665466,14.6006307601929,0.839618802070618,1.64696419239044,-0.410910785198212,-0.155107272285058,-0.780443601894153,1.47079922188341
149754,0.0166638,62.825907504186,-0.862208783626556,-30.960916519165,-1.27102446556091,14.7236166000366,0.834125638008118,1.65978157520294,-0.430136859416962,-0.0832981037291399,-0.559742882233685,1.45941232443233
149756,0.0166971,62.8426046036184,-0.862208783626556,-30.960916519165,-1.27102446556091,14.7236166000366,0.834125638008118,1.65978157520294,-0.430136859416962,-0.0832981037291399,-0.559742882233685,1.45941232443233
149760,0.0166669,62.8592715039849,-0.913783490657806,-31.0600986480713,-1.22341704368591,15.0211629867554,0.846027493476868,1.69274055957794,-0.463095843791962,0.308303052074337,-0.84189726867364,0.447009740671646
149764,0.0166664,62.8759379032999,-0.790797650814056,-30.3182163238525,-1.02108550071716,14.6482381820679,0.875324368476868,1.60118782520294,-0.430136859416962,0.255415060551403,-0.690187481635361,0.664725437736716
149768,0.0166675,62.8926054034382,-0.790797650814056,-30.3182163238525,-1.02108550071716,14.6482381820679,0.875324368476868,1.60118782520294,-0.430136859416962,0.255415060551403,-0.690187481635361,0.664725437736716
149770,0.0166674,62.9092728029937,-0.838405072689056,-30.5403842926025,-0.870328724384308,14.5490560531616,0.834125638008118,1.60118782520294,-0.391684710979462,0.250199834184736,-0.840599489134192,0.85235122968387
149774,0.0166667,62.9259395021945,-1.0129656791687,-29.627908706665,-1.07266020774841,14.5252523422241,0.846027493476868,1.58837044239044,-0.443869769573212,-0.355783174407421,-0.863474751169646,2.37256547032134
149780,0.0192747,62.9452142026275,-0.814601361751556,-29.67551612854,-0.818754017353058,14.9497518539429,0.803913235664368,1.71196663379669,-0.443869769573212,0.0118911312006862,-1.0339349036795,1.15929121449632
149782,0.0215371,62.9667513035238,-0.814601361751556,-29.67551612854,-0.818754017353058,14.9497518539429,0.803913235664368,1.71196663379669,-0.443869769573212,0.0118911312006862,-1.0339349036795,1.15929121449632
149786,0.0166679,62.9834192041308,-0.814601361751556,-29.67551612854,-0.818754017353058,14.9497518539429,0.803913235664368,1.71196663379669,-0.443869769573212,0.0118911312006862,-1.0339349036795,1.15929121449632
149788,0.016667,63.0000862032175,-0.889979779720306,-29.4295444488525,-0.818754017353058,14.7751913070679,0.875324368476868,1.60118782520294,-0.404502093791962,-0.160457449954762,-1.07688396246877,0.844082111658121
149792,0.0166669,63.0167531035841,-0.889979779720306,-29.4295444488525,-0.818754017353058,14.7751913070679,0.875324368476868,1.60118782520294,-0.404502093791962,-0.160457449954762,-1.07688396246877,0.844082111658121
149794,0.0166775,63.0334306042641,-0.889979779720306,-29.4295444488525,-0.818754017353058,14.7751913070679,0.875324368476868,1.60118782520294,-0.404502093791962,-0.160457449954762,-1.07688396246877,0.844082111658121
149800,0.0166695,63.0501001048833,-0.663844525814056,-30.072244644165,-0.747342884540558,15.4694662094116,0.846027493476868,1.71929085254669,-0.398093402385712,0.0297346493824122,-1.0194191466129,1.02922380741985
149802,0.0166645,63.0667646043003,-0.663844525814056,-30.072244644165,-0.747342884540558,15.4694662094116,0.846027493476868,1.71929085254669,-0.398093402385712,0.0297346493824122,-1.0194191466129,1.02922380741985
149806,0.0166671,63.0834317039698,-0.663844525814056,-30.072244644165,-0.747342884540558,15.4694662094116,0.846027493476868,1.71929085254669,-0.398093402385712,0.0297346493824122,-1.0194191466129,1.02922380741985
149808,0.0166676,63.100099304691,-0.612269818782806,-30.34202003479,-0.568815052509308,15.6916341781616,0.827716946601868,1.80443489551544,-0.398093402385712,0.0383403982656631,-0.946734237569602,0.972940662368851
149812,0.0166661,63.1167654041201,0.510471880435944,-31.0124912261963,0.458711802959442,15.5448446273804,0.875324368476868,1.83647835254669,-0.385276019573212,-0.175158891338669,-0.908322844347133,1.40128289666327
149814,0.0166673,63.1334327049553,1.26028871536255,-31.6313877105713,1.08554291725159,15.6678304672241,0.827716946601868,1.79070198535919,-0.2122413367033,-0.371582952804843,-0.382398655099915,0.974631262196415
149820,0.0208179,63.1542506050318,1.58560609817505,-32.0003471374512,1.33548188209534,15.4932699203491,0.846027493476868,1.76506721973419,-0.0318824499845505,-0.270588161484335,-0.587589649909724,1.044141776533
149824,0.0166667,63.1709173042327,1.5102276802063,-31.7305698394775,1.28390717506409,15.3187093734741,0.798420071601868,1.73851692676544,-0.0639259070158005,-0.387862270877779,-0.168545514576609,1.11127016494076
149826,0.0166681,63.1875854041427,1.9624981880188,-32.0241508483887,1.71237397193909,14.9973592758179,0.869831204414368,1.62682259082794,0.1228416711092,0.0478825487471881,-0.175586119002719,0.415955502604492
149828,0.016667,63.2042524032295,1.9624981880188,-32.0241508483887,1.71237397193909,14.9973592758179,0.869831204414368,1.62682259082794,0.1228416711092,0.0478825487471881,-0.175586119002719,0.415955502604492
149834,0.0166665,63.2209189031273,2.6369366645813,-30.6157627105713,2.36300873756409,14.2277059555054,0.684894680976868,1.56182014942169,0.276650249958038,0.0657531605921492,1.07778970063836,1.66855670516553
149836,0.0166675,63.2375864032656,2.9622540473938,-30.6633701324463,2.58914399147034,14.1761312484741,0.756305813789368,1.47026741504669,0.302285015583038,-0.0433152907643802,1.13560156611828,1.5404063664482
149840,0.0166668,63.2542532030493,2.1608624458313,-29.9968662261963,1.81155610084534,14.5768270492554,0.822223782539368,1.52245247364044,0.335243999958038,-0.291530117455446,1.42465406379232,0.919194274852401
149842,0.0166675,63.2709207031876,1.4626202583313,-29.8738803863525,1.38308930397034,14.8743734359741,0.762714505195618,1.64696419239044,0.328835308551788,-0.757739191710557,0.740982547056862,3.02189286383892
149846,0.0166668,63.2875875029713,1.4626202583313,-29.8738803863525,1.38308930397034,14.8743734359741,0.762714505195618,1.64696419239044,0.328835308551788,-0.757739191710557,0.740982547056862,3.02189286383892
149848,0.0166661,63.3042536024004,1.71255922317505,-28.9336338043213,1.78378510475159,14.8505697250366,0.846027493476868,1.50963509082794,0.348061382770538,0.227650690828478,0.758535952376525,-0.292226722910512
149854,0.0166677,63.3209213018417,0.736607134342194,-29.056619644165,0.784029185771942,14.4022665023804,0.702289700508118,1.64696419239044,0.263832867145538,0.193073755785624,1.50538760323883,2.14609909279243
149854,0.0166661,63.3375874012709,0.736607134342194,-29.056619644165,0.784029185771942,14.4022665023804,0.702289700508118,1.64696419239044,0.263832867145538,0.193073755785624,1.50538760323883,2.14609909279243
149860,0.0203123,63.3578997012228,0.712803423404694,-26.9539585113525,0.958589732646942,16.5882415771484,0.941242337226868,1.86943733692169,0.295876324176788,-1.42902528854884,0.867682035408606,2.99089054405765
149864,0.0166694,63.3745691012591,0.712803423404694,-26.9539585113525,0.958589732646942,16.5882415771484,0.941242337226868,1.86943733692169,0.295876324176788,-1.42902528854884,0.867682035408606,2.99089054405765
149866,0.0166655,63.3912346009165,0.712803423404694,-26.9539585113525,0.958589732646942,16.5882415771484,0.941242337226868,1.86943733692169,0.295876324176788,-1.42902528854884,0.867682035408606,2.99089054405765
149870,0.0166683,63.4079029001296,0.109776079654694,-24.62912940979,0.760225474834442,15.0965414047241,0.995258450508118,1.65978157520294,0.309609234333038,-1.38226995235496,0.400298891674169,2.60508143165722
149874,0.0166655,63.4245683997869,0.109776079654694,-24.62912940979,0.760225474834442,15.0965414047241,0.995258450508118,1.65978157520294,0.309609234333038,-1.38226995235496,0.400298891674169,2.60508143165722
149876,0.0166684,63.4412367995828,1.4626202583313,-23.4429111480713,2.13687348365784,14.6482381820679,0.887226223945618,1.62041389942169,0.316017925739288,-0.198932502475403,1.54763844472067,1.5558291775515
149880,0.016666,63.4579028002918,-1.1161150932312,-23.565896987915,-0.545011341571808,16.4136810302734,0.625385403633118,2.07268452644348,0.2125633507967,-0.98220479181881,3.4457602151325,0.75647492657684
149882,0.016667,63.4745697993785,-1.1161150932312,-23.565896987915,-0.545011341571808,16.4136810302734,0.625385403633118,2.07268452644348,0.2125633507967,-0.98220479181881,3.4457602151325,0.75647492657684
149888,0.016667,63.4912367984653,-3.69088315963745,-22.28049659729,-2.94918608665466,15.7194051742554,0.654682278633118,2.21001362800598,0.20615465939045,-0.917835615684535,2.68839072404374,2.04409321558642
149890,0.0166672,63.5079039987177,-3.69088315963745,-22.28049659729,-2.94918608665466,15.7194051742554,0.654682278633118,2.21001362800598,0.20615465939045,-0.917835615684535,2.68839072404374,2.04409321558642
149894,0.0166661,63.5245700981468,-2.2666277885437,-23.5420932769775,-1.44558501243591,16.4374847412109,1.47133266925812,1.96831429004669,0.508278667926788,-1.60075812938764,1.46682423681414,2.18638909509629
149896,0.0166743,63.5412443988025,-2.2666277885437,-23.5420932769775,-1.44558501243591,16.4374847412109,1.47133266925812,1.96831429004669,0.508278667926788,-1.60075812938764,1.46682423681414,2.18638909509629
149902,0.0209026,63.5621469989419,2.03787660598755,-23.7166538238525,3.03744721412659,15.4932699203491,0.976947903633118,2.02049946784973,0.289467632770538,-1.22450574035016,0.703276327129401,0.889506786670015
149904,0.016667,63.5788139980286,2.03787660598755,-23.7166538238525,3.03744721412659,15.4932699203491,0.976947903633118,2.02049946784973,0.289467632770538,-1.22450574035016,0.703276327129401,0.889506786670015
149908,0.0166676,63.5954815987498,3.41055727005005,-23.9864292144775,4.29110908508301,15.6678304672241,0.934833645820618,1.95458137989044,0.341652691364288,-1.23147146275326,-0.18284945852196,0.914367317677032
149910,0.0166669,63.6121484991163,-4.5914568901062,-24.1609897613525,-3.80215239524841,16.5128631591797,1.03096401691437,2.38030171394348,0.424965679645538,-1.83599558858492,2.59772160559355,1.20335452904557
149914,0.0166668,63.6288152989,-4.5914568901062,-24.1609897613525,-3.80215239524841,16.5128631591797,1.03096401691437,2.38030171394348,0.424965679645538,-1.83599558858492,2.59772160559355,1.20335452904557
149918,0.0166672,63.6454824991524,-5.49203062057495,-23.343729019165,-4.73049736022949,15.3940877914429,0.637287259101868,2.34093403816223,0.16770251095295,-1.77105738305972,3.85957602040532,0.856657134210401
149922,0.0166669,63.662149399519,0.585850298404694,-24.7045078277588,1.66079926490784,15.5686483383179,1.40633022785187,1.96831429004669,0.579689800739288,-1.56835836782592,0.0282293778582002,0.0853636382779118
149924,0.0166682,63.6788176000118,0.585850298404694,-24.7045078277588,1.66079926490784,15.5686483383179,1.40633022785187,1.96831429004669,0.579689800739288,-1.56835836782592,0.0282293778582002,0.0853636382779118
149928,0.0166658,63.6954833995551,-2.56417417526245,-24.3077793121338,-1.72329497337341,14.9219808578491,0.559467434883118,2.31529927253723,0.2125633507967,-1.34193037720741,2.54845326108114,-0.273785033269798
149930,0.0166672,63.7121505998075,-2.56417417526245,-24.3077793121338,-1.72329497337341,14.9219808578491,0.559467434883118,2.31529927253723,0.2125633507967,-1.34193037720741,2.54845326108114,-0.273785033269798
149934,0.0166674,63.7288179993629,0.661228716373444,-25.248025894165,1.73617768287659,15.3940877914429,1.04835903644562,2.07268452644348,0.412148296833038,-0.970148901643223,0.917293228122089,0.160735186660677
149938,0.0166666,63.7454845998436,-2.71493101119995,-24.359354019165,-2.02480864524841,14.5768270492554,0.488056302070618,2.51854634284973,0.309609234333038,-1.47758101834577,3.25246075646579,0.369211600242279
149942,0.0197035,63.7651880998164,-2.71493101119995,-24.359354019165,-2.02480864524841,14.5768270492554,0.488056302070618,2.51854634284973,0.309609234333038,-1.47758101834577,3.25246075646579,0.369211600242279
149946,0.0168225,63.7820105999708,-1.69137144088745,-24.8790683746338,-1.22341704368591,14.8981771469116,0.983356595039368,2.17705464363098,0.463417828083038,-1.40764307856814,1.8208151173646,-0.428294407573833
149948,0.0166692,63.7986798007041,-2.04049253463745,-24.5577182769775,-1.19564604759216,14.7236166000366,0.464252591133118,2.43340229988098,0.270241558551788,-1.47578805280326,3.13760448876816,-0.907177582082665
149950,0.0166654,63.8153451997787,-2.04049253463745,-24.5577182769775,-1.19564604759216,14.7236166000366,0.464252591133118,2.43340229988098,0.270241558551788,-1.47578805280326,3.13760448876816,-0.907177582082665
149956,0.0166671,63.8320122994483,-1.41366147994995,-24.9504795074463,-0.719571888446808,15.0489339828491,0.565876126289368,2.36107563972473,0.289467632770538,-0.942724079585016,2.71787088032643,-0.733792625516413
149958,0.0166672,63.8486794997007,0.0343976616859436,-25.1012363433838,0.958589732646942,14.9735555648804,1.03096401691437,1.99394905567169,0.2381981164217,-0.83631198314919,1.32710967082094,-0.775562153289935
149962,0.0166681,63.8653475996107,0.0343976616859436,-25.1012363433838,0.958589732646942,14.9735555648804,1.03096401691437,1.99394905567169,0.2381981164217,-0.83631198314919,1.32710967082094,-0.775562153289935
149964,0.0166738,63.8820213992149,-0.790797650814056,-24.9266757965088,-0.195890247821808,14.5014486312866,1.03645718097687,2.07268452644348,0.489052593708038,-0.906190661665253,1.22530476890175,-0.339034713385313
149968,0.0166673,63.8986887000501,-0.763026654720306,-25.025857925415,0.0818197205662727,15.2711019515991,0.941242337226868,2.19719624519348,0.405739605426788,-1.17386481720002,1.42719254279542,-0.510254093215738
149972,0.016667,63.9153556991369,-0.763026654720306,-25.025857925415,0.0818197205662727,15.2711019515991,0.941242337226868,2.19719624519348,0.405739605426788,-1.17386481720002,1.42719254279542,-0.510254093215738
149976,0.0166669,63.9320225995034,-0.338527143001556,-25.07346534729,0.208772838115692,14.7474203109741,0.834125638008118,2.20360493659973,0.348061382770538,-1.15932010419165,1.58972035578912,-0.612413901870809
149978,0.0166675,63.9486900996417,-0.338527143001556,-25.4463901519775,0.181001842021942,15.3187093734741,0.792011380195618,2.41326069831848,0.354470074176788,-1.0537512685073,1.95059122812022,-0.461695418632284
149984,0.0192586,63.96794869937,-0.640040814876556,-25.20041847229,-0.0927408263087273,14.6006307601929,0.857929348945618,2.22374653816223,0.16770251095295,-1.04689974220097,0.976516797333635,-0.299763529732156
149986,0.017376,63.9853246994317,-0.640040814876556,-25.20041847229,-0.0927408263087273,14.6006307601929,0.857929348945618,2.22374653816223,0.16770251095295,-1.04689974220097,0.976516797333635,-0.299763529732156
149988,0.0166846,64.0020092986524,-0.640040814876556,-25.20041847229,-0.0927408263087273,14.6006307601929,0.857929348945618,2.22374653816223,0.16770251095295,-1.04689974220097,0.976516797333635,-0.299763529732156
149992,0.0166658,64.0186750981957,-0.715419232845306,-24.7045078277588,-0.195890247821808,14.6998128890991,0.983356595039368,2.08550190925598,0.270241558551788,-1.13202921704594,0.604832130314133,-0.41515950103685
149996,0.0166667,64.0353417973965,-2.58797788619995,-31.6313877105713,-2.22317290306091,24.1379852294922,1.01265347003937,4.2150182723999,0.0450218468904495,-1.3331355776996,0.708804968538764,-1.54085262394881
150000,0.0166679,64.0520096980035,-2.58797788619995,-31.6313877105713,-2.22317290306091,24.1379852294922,1.01265347003937,4.2150182723999,0.0450218468904495,-1.3331355776996,0.708804968538764,-1.54085262394881
150002,0.0166654,64.0686750970781,-2.58797788619995,-31.6313877105713,-2.22317290306091,24.1379852294922,1.01265347003937,4.2150182723999,0.0450218468904495,-1.3331355776996,0.708804968538764,-1.54085262394881
150006,0.0166671,64.0853421967477,-3.9170184135437,-37.9869804382324,-3.47683501243591,21.5790863037109,1.09047329425812,3.46153950691223,0.15488512814045,-0.374009778621952,-0.299704990609109,2.56881503393528
150008,0.0166667,64.1020088959485,-3.9170184135437,-37.9869804382324,-3.47683501243591,21.5790863037109,1.09047329425812,3.46153950691223,0.15488512814045,-0.374009778621952,-0.299704990609109,2.56881503393528
150012,0.0166671,64.1186759956181,-2.8379168510437,-32.7422294616699,-2.22317290306091,15.2949056625366,0.774616360664368,2.14501118659973,-0.00624768435955048,-0.395966851966045,-0.859044832237212,0.261843516832438
150016,0.0166672,64.1353431958705,-2.8379168510437,-32.7422294616699,-2.22317290306091,15.2949056625366,0.774616360664368,2.14501118659973,-0.00624768435955048,-0.395966851966045,-0.859044832237212,0.261843516832438
150020,0.0166671,64.1520102955401,-2.8379168510437,-32.7422294616699,-2.22317290306091,15.2949056625366,0.774616360664368,2.14501118659973,-0.00624768435955048,-0.395966851966045,-0.859044832237212,0.261843516832438
150022,0.0166661,64.1686763949692,-0.612269818782806,-27.818826675415,0.105623431503773,15.9653768539429,0.422138333320618,1.90239632129669,-0.20583264529705,0.312790567631547,-0.702695380809413,0.316307307150845
150028,0.0191481,64.1878244951367,-0.612269818782806,-27.818826675415,0.105623431503773,15.9653768539429,0.422138333320618,1.90239632129669,-0.20583264529705,0.312790567631547,-0.702695380809413,0.316307307150845
150030,0.0180888,64.2059132959694,0.811985552310944,-25.7201328277588,1.88693451881409,16.8104095458984,0.219806775450706,2.02049946784973,-0.24428479373455,0.754412827898776,-0.623065497409446,0.492463694440036
150034,0.0166693,64.2225825954229,0.811985552310944,-25.7201328277588,1.88693451881409,16.8104095458984,0.219806775450706,2.02049946784973,-0.24428479373455,0.754412827898776,-0.623065497409446,0.492463694440036
150036,0.0166666,64.2392491959035,0.811985552310944,-25.7201328277588,1.88693451881409,16.8104095458984,0.219806775450706,2.02049946784973,-0.24428479373455,0.754412827898776,-0.623065497409446,0.492463694440036
150040,0.0166723,64.2559214960784,0.0859723687171936,-21.61399269104,1.45846772193909,18.4250946044922,0.0467721149325371,2.11205220222473,-0.1536475867033,-1.71088674049319,-1.21676919880232,1.73182004017887
150042,0.0166615,64.2725829966366,0.0859723687171936,-21.61399269104,1.45846772193909,18.4250946044922,0.0467721149325371,2.11205220222473,-0.1536475867033,-1.71088674049319,-1.21676919880232,1.73182004017887
150046,0.0166664,64.2892493959516,0.685032427310944,-19.979471206665,2.06149506568909,18.7464447021484,0.0467721149325371,2.05986714363098,-0.0575172156095505,-1.32608041484745,-1.04147867088973,2.57637658813881
150050,0.016671,64.3059203960001,0.934971392154694,-22.1575107574463,2.28763031959534,19.6152801513672,-0.274577975273132,2.32170796394348,0.000161007046699524,-0.0125690156294793,-1.17098880887008,-0.0765556007781339
150054,0.0166631,64.3225834965706,0.934971392154694,-22.1575107574463,2.28763031959534,19.6152801513672,-0.274577975273132,2.32170796394348,0.000161007046699524,-0.0125690156294793,-1.17098880887008,-0.0765556007781339
150056,0.0166667,64.3392501957715,0.962742388248444,-20.37619972229,2.63675141334534,18.7742156982422,-0.173869982361794,2.02049946784973,0.328835308551788,-3.7874616304054,-1.13133488305998,4.04534647814189
150060,0.0166933,64.3559434954077,0.712803423404694,-17.2103061676025,2.53756928443909,19.7144622802734,0.476154446601868,1.64055550098419,0.412148296833038,-3.40123855622718,-1.55290973931336,3.62049322704697
150062,0.0166418,64.3725852947682,0.712803423404694,-17.2103061676025,2.53756928443909,19.7144622802734,0.476154446601868,1.64055550098419,0.412148296833038,-3.40123855622718,-1.55290973931336,3.62049322704697
150066,0.0166678,64.3892530947924,1.6371808052063,-15.8019199371338,3.23977875709534,19.2701263427734,0.0888863727450371,1.86302864551544,0.380104839801788,-0.1100944718931,-0.525679715975435,1.03217160338558
150070,0.016666,64.4059190955013,1.6371808052063,-15.8019199371338,3.23977875709534,19.2701263427734,0.0888863727450371,1.86302864551544,0.380104839801788,-0.1100944718931,-0.525679715975435,1.03217160338558
150074,0.01667,64.4225890953094,-0.862208783626556,-17.67844581604,1.75998139381409,23.9396209716797,-0.400005221366882,2.40685200691223,0.270241558551788,-1.04533100699297,0.664919302762287,1.19955981279126
150076,0.0166643,64.4392533954233,-0.862208783626556,-17.67844581604,1.75998139381409,23.9396209716797,-0.400005221366882,2.40685200691223,0.270241558551788,-1.04533100699297,0.664919302762287,1.19955981279126
150080,0.016672,64.4559253957123,-0.862208783626556,-17.67844581604,1.75998139381409,23.9396209716797,-0.400005221366882,2.40685200691223,0.270241558551788,-1.04533100699297,0.664919302762287,1.19955981279126
150082,0.0166626,64.4725879952312,2.58536195755005,-15.10764503479,4.06497383117676,18.4488983154297,0.380939602851868,1.78429329395294,0.495461285114288,-1.86176034286601,-1.77856576766679,4.17841892738362
150086,0.0166674,64.4892553947866,1.56180238723755,-14.1673984527588,3.61667084693909,22.6978607177734,0.642780423164368,2.02690815925598,0.463417828083038,-0.204565397058651,-1.34369215328553,1.96216241571189
150090,0.0166681,64.5059234946966,1.56180238723755,-14.1673984527588,3.61667084693909,22.6978607177734,0.642780423164368,2.02690815925598,0.463417828083038,-0.204565397058651,-1.34369215328553,1.96216241571189
150094,0.0166663,64.5225897952914,1.1611065864563,-11.6680088043213,4.16812324523926,21.6028900146484,0.601581692695618,1.58837044239044,0.418556988239288,-2.03553577262217,-0.00218194301505298,3.30943966459899
150096,0.0166661,64.5392558947206,1.1611065864563,-11.6680088043213,4.16812324523926,21.6028900146484,0.601581692695618,1.58837044239044,0.418556988239288,-2.03553577262217,-0.00218194301505298,3.30943966459899
150100,0.0166694,64.5559252947569,0.986546099185944,-11.4974155426025,3.66427826881409,20.7578582763672,0.618976712226868,1.77788460254669,0.476235210895538,-2.11804371502175,-0.0777099178684434,3.28925462732568
150102,0.0166692,64.5725944954902,-0.163966596126556,-10.680154800415,3.46591401100159,21.6544647216797,-0.107952006161213,2.41966938972473,0.276650249958038,-1.65061511568669,0.700531222139867,2.96262494792356
150108,0.0166678,64.5892622955143,0.236729204654694,-10.7317295074463,3.73965668678284,22.4241180419922,0.0705758258700371,2.09923481941223,0.360878765583038,-1.91933659066513,0.651535476519207,2.98296226890543
150110,0.0166627,64.6059249956161,0.236729204654694,-10.7317295074463,3.73965668678284,22.4241180419922,0.0705758258700371,2.09923481941223,0.360878765583038,-1.91933659066513,0.651535476519207,2.98296226890543
150114,0.0166673,64.6225922964513,-0.588466107845306,-9.39475440979004,3.43814301490784,23.7650604248047,-0.0127371642738581,2.60369038581848,0.360878765583038,-3.32714209457883,1.07420821421099,3.32708088893562
150118,0.0166659,64.6392581965774,-0.588466107845306,-9.39475440979004,3.43814301490784,23.7650604248047,-0.0127371642738581,2.60369038581848,0.360878765583038,-3.32714209457883,1.07420821421099,3.32708088893562
150120,0.0166684,64.6559265963733,0.462864458560944,-8.01017189025879,4.24350166320801,22.1265716552734,-0.0429495647549629,2.20360493659973,0.373696148395538,-3.19852803536034,1.52464063185575,3.64001373957237
150124,0.0166658,64.6725923959166,0.462864458560944,-8.01017189025879,4.24350166320801,22.1265716552734,-0.0429495647549629,2.20360493659973,0.373696148395538,-3.19852803536034,1.52464063185575,3.64001373957237
150128,0.016671,64.6892633959651,0.859592974185944,-8.62906837463379,4.49344062805176,21.2815399169922,0.118183247745037,2.02049946784973,0.367287456989288,-0.571587882161258,1.9779786459316,2.49832202709381
150130,0.0166623,64.7059256955981,0.185154497623444,-8.13315773010254,3.91421723365784,23.3167572021484,-0.0127371642738581,2.41966938972473,0.295876324176788,-2.65667581459923,1.9950174027966,2.84109673144332
150134,0.0166686,64.722594294697,0.185154497623444,-8.13315773010254,3.91421723365784,23.3167572021484,-0.0127371642738581,2.41966938972473,0.295876324176788,-2.65667581459923,1.9950174027966,2.84109673144332
150138,0.0178982,64.7404924947768,0.335911333560944,-7.58963966369629,3.96579194068909,22.8684539794922,-0.0301321838051081,2.29515767097473,0.335243999958038,-2.56887755300756,2.03147881541166,2.36375284318346
150142,0.016668,64.757160494104,0.312107622623444,-7.73642921447754,3.94198822975159,20.5356903076172,0.357135891914368,1.43730843067169,0.405739605426788,-0.72790441145242,1.62401041437971,2.43520973543849
150144,0.0172851,64.7744455933571,0.312107622623444,-7.73642921447754,3.94198822975159,20.5356903076172,0.357135891914368,1.43730843067169,0.405739605426788,-0.72790441145242,1.62401041437971,2.43520973543849
150148,0.0166682,64.7911137938499,0.486668169498444,-7.43888282775879,4.14035224914551,22.5986785888672,0.583271145820618,0.959403157234192,0.463417828083038,-1.16471055808816,1.71883923609067,2.84504670936827
150152,0.016988,64.8081017937511,0.510471880435944,-7.33970069885254,4.01736640930176,21.4045257568359,0.189594373106956,2.03972554206848,0.348061382770538,-1.89537646889959,2.01446433198688,1.96754803485406
150156,0.0166675,64.8247692938894,0.510471880435944,-7.33970069885254,4.01736640930176,21.4045257568359,0.189594373106956,2.03972554206848,0.348061382770538,-1.89537646889959,2.01446433198688,1.96754803485406
150158,0.0171568,64.8419260941446,0.284336626529694,-8.43070411682129,3.86660981178284,22.0988006591797,0.177692517638206,2.67510151863098,0.322426617145538,-1.87961529183095,2.59043534453721,1.70830387674359
150162,0.0166677,64.8585937935859,0.284336626529694,-8.43070411682129,3.86660981178284,22.0988006591797,0.177692517638206,2.67510151863098,0.322426617145538,-1.87961529183095,2.59043534453721,1.70830387674359
150164,0.020203,64.8787967935205,-0.239345014095306,-1.20627784729004,2.28763031959534,13.0375204086304,0.130085095763206,1.15532600879669,0.348061382770538,-0.875858371028067,2.07862623172028,2.25009290590581
150168,0.0166687,64.8954654932022,-0.215541303157806,-0.492166519165039,2.28763031959534,12.1924886703491,-0.0246390197426081,1.25420296192169,0.316017925739288,-0.438609394377768,1.98620303344752,1.81056160238962
150172,0.016667,64.9121324922889,-0.215541303157806,-0.492166519165039,2.28763031959534,12.1924886703491,-0.0246390197426081,1.25420296192169,0.316017925739288,-0.438609394377768,1.98620303344752,1.81056160238962
150176,0.0166664,64.9287988916039,0.411289751529694,0.698019027709961,2.66452240943909,13.0613241195679,0.0705758258700371,1.29997932910919,0.373696148395538,0.388589369434751,1.63435473577654,1.82782978518175
150178,0.0166694,64.9454682916403,0.411289751529694,0.698019027709961,2.66452240943909,13.0613241195679,0.0705758258700371,1.29997932910919,0.373696148395538,0.388589369434751,1.63435473577654,1.82782978518175
150182,0.0166668,64.962135091424,0.359715044498444,-3.26133155822754,3.11282563209534,17.3301239013672,0.0824776813387871,1.62682259082794,0.424965679645538,1.14477930931573,2.23250074941743,1.10143176910095
150184,0.016664,64.978799091652,0.359715044498444,-3.26133155822754,3.11282563209534,17.3301239013672,0.0824776813387871,1.62682259082794,0.424965679645538,1.14477930931573,2.23250074941743,1.10143176910095
150188,0.0166683,64.9954673908651,0.359715044498444,-3.26133155822754,3.11282563209534,17.3301239013672,0.0824776813387871,1.62682259082794,0.424965679645538,1.14477930931573,2.23250074941743,1.10143176910095
150192,0.0166664,65.0121337901801,0.284336626529694,-9.79148292541504,3.71585297584534,22.4717254638672,0.261921048164368,2.15782856941223,0.360878765583038,0.852871820657178,1.92224343601984,2.40939452692141
150194,0.0166679,65.0288016907871,0.0859723687171936,-11.07688331604,3.58889985084534,23.3167572021484,0.261921048164368,2.38030171394348,0.405739605426788,0.69971963008204,1.82286139438439,2.73240049510387
150196,0.0166668,65.0454684905708,0.0859723687171936,-11.07688331604,3.58889985084534,23.3167572021484,0.261921048164368,2.38030171394348,0.405739605426788,0.69971963008204,1.82286139438439,2.73240049510387
150202,0.0166664,65.0621348898858,-0.489283978939056,-13.42551612854,3.11282563209534,24.5585174560547,0.267414212226868,2.56432271003723,0.386513531208038,0.520228174451881,1.57903872710834,2.96734241880456
150204,0.0166673,65.078802190721,-0.489283978939056,-13.42551612854,3.11282563209534,24.5585174560547,0.267414212226868,2.56432271003723,0.386513531208038,0.520228174451881,1.57903872710834,2.96734241880456
150208,0.0166672,65.0954693909734,-0.489283978939056,-13.42551612854,3.11282563209534,24.5585174560547,0.267414212226868,2.56432271003723,0.386513531208038,0.520228174451881,1.57903872710834,2.96734241880456
150210,0.0166663,65.1121356915683,-0.263148725032806,-13.1041660308838,3.46591401100159,24.3085784912109,0.243610486388206,2.51854634284973,0.373696148395538,1.1257656031629,1.76106373718826,2.3920236969202
150214,0.0166695,65.1288051921874,-0.263148725032806,-13.1041660308838,3.46591401100159,24.3085784912109,0.243610486388206,2.51854634284973,0.373696148395538,1.1257656031629,1.76106373718826,2.3920236969202
150218,0.0166648,65.1454699914902,-0.314723432064056,-13.0565586090088,3.39053559303284,24.3839569091797,0.231708630919456,2.53777241706848,0.386513531208038,1.00545105214981,1.75814785932596,2.37031080311827
150222,0.0206755,65.1661454923451,-0.239345014095306,-12.98118019104,3.43814301490784,24.1379852294922,0.214313611388206,2.30889058113098,0.418556988239288,1.51474839011488,1.80206525586854,2.06281868287048
150224,0.0166689,65.1828143931925,-0.239345014095306,-12.98118019104,3.43814301490784,24.1379852294922,0.214313611388206,2.30889058113098,0.418556988239288,1.51474839011488,1.80206525586854,2.06281868287048
150228,0.0166661,65.1994804926217,-0.290919721126556,-11.74338722229,3.29135346412659,22.9676361083984,0.160297498106956,2.02690815925598,0.418556988239288,1.39369510894387,1.84026676143426,2.54419553220341
150232,0.0166716,65.2161520924419,-0.290919721126556,-11.74338722229,3.29135346412659,22.9676361083984,0.160297498106956,2.02690815925598,0.418556988239288,1.39369510894387,1.84026676143426,2.54419553220341
150236,0.0166629,65.2328149918467,-0.0885881781578064,-11.5450229644775,3.43814301490784,23.0668182373047,0.148395642638206,2.03972554206848,0.386513531208038,0.933222183940132,1.76597603491349,2.86724112515606
150238,0.0166669,65.2494818922132,0.0105939507484436,-10.85471534729,3.43814301490784,22.3725433349609,0.130085095763206,1.93535530567169,0.418556988239288,1.21579280092826,1.88404617307892,2.98728983842626
150242,0.0166677,65.2661495916545,0.0105939507484436,-10.85471534729,3.43814301490784,22.3725433349609,0.130085095763206,1.93535530567169,0.418556988239288,1.21579280092826,1.88404617307892,2.98728983842626
150244,0.0166663,65.2828158922493,0.109776079654694,-10.8269443511963,3.58889985084534,22.7692718505859,0.148395642638206,2.05345845222473,0.405739605426788,0.983116958216224,1.92189976258194,3.08815670094804
150248,0.0166671,65.2994829919189,0.109776079654694,-11.0530796051025,3.61667084693909,23.2929534912109,0.124591939151287,2.13127827644348,0.405739605426788,0.723760448632757,2.00676160733807,3.1135318337044
150252,0.0166683,65.316151291132,0.109776079654694,-11.0530796051025,3.61667084693909,23.2929534912109,0.124591939151287,2.13127827644348,0.405739605426788,0.723760448632757,2.00676160733807,3.1135318337044
150256,0.0166654,65.3328166902065,0.0343976616859436,-10.8785190582275,3.56509613990784,22.7970428466797,0.141986951231956,2.03331685066223,0.399330914020538,0.704244441504532,2.05859231198718,3.11629133868282
150258,0.0166667,65.3494833894074,0.0343976616859436,-10.8785190582275,3.56509613990784,22.7970428466797,0.141986951231956,2.03331685066223,0.399330914020538,0.704244441504532,2.05859231198718,3.11629133868282
150262,0.0166668,65.3661501891911,-0.0885881781578064,-11.07688331604,3.39053559303284,22.8208465576172,0.165790662169456,2.00035786628723,0.450600445270538,0.664717829902685,1.84109705283137,2.98719882544341
150264,0.0166668,65.3828169889748,0.335911333560944,-11.0530796051025,3.83883881568909,22.9200286865234,0.130085095763206,2.02049946784973,0.412148296833038,0.633233134597568,1.998587807916,2.98912315269172
150268,0.0166672,65.3994841892272,0.335911333560944,-11.0530796051025,3.83883881568909,22.9200286865234,0.130085095763206,2.02049946784973,0.412148296833038,0.633233134597568,1.998587807916,2.98912315269172
150272,0.0166704,65.416154589504,-0.0885881781578064,-10.9538974761963,3.36276459693909,23.1183929443359,0.124591939151287,2.02690815925598,0.405739605426788,0.562963036188368,1.95983092614048,2.96484135932044
150276,0.0166651,65.4328196886927,-0.0647844672203064,-11.0530796051025,3.39053559303284,23.1183929443359,0.136493787169456,2.05345845222473,0.405739605426788,0.482234689555664,1.83887988565726,3.04474896248479
150278,0.0166656,65.4494852889329,-0.0647844672203064,-11.0530796051025,3.39053559303284,23.1183929443359,0.136493787169456,2.05345845222473,0.405739605426788,0.482234689555664,1.83887988565726,3.04474896248479
150282,0.0166691,65.4661543890834,0.0105939507484436,-11.0530796051025,3.54129242897034,23.0430145263672,0.148395642638206,2.00676655769348,0.431374371051788,0.842620893292511,1.95929888586052,3.06572363749761
150284,0.0166652,65.4828195888549,0.0105939507484436,-11.0530796051025,3.54129242897034,23.0430145263672,0.148395642638206,2.00676655769348,0.431374371051788,0.842620893292511,1.95929888586052,3.06572363749761
150288,0.0166667,65.4994862880558,0.109776079654694,-10.9538974761963,3.58889985084534,22.6978607177734,0.160297498106956,1.94176399707794,0.437783062458038,0.798251959919128,2.01636020001571,2.97572746368342
150292,0.0166672,65.5161534883082,0.0621686577796936,-10.9777011871338,3.56509613990784,22.9954071044922,0.106281392276287,2.03972554206848,0.418556988239288,0.661947359766697,1.99949066655149,3.14861632500919
150296,0.0166665,65.532819988206,0.0621686577796936,-10.9777011871338,3.56509613990784,22.9954071044922,0.106281392276287,2.03972554206848,0.418556988239288,0.661947359766697,1.99949066655149,3.14861632500919
150298,0.0166667,65.5494866874069,-0.0370134711265564,-10.9538974761963,3.43814301490784,22.8446502685547,0.100788228213787,1.99394905567169,0.431374371051788,1.04381097555838,2.04498440558622,2.97033513024358
150302,0.0166671,65.5661537870765,-0.0885881781578064,-11.0015048980713,3.33896088600159,22.8962249755859,0.100788228213787,1.99394905567169,0.418556988239288,0.827752019633668,1.92171882412996,3.1044979853319
150304,0.0166683,65.5828220862895,-0.0885881781578064,-11.0015048980713,3.33896088600159,22.8962249755859,0.100788228213787,1.99394905567169,0.418556988239288,0.827752019633668,1.92171882412996,3.1044979853319
150308,0.0166679,65.5994899868965,-0.0647844672203064,-10.9777011871338,3.46591401100159,23.1937713623047,0.0888863727450371,2.08550190925598,0.399330914020538,0.990339970426591,1.92579091666363,3.10332239502729
150312,0.0166652,65.616155186668,-0.0647844672203064,-10.9777011871338,3.46591401100159,23.1937713623047,0.0888863727450371,2.08550190925598,0.399330914020538,0.990339970426591,1.92579091666363,3.10332239502729
150316,0.0166695,65.6328246872872,0.161350786685944,-10.8785190582275,3.58889985084534,22.8684539794922,0.118183247745037,2.01409077644348,0.392922222614288,0.801247659879927,1.95959609017116,3.02746122251869
150318,0.0166642,65.6494888868183,0.137547075748444,-10.7555332183838,3.51352143287659,22.6462860107422,0.106281392276287,1.96831429004669,0.450600445270538,0.906611776059926,1.91940934096874,2.99039789471264
150322,0.0166673,65.6661561876535,0.137547075748444,-10.7555332183838,3.51352143287659,22.6462860107422,0.106281392276287,1.96831429004669,0.450600445270538,0.906611776059926,1.91940934096874,2.99039789471264
150326,0.0166687,65.6828248873353,0.0621686577796936,-10.9777011871338,3.46591401100159,22.8446502685547,0.136493787169456,1.98754036426544,0.399330914020538,1.00482290156432,1.915454763779,3.15092026411862
150330,0.0166644,65.6994892880321,-0.0885881781578064,-10.9538974761963,3.43814301490784,23.0430145263672,0.0943795368075371,2.04613423347473,0.399330914020538,0.937368984384374,2.00258307459569,3.10360455307462
150332,0.0166683,65.7161575872451,-0.0885881781578064,-10.9538974761963,3.43814301490784,23.0430145263672,0.0943795368075371,2.04613423347473,0.399330914020538,0.937368984384374,2.00258307459569,3.10360455307462
150336,0.0166658,65.7328233867884,0.0343976616859436,-11.0015048980713,3.43814301490784,22.9438323974609,0.124591939151287,2.02049946784973,0.431374371051788,0.931465612088561,1.95343456081105,3.1213955223203
150340,0.0166672,65.7494905870408,0.0343976616859436,-11.0015048980713,3.43814301490784,22.9438323974609,0.124591939151287,2.02049946784973,0.431374371051788,0.931465612088561,1.95343456081105,3.1213955223203
150342,0.0166681,65.7661586869508,-0.112391889095306,-10.85471534729,3.31515717506409,22.8208465576172,0.112690083682537,2.00676655769348,0.405739605426788,0.995916007943083,1.97495495334659,3.06140627615303
150346,0.0166687,65.7828273866326,0.161350786685944,-10.902322769165,3.46591401100159,22.9438323974609,0.148395642638206,2.02690815925598,0.418556988239288,0.940946007961164,1.78108002637407,3.07793909055162
150350,0.0166639,65.7994912862778,0.161350786685944,-10.902322769165,3.46591401100159,22.9438323974609,0.148395642638206,2.02690815925598,0.418556988239288,0.940946007961164,1.78108002637407,3.07793909055162
150352,0.0166668,65.8161580860615,-0.0647844672203064,-10.9261264801025,3.48971772193909,22.8962249755859,0.100788228213787,2.00676655769348,0.392922222614288,1.01080170610094,1.94356388011397,3.01909668538346
150356,0.0166676,65.8328256867826,-0.0647844672203064,-10.9261264801025,3.48971772193909,22.8962249755859,0.100788228213787,2.00676655769348,0.392922222614288,1.01080170610094,1.94356388011397,3.01909668538346
150360,0.016667,65.8494926858693,0.185154497623444,-10.9777011871338,3.48971772193909,22.8684539794922,0.112690083682537,2.01409077644348,0.392922222614288,1.0042048475516,1.96189486066177,3.1498373845226
150364,0.0242123,65.8737049866468,-0.0132097601890564,-11.0015048980713,3.39053559303284,23.0668182373047,0.118183247745037,2.06627583503723,0.424965679645538,0.891890162512169,1.8453066567029,3.1698964995563
150366,0.0171552,65.8908601868898,-0.0132097601890564,-11.0015048980713,3.39053559303284,23.0668182373047,0.118183247745037,2.06627583503723,0.424965679645538,0.891890162512169,1.8453066567029,3.1698964995563
150370,0.016668,65.907528186217,0.212925493717194,-10.8785190582275,3.43814301490784,22.8684539794922,0.0888863727450371,2.01409077644348,0.418556988239288,1.27865428401212,1.91939032904155,3.04861220431632
150374,0.0166669,65.9241950865835,0.212925493717194,-10.8785190582275,3.43814301490784,22.8684539794922,0.0888863727450371,2.01409077644348,0.418556988239288,1.27865428401212,1.91939032904155,3.04861220431632
150378,0.0166677,65.9408627860248,0.236729204654694,-10.8785190582275,3.48971772193909,22.8446502685547,0.118183247745037,2.00676655769348,0.380104839801788,1.15586155639859,1.92255492602832,3.11515027373702
150380,0.0166663,65.9575290866196,0.0621686577796936,-10.9538974761963,3.39053559303284,22.8962249755859,0.0769845172762871,2.02690815925598,0.418556988239288,1.19402195066076,1.85292266702991,3.13370599460663
150384,0.0166667,65.9741957858205,0.161350786685944,-10.902322769165,3.48971772193909,22.9200286865234,0.118183247745037,2.02690815925598,0.405739605426788,1.18372494655139,1.84897508060603,3.13713051459573
150386,0.0166667,65.9908624850214,0.161350786685944,-10.902322769165,3.48971772193909,22.9200286865234,0.118183247745037,2.02690815925598,0.405739605426788,1.18372494655139,1.84897508060603,3.13713051459573
150390,0.016667,66.0075294841081,0.137547075748444,-10.8785190582275,3.56509613990784,22.8962249755859,0.0943795368075371,2.03331685066223,0.392922222614288,1.15149123676327,1.93744886720551,3.09595755975797
150394,0.016667,66.0241964831948,0.137547075748444,-10.8785190582275,3.56509613990784,22.8962249755859,0.0943795368075371,2.03331685066223,0.392922222614288,1.15149123676327,1.93744886720551,3.09595755975797
150398,0.0166684,66.0408648829907,0.137547075748444,-10.8785190582275,3.56509613990784,22.8962249755859,0.0943795368075371,2.03331685066223,0.392922222614288,1.15149123676327,1.93744886720551,3.09595755975797
150400,0.0166656,66.0575304832309,-0.0132097601890564,-10.9261264801025,3.36276459693909,22.9438323974609,0.0824776813387871,2.02690815925598,0.392922222614288,1.09283152127325,1.81677533257905,3.11618006035779
150404,0.0166669,66.0741973835975,0.0343976616859436,-10.8785190582275,3.43814301490784,22.9438323974609,0.0586739704012871,2.02690815925598,0.399330914020538,1.12270340067389,1.83226386804083,3.0910310946977
150406,0.0166669,66.090864283964,0.0343976616859436,-10.8785190582275,3.43814301490784,22.9438323974609,0.0586739704012871,2.02690815925598,0.399330914020538,1.12270340067389,1.83226386804083,3.0910310946977
150410,0.0166668,66.1075310837477,-0.0132097601890564,-10.85471534729,3.46591401100159,22.8208465576172,0.0824776813387871,2.02049946784973,0.450600445270538,1.18043294215055,1.90591868052966,3.10687785281612
150414,0.0166672,66.1241982840002,-0.0132097601890564,-10.85471534729,3.46591401100159,22.8208465576172,0.0824776813387871,2.02049946784973,0.450600445270538,1.18043294215055,1.90591868052966,3.10687785281612
150418,0.0166678,66.1408660840243,0.284336626529694,-10.9261264801025,3.61667084693909,22.8962249755859,0.130085095763206,2.03972554206848,0.399330914020538,1.13243044616821,1.97242366744593,3.13009945831786
150420,0.0166656,66.1575316842645,-0.0370134711265564,-10.9261264801025,3.39053559303284,22.9200286865234,0.0769845172762871,2.04613423347473,0.399330914020538,1.19675014515528,1.91988700224479,3.15922964684638
150422,0.0166672,66.174198884517,-0.0370134711265564,-10.9261264801025,3.39053559303284,22.9200286865234,0.0769845172762871,2.04613423347473,0.399330914020538,1.19675014515528,1.91988700224479,3.15922964684638
150426,0.0166673,66.1908661853522,0.0343976616859436,-10.902322769165,3.41433930397034,22.9438323974609,0.0824776813387871,2.03972554206848,0.437783062458038,1.22699879503342,1.96525508422229,3.15511832360736
150430,0.0166665,66.20753268525,0.0859723687171936,-10.8785190582275,3.41433930397034,22.8446502685547,0.0888863727450371,2.02690815925598,0.399330914020538,1.11497048053216,1.95416897023515,3.12904135316258
150432,0.0166669,66.2241995856166,0.0859723687171936,-10.8785190582275,3.41433930397034,22.8446502685547,0.0888863727450371,2.02690815925598,0.399330914020538,1.11497048053216,1.95416897023515,3.12904135316258
150438,0.0166676,66.2408671863377,0.212925493717194,-10.9261264801025,3.54129242897034,22.9676361083984,0.106281392276287,2.02690815925598,0.405739605426788,1.13721457718578,1.92285237200546,3.16214762953764
150440,0.016666,66.2575331870466,0.212925493717194,-10.9261264801025,3.54129242897034,22.9676361083984,0.106281392276287,2.02690815925598,0.405739605426788,1.13721457718578,1.92285237200546,3.16214762953764
150442,0.0166666,66.2741997875273,0.212925493717194,-10.9261264801025,3.54129242897034,22.9676361083984,0.106281392276287,2.02690815925598,0.405739605426788,1.13721457718578,1.92285237200546,3.16214762953764
150446,0.0166668,66.290866587311,0.0343976616859436,-10.8785190582275,3.46591401100159,23.0192108154297,0.0769845172762871,2.04613423347473,0.431374371051788,1.2037543896383,1.97557800288915,3.10044562318128
150450,0.0166671,66.3075336869806,0.0343976616859436,-10.8785190582275,3.46591401100159,23.0192108154297,0.0769845172762871,2.04613423347473,0.431374371051788,1.2037543896383,1.97557800288915,3.10044562318128
150454,0.0166667,66.3242003861815,0.0859723687171936,-10.8269443511963,3.51352143287659,22.8208465576172,0.0650826618075371,2.02049946784973,0.399330914020538,1.2378608488182,1.98571503579139,3.13573927814852
150456,0.0166676,66.3408679869026,0.0859723687171936,-10.8269443511963,3.51352143287659,22.8208465576172,0.0650826618075371,2.02049946784973,0.399330914020538,1.2378608488182,1.98571503579139,3.13573927814852
150460,0.0166667,66.3575346861035,0.0859723687171936,-10.8269443511963,3.51352143287659,22.8208465576172,0.0650826618075371,2.02049946784973,0.399330914020538,1.2378608488182,1.98571503579139,3.13573927814852
150462,0.0166672,66.3742018863559,0.137547075748444,-10.9261264801025,3.54129242897034,23.0192108154297,0.0824776813387871,2.03331685066223,0.399330914020538,1.06915550697879,1.92445684457141,3.05200314464568
150466,0.0166667,66.3908685855567,0.137547075748444,-10.9261264801025,3.54129242897034,23.0192108154297,0.0824776813387871,2.03331685066223,0.399330914020538,1.06915550697879,1.92445684457141,3.05200314464568
150470,0.0166665,66.4075350854546,0.0859723687171936,-10.85471534729,3.43814301490784,22.8208465576172,0.0888863727450371,2.00035786628723,0.399330914020538,1.11892312438482,1.89913823902445,3.13912306674998
150474,0.0166671,66.4242021851242,0.0859723687171936,-10.9777011871338,3.58889985084534,23.0430145263672,0.0769845172762871,2.03972554206848,0.399330914020538,1.10367444387537,1.98475408293113,3.28142698352377
150476,0.0166667,66.440868884325,0.0859723687171936,-10.9777011871338,3.58889985084534,23.0430145263672,0.0769845172762871,2.03972554206848,0.399330914020538,1.10367444387537,1.98475408293113,3.28142698352377
150480,0.0166671,66.4575359839946,0.109776079654694,-10.9261264801025,3.54129242897034,22.8684539794922,0.0705758258700371,2.01409077644348,0.437783062458038,1.32473901578827,2.00532846466468,3.10593987782617
150482,0.0166673,66.4742032848299,0.109776079654694,-10.9261264801025,3.54129242897034,22.8684539794922,0.0705758258700371,2.01409077644348,0.437783062458038,1.32473901578827,2.00532846466468,3.10593987782617
150486,0.0166667,66.4908699840307,0.0343976616859436,-10.8785190582275,3.48971772193909,22.8962249755859,0.0650826618075371,2.00035786628723,0.412148296833038,1.31652775107508,2.00519373736435,3.09071567851779
150490,0.0166671,66.5075370837003,0.0343976616859436,-10.9261264801025,3.43814301490784,22.8684539794922,0.0824776813387871,2.02690815925598,0.405739605426788,1.33318510139728,1.96925575772588,3.12632719689964
150494,0.016667,66.524204082787,0.0343976616859436,-10.9261264801025,3.43814301490784,22.8684539794922,0.0824776813387871,2.02690815925598,0.405739605426788,1.33318510139728,1.96925575772588,3.12632719689964
150496,0.0166664,66.540870482102,0.0621686577796936,-10.8269443511963,3.51352143287659,22.8962249755859,0.0650826618075371,2.03331685066223,0.418556988239288,1.34397655013665,1.97950167122887,3.12421868697952
150500,0.0166677,66.5575381815434,0.0621686577796936,-11.0015048980713,3.48971772193909,22.9676361083984,0.112690083682537,2.03331685066223,0.405739605426788,1.19507361982036,1.88404493757868,3.15396686562193
150502,0.0166663,66.5742044821382,0.0621686577796936,-11.0015048980713,3.48971772193909,22.9676361083984,0.112690083682537,2.03331685066223,0.405739605426788,1.19507361982036,1.88404493757868,3.15396686562193
150506,0.016667,66.5908714812249,0.0343976616859436,-10.9777011871338,3.54129242897034,23.0192108154297,0.0888863727450371,2.05345845222473,0.412148296833038,1.23334507132472,1.97156402718654,3.22500930509644
150510,0.0166673,66.6075387820601,0.0343976616859436,-10.9777011871338,3.54129242897034,23.0192108154297,0.0888863727450371,2.05345845222473,0.412148296833038,1.23334507132472,1.97156402718654,3.22500930509644
150514,0.0166664,66.6242051813751,0.0859723687171936,-10.902322769165,3.48971772193909,22.8684539794922,0.0888863727450371,2.04613423347473,0.386513531208038,1.27254189581903,1.99633521719913,3.18752684901237
150516,0.0166669,66.6408720817417,0.0859723687171936,-10.8031406402588,3.51352143287659,22.8446502685547,0.0769845172762871,2.02690815925598,0.392922222614288,1.32085140764156,2.05435935745548,3.12163910563731
150520,0.0166675,66.65753958188,0.0859723687171936,-10.8031406402588,3.51352143287659,22.8446502685547,0.0769845172762871,2.02690815925598,0.392922222614288,1.32085140764156,2.05435935745548,3.12163910563731
150522,0.0166675,66.6742070820183,0.0343976616859436,-10.8785190582275,3.56509613990784,22.8684539794922,0.0824776813387871,2.00035786628723,0.392922222614288,1.29439191686203,1.96649551921605,3.04806922460292
150526,0.0166665,66.6908735819161,0.0621686577796936,-10.8785190582275,3.43814301490784,22.8962249755859,0.0705758258700371,2.02690815925598,0.424965679645538,1.26073088815251,1.93997211031644,3.09266660197805
150530,0.0166665,66.7075400818139,0.0621686577796936,-10.8785190582275,3.43814301490784,22.8962249755859,0.0705758258700371,2.02690815925598,0.424965679645538,1.26073088815251,1.93997211031644,3.09266660197805
150534,0.0166671,66.7242071814835,0.0105939507484436,-10.8785190582275,3.46591401100159,22.9200286865234,0.0888863727450371,2.03331685066223,0.399330914020538,1.28151709914929,2.00597554218085,3.10203323483671
150536,0.0166678,66.7408749815077,0.0105939507484436,-10.8785190582275,3.46591401100159,22.9200286865234,0.0888863727450371,2.03331685066223,0.399330914020538,1.28151709914929,2.00597554218085,3.10203323483671
150540,0.0166659,66.7575408816338,0.161350786685944,-10.8031406402588,3.54129242897034,22.8446502685547,0.0888863727450371,1.98754036426544,0.431374371051788,1.31447206161084,2.03445392191409,3.12559581801847
150542,0.0166674,66.7742082811892,0.137547075748444,-10.9777011871338,3.54129242897034,22.9954071044922,0.0705758258700371,2.03972554206848,0.412148296833038,1.2058539875779,1.96141664136458,3.20962228308964
150546,0.0166728,66.7908810805529,0.137547075748444,-10.9777011871338,3.54129242897034,22.9954071044922,0.0705758258700371,2.03972554206848,0.412148296833038,1.2058539875779,1.96141664136458,3.20962228308964
150550,0.0166615,66.8075425811112,0.109776079654694,-10.902322769165,3.51352143287659,22.9200286865234,0.0650826618075371,2.05345845222473,0.412148296833038,1.30873539711077,2.00428743066743,3.18440760304601
150552,0.0166671,66.8242096807808,0.109776079654694,-10.902322769165,3.51352143287659,22.9200286865234,0.0650826618075371,2.05345845222473,0.412148296833038,1.30873539711077,2.00428743066743,3.18440760304601
150558,0.0166669,66.8408765811473,0.109776079654694,-10.902322769165,3.51352143287659,22.9200286865234,0.0650826618075371,2.05345845222473,0.412148296833038,1.30873539711077,2.00428743066743,3.18440760304601
150560,0.0166669,66.8575434815139,0.0621686577796936,-10.8785190582275,3.48971772193909,22.9200286865234,0.0824776813387871,2.02690815925598,0.424965679645538,1.25351097298992,1.87708299161995,3.08520875510022
150564,0.0166672,66.8742106817663,0.0105939507484436,-10.8785190582275,3.43814301490784,22.8446502685547,0.0650826618075371,2.02049946784973,0.418556988239288,1.26787355552786,1.87865298882906,3.09755178115949
150566,0.0166666,66.8908772822469,0.0105939507484436,-10.8785190582275,3.43814301490784,22.8446502685547,0.0650826618075371,2.02049946784973,0.418556988239288,1.26787355552786,1.87865298882906,3.09755178115949
150570,0.0166699,66.9075471814722,0.0621686577796936,-10.8269443511963,3.48971772193909,22.9438323974609,0.0586739704012871,2.02690815925598,0.392922222614288,1.32521673608269,1.9650167216944,3.15654337209632
150572,0.016665,66.9242121819407,0.0621686577796936,-10.8269443511963,3.48971772193909,22.9438323974609,0.0586739704012871,2.02690815925598,0.392922222614288,1.32521673608269,1.9650167216944,3.15654337209632
150576,0.016667,66.9408791810274,0.0343976616859436,-10.8785190582275,3.51352143287659,22.9438323974609,0.0586739704012871,2.04613423347473,0.380104839801788,1.31569937688803,1.96074171162449,3.16677573515777
150580,0.0166665,66.9575456809253,0.0621686577796936,-10.9261264801025,3.41433930397034,22.9676361083984,0.0769845172762871,2.03972554206848,0.405739605426788,1.2121893323771,1.87509051502221,3.22440154810959
150584,0.016669,66.9742146804929,0.109776079654694,-10.902322769165,3.48971772193909,22.8446502685547,0.0769845172762871,2.01409077644348,0.444191753864288,1.31209958197218,1.87210184103034,3.13670379118772
150588,0.0166652,66.9908798802644,0.0105939507484436,-10.8785190582275,3.46591401100159,22.9438323974609,0.0650826618075371,2.03331685066223,0.437783062458038,1.26094918150112,1.92459543606984,3.16192729721193
150590,0.0166672,67.0075470805168,0.0105939507484436,-10.8785190582275,3.46591401100159,22.9438323974609,0.0650826618075371,2.03331685066223,0.437783062458038,1.26094918150112,1.92459543606984,3.16192729721193
150594,0.0166666,67.0242136809975,0.0859723687171936,-10.9261264801025,3.48971772193909,22.9676361083984,0.0769845172762871,2.03972554206848,0.424965679645538,1.31144279442465,1.94714442340353,3.07939784831585
150596,0.0166676,67.0408812817186,0.0859723687171936,-10.85471534729,3.51352143287659,22.8684539794922,0.0769845172762871,2.03331685066223,0.418556988239288,1.1866835175566,1.95647351346718,3.21624240756718
150600,0.0166663,67.0575475823134,0.0859723687171936,-10.85471534729,3.51352143287659,22.8684539794922,0.0769845172762871,2.03331685066223,0.418556988239288,1.1866835175566,1.95647351346718,3.21624240756718
150602,0.0166676,67.0742151830345,0.0859723687171936,-10.85471534729,3.51352143287659,22.8684539794922,0.0769845172762871,2.03331685066223,0.418556988239288,1.1866835175566,1.95647351346718,3.21624240756718
150606,0.0166665,67.0908816829324,-0.0132097601890564,-10.9261264801025,3.48971772193909,22.9438323974609,0.0705758258700371,2.03972554206848,0.444191753864288,1.32395966354636,1.9456682353673,3.14833766908385
150610,0.0166682,67.1075498834252,-0.0132097601890564,-10.9261264801025,3.48971772193909,22.9438323974609,0.0705758258700371,2.03972554206848,0.444191753864288,1.32395966354636,1.9456682353673,3.14833766908385
150614,0.0166655,67.1242153830826,0.0621686577796936,-10.9777011871338,3.54129242897034,23.1183929443359,0.0705758258700371,2.05345845222473,0.412148296833038,1.17397677872428,1.95022477852576,3.24511308326123
150616,0.016667,67.1408823821694,0.0859723687171936,-10.9538974761963,3.51352143287659,22.9954071044922,0.0943795368075371,2.05345845222473,0.405739605426788,1.17482399441528,1.94517930472921,3.24883119695242
150620,0.0166666,67.15754898265,0.0343976616859436,-10.9261264801025,3.51352143287659,22.8962249755859,0.0650826618075371,2.00676655769348,0.392922222614288,1.31074756483316,1.89810219632183,3.19166980209523
150622,0.0166697,67.1742186825722,0.0343976616859436,-10.8785190582275,3.43814301490784,22.9200286865234,0.0705758258700371,2.04613423347473,0.399330914020538,1.32071471680006,1.92759987258976,3.17161384440244
150628,0.016666,67.1908846832812,0.0343976616859436,-10.8785190582275,3.43814301490784,22.9200286865234,0.0705758258700371,2.04613423347473,0.399330914020538,1.32071471680006,1.92759987258976,3.17161384440244
150630,0.0166682,67.207552883774,0.0621686577796936,-10.8031406402588,3.48971772193909,22.8962249755859,0.0650826618075371,2.00676655769348,0.412148296833038,1.33677071492314,1.99198278123668,3.15104104325051
150632,0.0166651,67.2242179829627,0.0343976616859436,-10.902322769165,3.48971772193909,22.9954071044922,0.0531808063387871,2.05986714363098,0.437783062458038,1.24100555021544,1.92895801002179,3.19532073511557
150638,0.016667,67.2408849820495,0.0343976616859436,-10.902322769165,3.46591401100159,23.0192108154297,0.0824776813387871,2.03972554206848,0.405739605426788,1.25604067290238,1.93193421859834,3.14225156511786
150640,0.0166673,67.2575522828847,0.0343976616859436,-10.902322769165,3.46591401100159,22.9438323974609,0.0650826618075371,2.02690815925598,0.437783062458038,1.33150680583327,1.94961837684711,3.09619511192073
150644,0.0166676,67.2742198836058,0.0343976616859436,-10.902322769165,3.46591401100159,22.9438323974609,0.0650826618075371,2.02690815925598,0.437783062458038,1.33150680583327,1.94961837684711,3.09619511192073
150646,0.0166656,67.2908854838461,0.109776079654694,-10.902322769165,3.56509613990784,22.9200286865234,0.0650826618075371,2.02690815925598,0.405739605426788,1.3214983308319,1.9749739609865,3.1348219202646
150650,0.0166668,67.3075522836298,0.0621686577796936,-10.9538974761963,3.51352143287659,22.9676361083984,0.0769845172762871,2.02049946784973,0.392922222614288,1.32451286113255,2.00017608278185,3.13291113225565
150652,0.0166674,67.3242196831852,0.0621686577796936,-10.9538974761963,3.51352143287659,22.9676361083984,0.0769845172762871,2.02049946784973,0.392922222614288,1.32451286113255,2.00017608278185,3.13291113225565
150658,0.016667,67.340886682272,0.0621686577796936,-10.85471534729,3.46591401100159,22.9200286865234,0.0769845172762871,2.03972554206848,0.412148296833038,1.3351824817771,1.89742994601134,3.17266074241654
150660,0.0166681,67.357554782182,0.0621686577796936,-10.85471534729,3.46591401100159,22.9200286865234,0.0769845172762871,2.03972554206848,0.412148296833038,1.3351824817771,1.89742994601134,3.17266074241654
150664,0.0166881,67.374242881313,0.0621686577796936,-10.902322769165,3.48971772193909,22.9438323974609,0.0531808063387871,2.03331685066223,0.424965679645538,1.32586810708988,1.94854695923435,3.19052091008873
150666,0.0166661,67.3909089807421,0.0621686577796936,-10.902322769165,3.48971772193909,22.9438323974609,0.0531808063387871,2.03331685066223,0.424965679645538,1.32586810708988,1.94854695923435,3.19052091008873
150670,0.0166671,67.4075760804117,0.0859723687171936,-10.902322769165,3.46591401100159,22.9438323974609,0.0705758258700371,2.02049946784973,0.405739605426788,1.32224849061643,1.9591397452556,3.18301169076045
150672,0.016667,67.4242430794984,0.0859723687171936,-10.8785190582275,3.48971772193909,22.9200286865234,0.0769845172762871,2.02690815925598,0.424965679645538,1.34379683874301,1.99393047731,3.12906601798615
150678,0.0166679,67.4409109801054,0.0859723687171936,-10.8785190582275,3.48971772193909,22.9200286865234,0.0769845172762871,2.02690815925598,0.424965679645538,1.34379683874301,1.99393047731,3.12906601798615
150680,0.0166753,67.4575862810016,0.109776079654694,-10.9538974761963,3.48971772193909,23.0668182373047,0.0650826618075371,2.05986714363098,0.437783062458038,1.27497696288893,1.95048716360002,3.23545343809913
150684,0.0166638,67.4742500819266,0.0105939507484436,-10.8269443511963,3.46591401100159,22.8684539794922,0.0705758258700371,2.00035786628723,0.418556988239288,1.36133358871564,1.93029191169559,3.10215579253127
150686,0.0166689,67.490918982774,0.0105939507484436,-10.8269443511963,3.46591401100159,22.8684539794922,0.0705758258700371,2.00035786628723,0.418556988239288,1.36133358871564,1.93029191169559,3.10215579253127
150690,0.0166686,67.5075875818729,0.0859723687171936,-10.9777011871338,3.51352143287659,22.9676361083984,0.0705758258700371,2.03972554206848,0.399330914020538,1.28684913690332,1.89521423801172,3.2088070056103
150692,0.0166733,67.5242608822882,0.0859723687171936,-10.9777011871338,3.51352143287659,22.9676361083984,0.0705758258700371,2.03972554206848,0.399330914020538,1.28684913690332,1.89521423801172,3.2088070056103
150698,0.0166653,67.5409261826426,0.0859723687171936,-10.8269443511963,3.51352143287659,22.8962249755859,0.0705758258700371,2.03972554206848,0.450600445270538,1.36577290395895,1.89497398670869,3.13147889377806
150700,0.0166674,67.557593582198,0.0621686577796936,-10.8785190582275,3.46591401100159,22.8962249755859,0.0586739704012871,2.03972554206848,0.373696148395538,1.30871767953247,1.92004158452312,3.14593606773919
150704,0.0166693,67.5742628816515,0.0621686577796936,-10.8785190582275,3.46591401100159,22.8962249755859,0.0586739704012871,2.03972554206848,0.373696148395538,1.30871767953247,1.92004158452312,3.14593606773919
150706,0.0166645,67.5909273810685,0.0343976616859436,-10.9261264801025,3.46591401100159,22.9954071044922,0.0586739704012871,2.02690815925598,0.450600445270538,1.30007791713208,1.9530600900988,3.11250857494464
150710,0.0166669,67.607594281435,0.0343976616859436,-10.9261264801025,3.46591401100159,22.9954071044922,0.0586739704012871,2.02690815925598,0.450600445270538,1.30007791713208,1.9530600900988,3.11250857494464
150712,0.0166673,67.6242615822703,0.0343976616859436,-10.9261264801025,3.46591401100159,22.9954071044922,0.0586739704012871,2.02690815925598,0.450600445270538,1.30007791713208,1.9530600900988,3.11250857494464
150716,0.0166681,67.6409296821803,0.0859723687171936,-10.9777011871338,3.54129242897034,22.9438323974609,0.0650826618075371,2.03331685066223,0.360878765583038,1.23261386968997,1.8790544353878,3.18979815294228
150720,0.0166658,67.6575954817235,0.0859723687171936,-10.9777011871338,3.54129242897034,22.9438323974609,0.0650826618075371,2.03331685066223,0.360878765583038,1.23261386968997,1.8790544353878,3.18979815294228
150724,0.0166948,67.6742902826518,0.0343976616859436,-10.85471534729,3.43814301490784,22.8684539794922,0.0888863727450371,2.02690815925598,0.444191753864288,1.38224851706157,1.92802530778151,3.08157688788532
150726,0.0166657,67.6909559834749,0.0343976616859436,-10.85471534729,3.43814301490784,22.8684539794922,0.0888863727450371,2.02690815925598,0.444191753864288,1.38224851706157,1.92802530778151,3.08157688788532
150730,0.0166679,67.7076238840818,0.0343976616859436,-10.85471534729,3.43814301490784,22.8684539794922,0.0888863727450371,2.02690815925598,0.444191753864288,1.38224851706157,1.92802530778151,3.08157688788532
150732,0.0166661,67.724289983511,0.0621686577796936,-10.902322769165,3.51352143287659,22.9676361083984,0.0824776813387871,2.05345845222473,0.386513531208038,1.26115585966794,1.9239856304226,3.14459232508971
150736,0.0166669,67.7409568838775,0.0621686577796936,-10.902322769165,3.51352143287659,22.9676361083984,0.0824776813387871,2.05345845222473,0.386513531208038,1.26115585966794,1.9239856304226,3.14459232508971
150740,0.0166681,67.7576249837875,0.109776079654694,-10.902322769165,3.51352143287659,22.9438323974609,0.0705758258700371,2.05986714363098,0.392922222614288,1.27656532065548,1.92620837158423,3.1479645903961
150744,0.0166656,67.7742905840278,0.161350786685944,-10.9261264801025,3.48971772193909,22.9954071044922,0.0769845172762871,2.05986714363098,0.392922222614288,1.26742621461335,1.962487970181,3.15987525676341
150746,0.0166673,67.790957884863,0.161350786685944,-10.9261264801025,3.48971772193909,22.9954071044922,0.0769845172762871,2.05986714363098,0.392922222614288,1.26742621461335,1.962487970181,3.15987525676341
150750,0.0166678,67.8076256848872,0.0105939507484436,-10.8785190582275,3.54129242897034,22.9676361083984,0.0650826618075371,2.03972554206848,0.418556988239288,1.35037081506297,1.93409092805717,3.10842212556423
150754,0.0166666,67.8242922853678,0.0621686577796936,-10.85471534729,3.51352143287659,22.9200286865234,0.0650826618075371,2.05345845222473,0.450600445270538,1.34619471177643,1.93925768083342,3.1127015024995
150756,0.0166668,67.8409590851516,0.0343976616859436,-10.902322769165,3.46591401100159,22.9200286865234,0.0705758258700371,2.03331685066223,0.457009136676788,1.34067593243334,1.96121363649176,3.11357839418174
150760,0.0166669,67.8576259855181,0.0621686577796936,-10.902322769165,3.43814301490784,22.8962249755859,0.0705758258700371,2.03972554206848,0.431374371051788,1.30305724110695,1.96770177748755,3.12940134664275
150762,0.0166668,67.8742927853018,0.0621686577796936,-10.902322769165,3.43814301490784,22.8962249755859,0.0705758258700371,2.03972554206848,0.431374371051788,1.30305724110695,1.96770177748755,3.12940134664275
150766,0.0166667,67.8909594845027,0.0621686577796936,-10.8785190582275,3.48971772193909,22.8962249755859,0.0705758258700371,2.04613423347473,0.450600445270538,1.35393891217774,1.97454168265527,3.05361970729196
150770,0.0166691,67.9076285846531,0.0621686577796936,-10.8785190582275,3.43814301490784,22.9200286865234,0.0769845172762871,2.03972554206848,0.399330914020538,1.35373721211064,1.97590740920454,3.0553300648957
150774,0.0166648,67.924293383956,0.0621686577796936,-10.8785190582275,3.43814301490784,22.9200286865234,0.0769845172762871,2.03972554206848,0.399330914020538,1.35373721211064,1.97590740920454,3.0553300648957
150776,0.0166677,67.9409610833973,0.0859723687171936,-10.902322769165,3.51352143287659,22.9438323974609,0.0824776813387871,2.05345845222473,0.444191753864288,1.27333079212773,1.98993541354435,3.12595271388427
150780,0.0166661,67.9576271828264,0.0859723687171936,-10.8785190582275,3.46591401100159,22.9676361083984,0.0769845172762871,2.05345845222473,0.405739605426788,1.26021508647246,1.94969186909233,3.11855231646918
150784,0.0166672,67.9742943830788,0.0859723687171936,-10.8785190582275,3.46591401100159,22.9676361083984,0.0769845172762871,2.05345845222473,0.405739605426788,1.26021508647246,1.94969186909233,3.11855231646918
150786,0.0166672,67.9909615833312,0.0105939507484436,-10.85471534729,3.48971772193909,22.9438323974609,0.0705758258700371,2.05986714363098,0.431374371051788,1.35380673945241,1.95387699685237,3.07093282570394
150790,0.0166667,68.0076282825321,0.0105939507484436,-10.85471534729,3.48971772193909,22.9438323974609,0.0705758258700371,2.05986714363098,0.431374371051788,1.35380673945241,1.95387699685237,3.07093282570394
150792,0.016667,68.0242952816188,0.0105939507484436,-10.85471534729,3.48971772193909,22.9438323974609,0.0705758258700371,2.05986714363098,0.431374371051788,1.35380673945241,1.95387699685237,3.07093282570394
150796,0.0166666,68.0409618820995,0.0105939507484436,-10.9261264801025,3.51352143287659,22.9200286865234,0.0705758258700371,2.03972554206848,0.418556988239288,1.34730328901118,1.93734520153683,3.09100142308156
150800,0.0166668,68.0576286818832,0.0105939507484436,-10.9261264801025,3.51352143287659,22.9200286865234,0.0705758258700371,2.03972554206848,0.418556988239288,1.34730328901118,1.93734520153683,3.09100142308156
150804,0.0166669,68.0742955822498,0.0105939507484436,-10.9261264801025,3.46591401100159,22.9438323974609,0.0705758258700371,2.03972554206848,0.424965679645538,1.34126183698529,1.96256484915075,3.07335779768298
150806,0.0166668,68.0909623820335,0.0621686577796936,-10.8269443511963,3.46591401100159,22.8684539794922,0.0769845172762871,2.05345845222473,0.418556988239288,1.34705238579477,1.94994261420806,3.01060075086004
150810,0.016675,68.1076373811811,0.0621686577796936,-10.8269443511963,3.46591401100159,22.8684539794922,0.0769845172762871,2.05345845222473,0.418556988239288,1.34705238579477,1.94994261420806,3.01060075086004
150812,0.0166673,68.1243046820164,0.0859723687171936,-10.902322769165,3.48971772193909,22.9200286865234,0.0769845172762871,2.05986714363098,0.392922222614288,1.27452268700345,1.91217971199039,3.08642608261725
150818,0.0166668,68.1409714818001,0.0859723687171936,-10.902322769165,3.48971772193909,22.9200286865234,0.0769845172762871,2.05986714363098,0.392922222614288,1.27452268700345,1.91217971199039,3.08642608261725
150820,0.0166686,68.157640080899,0.0859723687171936,-10.902322769165,3.48971772193909,22.9200286865234,0.0769845172762871,2.05986714363098,0.392922222614288,1.27452268700345,1.91217971199039,3.08642608261725
150824,0.0166657,68.1743057817221,0.0859723687171936,-10.902322769165,3.48971772193909,22.9438323974609,0.0705758258700371,2.06627583503723,0.386513531208038,1.33046246270448,1.95938348205644,3.10539473948896
150826,0.0166679,68.1909736823291,0.0859723687171936,-10.902322769165,3.48971772193909,22.9438323974609,0.0705758258700371,2.06627583503723,0.386513531208038,1.33046246270448,1.95938348205644,3.10539473948896
150830,0.0166825,68.2076561823487,0.0859723687171936,-10.85471534729,3.43814301490784,22.9200286865234,0.0769845172762871,2.06627583503723,0.386513531208038,1.33564212324408,1.94123946943093,3.08863642051657
150832,0.0166684,68.2243245821446,0.0859723687171936,-10.8785190582275,3.48971772193909,22.9200286865234,0.0705758258700371,2.03972554206848,0.399330914020538,1.29470740312045,1.94240698707164,3.12087185162105
150838,0.0166684,68.2409929819405,0.0859723687171936,-10.902322769165,3.46591401100159,22.9438323974609,0.0705758258700371,2.05345845222473,0.399330914020538,1.27005476711012,1.93329425144206,3.11887805501809
150840,0.0166635,68.257656481117,0.109776079654694,-10.9261264801025,3.43814301490784,22.9200286865234,0.0705758258700371,2.05345845222473,0.418556988239288,1.30964653062179,1.93060116111317,3.10188729186897
150844,0.0166669,68.2743233814836,0.109776079654694,-10.9261264801025,3.43814301490784,22.9200286865234,0.0705758258700371,2.05345845222473,0.418556988239288,1.30964653062179,1.93060116111317,3.10188729186897
150846,0.0166674,68.290990781039,0.109776079654694,-10.9538974761963,3.48971772193909,22.9438323974609,0.0769845172762871,2.06627583503723,0.386513531208038,1.31939075576223,1.9287553024823,3.09649919263397
150850,0.016668,68.3076587803662,0.0343976616859436,-10.8785190582275,3.48971772193909,22.8962249755859,0.0769845172762871,2.03972554206848,0.412148296833038,1.3528880961434,1.9303876579742,3.07266616801727
150852,0.0166653,68.3243240807205,0.0343976616859436,-10.8785190582275,3.48971772193909,22.8962249755859,0.0769845172762871,2.03972554206848,0.412148296833038,1.3528880961434,1.9303876579742,3.07266616801727
150856,0.0166674,68.340991480276,0.0621686577796936,-10.8785190582275,3.48971772193909,22.9438323974609,0.0705758258700371,2.05986714363098,0.380104839801788,1.26258734866469,1.92762726304009,3.08310944181849
150860,0.0166674,68.3576588798314,0.0621686577796936,-10.8785190582275,3.48971772193909,22.9438323974609,0.0705758258700371,2.05986714363098,0.380104839801788,1.26258734866469,1.92762726304009,3.08310944181849
150864,0.0166663,68.3743251804262,0.0343976616859436,-10.8785190582275,3.51352143287659,22.9200286865234,0.0769845172762871,2.05345845222473,0.380104839801788,1.34545537795138,1.91723585241676,3.07895060369961
150866,0.0203215,68.3946466799825,0.0105939507484436,-10.902322769165,3.43814301490784,22.9438323974609,0.0824776813387871,2.06627583503723,0.412148296833038,1.33218898585083,1.91472498461322,3.07268596282168
150870,0.0166695,68.4113161806017,0.0105939507484436,-10.902322769165,3.43814301490784,22.9438323974609,0.0824776813387871,2.06627583503723,0.412148296833038,1.33218898585083,1.91472498461322,3.07268596282168
150874,0.016667,68.4279831796885,0.0105939507484436,-10.902322769165,3.43814301490784,22.9438323974609,0.0824776813387871,2.06627583503723,0.412148296833038,1.33218898585083,1.91472498461322,3.07268596282168
150878,0.0166671,68.444650279358,0.0859723687171936,-10.8785190582275,3.51352143287659,22.9200286865234,0.0769845172762871,2.03972554206848,0.412148296833038,1.33531713039878,1.94851418147973,3.06404907100739
150880,0.0166664,68.461316678673,0.0859723687171936,-10.8785190582275,3.51352143287659,22.9200286865234,0.0769845172762871,2.03972554206848,0.412148296833038,1.33531713039878,1.94851418147973,3.06404907